7.729544576271226930e+00
-8.612185914634804540e-01
1.841896959087187202e+00
1.828822681813736084e+00
5.850178084057368721e+00
1.112656626259185622e+01
2.891691184824209060e+00
1.966269674118072963e+00
6.600079849492485051e-01
-5.301766449150575877e-02
2.958613308806036013e+00
8.511532066780040040e+00
2.985749982454017903e+00
-5.085393627265340832e+00
-1.116075828642959955e+00
-1.003051683188523224e+00
6.660306068363031962e+00
6.866737363372334979e-01
-7.752684842293566803e-02
1.897608856912661457e+00
5.417752493727393315e+00
2.827371641551054804e+00
-3.371687820088288934e+00
-2.052677951260162004e-01
1.133431798928025147e-01
9.569576604688602828e+00
8.637739700335965054e+00
-1.093022603808109228e+00
4.077246740742399567e+00
1.300709280069890283e+00
-1.509971954891669910e+00
-5.492149110909440024e-01
-3.254608696012725733e-02
3.442138636112833883e+00
8.568964575022953056e+00
-5.312471165988906785e-01
3.196646993856997465e+00
3.192749330379455852e+00
1.475737266535721126e+00
2.748894585136002267e+00
