9.654687621068835934e-01
5.406106882306128014e+00
1.117970776064329463e+01
1.081194084289541779e+00
5.063553249027945569e+00
6.634342299358670481e+00
2.198372916429327528e+00
4.259136816651796664e+00
-4.056490882562822087e-01
-1.262314154288500800e+00
1.415817200525594233e-01
7.559545061337070493e+00
1.061663599687113990e+00
4.793131616539187512e+00
5.292212548620619295e+00
4.682075401238023460e+00
-1.607222106581477794e+00
-3.941246997381202544e+00
1.380781047731952871e+00
4.290763679618588178e+00
6.389222380021062797e+00
4.910380304031492393e+00
3.593224394551927103e-01
5.019306362640759467e+00
7.337168800440486471e+00
-5.306702067571412940e+00
2.601392216348179076e+00
-1.673194508486930410e+00
-1.604239210825241013e+00
4.270387406478100445e+00
6.713895107753275582e+00
3.712483171264632009e+00
2.708239169126837265e+00
-2.300019095944366931e+00
3.248048513654425484e+00
3.488217858001145366e+00
3.479268568624682700e+00
7.208214872878510704e+00
-1.732533536062816459e+00
2.563290262573949096e+00
