8.907639118605020556e+00
-2.030190225963820705e+00
4.424202853634335852e+00
1.496367224400997786e+00
-5.093482571021366034e-01
-5.726243567430642223e-01
7.645637942662519393e+00
1.354350266961703131e+00
-4.785079360998512499e+00
3.195897561005617504e+00
2.769809807394802537e+00
4.188903118404704529e+00
6.303902436055805580e+00
3.998454021729258123e+00
2.557161346780849609e+00
-2.320503173163466659e+00
-1.368913534048970648e+00
-8.238308898893476062e-01
7.862862539304563469e+00
5.395954278951751136e-03
-1.516005653199678171e+00
9.563777227456649044e-01
4.041787893257468234e+00
6.600128351041280261e+00
1.689817598247951580e-01
3.966979156353893199e+00
2.777457321777662802e+00
-6.061717904893453024e-02
2.382901620032539025e+00
6.425012604076044020e+00
1.510322188185635683e+00
3.090502700925404245e+00
9.993750498658927839e+00
3.532575415262710017e+00
2.340222480864264654e+00
6.275260224934937625e+00
6.007662642033805511e+00
-6.909061305216260829e-01
-1.080608662735353276e+00
3.344630722398283851e+00
