5.278467578183491327e+00
1.012162511783923158e+01
3.776132857925162956e+00
1.755721323689927837e+00
-1.520617558447723949e+00
2.087952245460657608e+00
9.236172012325763347e+00
5.822150101909639552e+00
-7.567642929866082113e+00
5.856199749519676034e-01
2.669908007822780593e+00
4.983157337235905260e+00
2.516717990590578768e+00
3.052392535632621140e+00
2.551791143461678679e+00
-9.332389576425217936e-02
1.731747031493905409e+00
3.603631247962565176e+00
6.677974198967429942e+00
3.023862197754392245e+00
-4.430417850452176509e+00
1.163372647104848667e+00
2.423197276549426959e+00
1.055118493999575868e+01
-2.870478672182192326e-01
1.712409564976438148e+00
4.738648424760714128e+00
3.536355747882544698e+00
1.842331903331343224e+00
4.499802590775681566e+00
3.778121051962111121e+00
-4.664384864371299066e+00
5.692889510789082008e-01
-1.128223492499734082e+00
4.649146053336514761e+00
5.408126274257485377e+00
-1.317374642924100225e+00
3.650923437718595288e+00
6.720420357072889317e+00
-4.764987340289466577e-01
