9.371320572443324615e-01
9.400942465761724653e-02
-3.665749687754397967e-02
9.256164504374623903e+00
-2.169094689979085722e+00
-1.404245189837571406e+00
6.374158198142328979e-01
4.623073280434216059e+00
6.442329263833435071e+00
5.009019629041736366e+00
-2.612539870475896198e+00
-2.173843000973455730e+00
3.135567594950467996e+00
5.406247783511584082e+00
-2.388818368691487226e+00
1.975250421494281872e+00
8.874159455896620585e+00
-9.658241881353410996e-01
-3.530878803403246113e+00
1.008237282952243241e+00
3.168069011059492235e-01
1.544000711818727778e+00
7.020944102591188951e+00
5.218047077812860479e+00
-6.309494902656502369e+00
1.124003404112904336e+00
5.167234487634132734e+00
6.013445915926347141e+00
2.476398824873003335e+00
2.308174883750390372e+00
-2.432710293407501112e+00
1.720778852153046934e+00
6.075653564808255469e-01
4.202179892157773544e+00
9.688634246450678944e+00
-3.528986509916189007e+00
1.094693705119428317e+00
-5.846429682720770682e-01
3.123317968048310966e+00
3.770643104377350063e+00
