2.554627592548460502e+00
5.064452285900497230e+00
-7.649314808016512146e-02
1.072576748253673662e+00
5.667236967873487963e+00
1.090462615001174562e+01
-2.206607302781298241e+00
3.858522565940718962e+00
5.017641231072046182e+00
3.670294620045192691e+00
6.026807510962953529e+00
7.680413539631037345e+00
5.368183884046432430e-01
5.194316315655473915e-01
1.291367966628460096e+00
-2.321450638259842769e+00
-1.079822102361563951e+00
8.833852985710183958e+00
-1.620242469073753355e+00
-4.169025426764217279e+00
6.690028136372065948e-01
-3.282464769311456698e-01
1.214120505587685139e+00
4.505836211439626093e-01
2.065194303678017373e+00
1.086317435022858291e+01
3.942478105046762327e+00
-2.813276890199254865e+00
3.389803082706615456e+00
2.451502496554974098e+00
5.359895457483255576e+00
4.324738477248199153e+00
3.206057446616977780e-01
3.642099233795486946e+00
5.457453716061499094e+00
-2.554148584069865890e+00
2.108399455143550760e+00
3.585633743859859557e+00
7.433936662807272278e+00
-4.791107869639064099e-01
