2.359500951854510475e+00
1.010291237349333748e+01
5.930035962329389676e-01
1.226881924462149609e+00
4.352908256113404484e+00
3.106651582602865336e+00
3.720415886906855096e+00
8.579975933619540029e+00
3.466397690994840186e+00
-2.091876572034206738e+00
6.127702771715984653e+00
1.109295960009446969e+00
-1.060722920185221518e+00
-2.355388273333936855e+00
7.115782544348586036e+00
4.551943261230286808e+00
6.540787023739065287e-01
2.886442639526745069e+00
5.927095116972822098e+00
1.556895431734706792e+00
-5.269930399852980507e+00
-1.581657376517081603e-03
1.625771481871779167e-01
5.209415732821256029e+00
6.471722873270694620e+00
-1.036648120220555080e+00
1.550643576942850155e+00
5.297563001764773460e+00
1.494014120758843323e+00
-2.636222777817387453e+00
8.423151710639481538e-01
8.598138740808455083e+00
-2.723849861630819880e-02
-3.347792042568707771e+00
-3.883901259711008969e-01
1.205234142656561369e+00
4.054156599744805689e+00
6.383617421313077855e+00
-1.046815426481626732e+00
1.173206848719741346e+00
