-2.058842769724675281e-01
-1.043786191094808302e+00
3.651022001027692365e+00
8.441042556378210548e+00
3.188007573888860247e+00
4.538294927769607412e+00
5.135713611892328778e+00
-1.634309947946553487e+00
1.045665912455862490e+00
5.144874747982219887e+00
2.273202363472776710e+00
-3.453367744592317656e+00
2.395107629968809437e+00
6.485834838153641257e+00
3.609218531014022791e+00
-4.505816015508842476e+00
-9.982830945313310167e-01
3.603519544655943152e-01
5.029083708239991957e+00
6.509311661760619039e+00
-7.891352308773614821e-01
-3.615991626321382046e+00
1.626865646943665311e+00
8.308111685652168177e+00
6.841281575736185339e+00
-1.554318630248206157e+00
-3.829447638126720399e+00
-6.271229332284784519e-01
6.608573455215495329e+00
6.684168308107827361e-01
-3.063241302498812768e+00
-2.796495536218838840e+00
9.951587543716016171e+00
2.596346729964703837e+00
-4.028557421946916683e-01
5.762302943540786870e+00
1.934963779970678033e+00
-3.465349527853994083e+00
-1.070171481865602070e+00
8.477589312867964466e+00
