6.669656991892206399e+00
2.001696256528902040e+00
5.047278423225756150e+00
5.305800274229251379e+00
-1.568014981166295119e+00
2.666103460039420003e+00
9.168453603199978375e+00
-2.029983367815860196e-01
-1.334357718825972094e+00
5.182211179354211161e+00
7.528235307648257546e+00
1.416441555132660790e+00
4.951414557273631445e+00
4.848812223388994092e+00
-3.992454577431686413e+00
2.158657891312441901e+00
6.788403826785831541e+00
7.487675417086033569e+00
4.197867161805018732e+00
1.159664538016067281e+00
-2.422333420758845168e+00
8.736464719058339989e-02
5.441156550751086840e+00
8.930598371955449366e+00
1.848007491762860832e-01
4.022165079798443621e+00
3.654772237538350232e+00
-2.159529530309189926e+00
1.059650303320804010e+00
2.410362463805527433e+00
6.699989990923866046e+00
5.734994589533317644e+00
-1.136364359297470594e+00
4.757778213465797101e+00
6.744111201540674116e+00
-1.300451435525568522e+00
-1.954984972876376403e+00
2.695382967666284380e+00
-2.030000321267917684e-01
2.853170434705637692e+00
