1.818476005093519199e-01
-7.446637018964314958e-01
3.542308481578603896e+00
8.928893774375241676e+00
3.572179537837250507e+00
4.216155787422112056e+00
4.491457218386491590e+00
-1.826470470230698639e+00
1.245961370714166128e+00
5.378778965770775855e+00
1.681434362796371706e+00
-3.273181192726025923e+00
2.050230329188960088e+00
6.990772203816769448e+00
2.221074338058105724e+00
-4.794300022606122091e+00
-3.189688674172317939e-01
4.118693665866162146e-01
5.211144071969923353e+00
6.228981191156469421e+00
-2.261907468417107214e+00
-2.961626973837314214e+00
7.481103616628680397e-01
8.666979562337090215e+00
5.789683410251893037e+00
-3.694303833025180950e+00
-2.786147845690532421e+00
-1.349706016846536905e+00
6.527363368907167285e+00
4.889258317007917354e-01
-2.876453468299700500e+00
-3.323050466618973520e+00
9.271000553231550256e+00
3.599244754175489724e+00
-5.136920219865570569e-01
5.856861929667693367e+00
1.557455942574085039e+00
-3.493841660276320482e+00
-1.533634028950276340e+00
8.312204615512403194e+00
