5.779722765640384452e+00
3.416179357039519360e+00
5.450045359680198764e+00
-1.890405408105628959e+00
-2.840864512241902062e+00
6.182181686238550355e-01
2.987970743490459657e+00
6.043863477962805320e+00
-5.290184200396516045e-01
2.032493408367484822e+00
2.104815062541755655e+00
7.695436208094333708e+00
-1.452968454972427326e+00
-1.206694282618012481e+00
1.688734297108535287e+00
4.807698847962877942e+00
5.178459908304183124e+00
3.232496295782260720e+00
-2.016916913920775656e+00
3.057609054902839851e+00
4.962284273139044188e+00
4.644203048010694168e+00
5.720717343321810588e+00
1.675068242981009314e+00
-1.008246364621606939e-01
4.457637549858763926e+00
1.038064904428374646e+01
-1.606934114412802872e+00
3.712351882679610249e+00
2.435807974219059702e+00
-3.323775564729454790e-01
1.256963195238744779e+00
7.922770054307300747e+00
3.056872915335095531e+00
4.210784938392623467e+00
4.601224496720386803e+00
5.803963625969476681e+00
3.139776178895530290e+00
-8.105946185583211561e-01
5.790298695185282618e+00
