9.436207197442907813e+00
-4.771535116628122353e+00
2.251265994201103737e+00
2.834599571126347417e+00
2.889898240811099583e+00
4.124206034790121933e+00
4.778312534150017221e+00
-2.211847706404429292e+00
2.403595955534347794e+00
4.162630094013761273e+00
4.600776470795542750e+00
5.377569126973786418e+00
-1.040654655449218202e+00
-2.240277209172019557e+00
1.128687156060533825e+00
5.747893978259062564e+00
-2.315411263133628328e+00
7.816350965603867662e-01
-2.070135245546609770e+00
-9.351371313112327721e-01
6.108521956593266466e+00
5.264159800815554568e+00
5.310932872263195215e+00
9.152731472125790191e+00
-2.456434668003562916e+00
1.389771026092008199e+00
7.332525705617859657e+00
-7.027750247348059087e-01
-2.880294561151028443e+00
-6.791561699172490307e-01
6.993652673747575932e+00
2.985634289070500103e-01
-3.011437143633612035e+00
2.916889921369716365e+00
4.191015061064123692e+00
2.586009614980108839e+00
5.913180749370106071e+00
5.684040386194254779e+00
-2.770817012928077805e+00
3.758800847839910197e+00
