-3.218894988582561845e-01
1.998733046680006398e+00
7.733151108271123064e+00
1.761750060807103224e-01
2.545700298256600158e-01
3.371140427978399412e+00
6.918916699882393218e+00
-4.473737015508000070e+00
-9.341482948155632737e-01
1.500859215989321649e-01
4.636617374204283770e-01
7.753658655287143375e+00
3.210584758269314776e-01
-4.794703762491775656e+00
2.645061965687204086e+00
4.618200290430535482e+00
4.968344626709503054e+00
5.945148586521998624e+00
2.464663494075305938e-01
4.581967798422368787e+00
1.699441530246431631e+00
1.558898201993000443e+00
5.278105352900364977e+00
9.125529409089360167e-01
-3.085687354150837614e+00
1.052972636658439098e+00
7.298012333269875640e+00
6.454495850628482856e+00
-2.850752344817255590e+00
-2.253798827101983093e+00
1.575555727159868025e-01
7.019347947234499507e+00
-2.822871258285959417e-01
-6.989203404804669617e+00
3.720072525533631991e-01
6.485705476568626615e+00
7.370207588862697889e+00
2.774454862323914917e+00
4.091652245714737290e+00
1.228957735534601303e+00
