7.558041001360603417e+00
7.158357681043590937e+00
-5.086319673882780390e-02
3.344088166847727805e+00
3.515595741491763793e+00
-1.407551181113343430e+00
3.269432422596738608e+00
9.287062747841437371e+00
-1.320491044347797294e+00
-6.772449978400024051e+00
7.622627004070721135e-01
4.653188241071838149e+00
6.281561788365070953e+00
9.193816932672510545e-01
-5.967107792850884218e-01
-3.522936715553442455e-01
-1.138168147784741846e+00
5.112243298075076936e+00
4.729362850505490101e+00
-2.160437739325191231e+00
2.470897855196292348e+00
1.014706218036458196e+01
1.301759895336001893e+00
-2.653489876776145895e+00
1.143907152109475689e+00
-1.024903440578043501e+00
7.559135361257772745e-01
-1.525687634899330236e+00
2.620711143445588753e+00
5.352482685051436206e+00
-2.916467169473170529e+00
2.809965010155357490e+00
8.554015224510514770e+00
1.525210966974452631e-01
-2.649238471348030366e+00
1.014787254918169346e+00
3.018701079144641586e+00
8.672412049820861668e+00
1.101712304470174209e+00
2.660261900478907648e+00
