3.150549905627953784e+00
1.652371725551501802e+00
2.642900129116784402e+00
8.928763316051615107e+00
-5.843839361463226689e-01
1.044307816871886008e+00
3.619182376366435250e+00
9.660395238904413873e+00
9.393867113669996272e+00
2.175138709561408312e+00
2.453246961366882584e+00
1.955954741596447999e+00
9.092411246115211787e-01
2.216530886045009030e+00
2.779473968132010864e+00
-8.771730621536782957e-01
-4.589291432352977235e-02
8.987511410213705476e-01
3.645328708682136654e+00
7.837501377884644072e+00
2.888275788948887257e+00
-2.183478708602331064e+00
3.124002980069445101e+00
1.081787495340004490e+01
1.344692053690363931e+00
-4.593614688637761567e-01
3.264309709454319641e+00
1.824168287127283294e+00
3.124964681292670687e-01
2.869438260064230306e+00
6.408997916202162415e+00
2.339274400187846048e+00
-5.273292010254104767e+00
1.184122725264846965e+00
4.517184594469396686e+00
5.964554602877020884e+00
-1.421283135467742431e+00
3.055341928899516724e+00
7.553631554231716727e+00
-5.463922520797926730e+00
