1.879466852691478840e+00
-2.937200423818533856e+00
5.401131870727166273e+00
4.241784662327351185e+00
1.787129768865543866e+00
4.085152289156757099e+00
6.905674345421799920e+00
2.291598920233870462e+00
-3.131713097606241836e-01
4.228064811060799677e+00
5.309625927976113324e+00
-4.089883877466054862e+00
1.130398218870349414e+00
9.888875990358436674e-01
7.003767009606198357e+00
2.058510286323318450e+00
-4.588363575808791950e+00
1.838374870552215379e+00
1.892712328286577650e+00
4.418325850176043623e+00
7.764743889492869755e+00
-3.955140770074636603e+00
1.557989719439578646e+00
1.898394472828335733e+00
5.318153362220765068e+00
9.228359681737375197e+00
7.487801115730698953e-01
-6.118163184231257823e-01
6.243257969499359739e+00
3.299819336470450004e+00
-2.422704759589692447e+00
7.217863390741631191e-01
1.142937259787476023e+01
7.082509203470996884e-01
-1.282341492823186435e+00
5.621538434657488814e+00
3.591488618957804135e+00
-2.464292316133242178e+00
8.405232369498784051e-01
8.553564710539124150e+00
