1.793137795989257599e+00
-7.353972046903949344e-01
9.814632236516253272e+00
-5.048620839400026483e-01
-4.862293902915060251e+00
4.241096608048851024e-01
4.454929121647743351e+00
2.959053131917982693e+00
3.426223857649176363e+00
8.295679733658696264e+00
8.969126203301966527e+00
-2.891059162394513660e-01
3.331491096153092357e+00
5.308924391933676823e+00
-4.107387280015926678e-01
9.049343778693894613e-01
-1.331835147988500223e+00
2.273671965076533574e+00
3.833892880762580280e+00
5.875183798572672700e+00
-3.293548701159298098e+00
9.504489543987520994e-01
4.417874078062608012e-01
4.832410592124367632e+00
6.821208666196598713e+00
5.282433270188982455e+00
4.012744457518969909e+00
-2.009983450787836023e+00
-2.690905854558749422e+00
-4.980627259980172639e-01
2.248887102165224583e+00
1.037672782182416142e+01
-6.342224141101709955e-01
2.387502725374231194e-01
5.573039812887642386e-01
-6.144631749188057546e-01
1.511746588663574586e+00
8.096099906863067019e+00
7.265146336626457924e-01
-6.647653592217030116e+00
