2.218127183622532250e+00
-3.719790098857937433e-01
3.572382083047396684e+00
1.029620780717976203e+01
3.804661092516876231e+00
2.368005985814550129e+00
3.029253776903802375e+00
-1.581493778572391262e+00
1.540385199773351754e+00
5.969044563623270072e+00
-6.864513638246666494e-02
-2.486016245021028581e+00
8.006471477514520707e-01
7.551614198826618107e+00
-1.329164821657144113e+00
-3.741204651076748711e+00
2.644043121008614050e-01
1.270222312656403840e+00
5.850056727481139696e+00
3.934400954769210923e+00
-4.800761720215130701e+00
-2.088343110330032060e-02
-2.714884198363620160e-01
8.627558728061179849e+00
1.619364579883644017e+00
-6.022732418995833115e+00
8.891345600633684398e-01
-1.253755452519309754e+00
6.459332030716857354e+00
6.257708216670266888e-01
-2.370779194979110827e+00
-4.061596502141230580e+00
6.351283192522701349e+00
6.394011798157722914e+00
-4.950294556788934486e-01
6.295521206708746043e+00
5.630365932644272320e-01
-3.200564432085806210e+00
-2.831137176005555034e+00
7.298348938645569106e+00
