9.377490736576113761e+00
-6.197314403883009248e+00
7.102418337290720141e-01
-1.433052819128717958e+00
3.493660104591041371e+00
8.984863910119079478e+00
2.162548526910625102e-01
4.190720856635015146e+00
3.369598170444545904e+00
2.594042413234734390e+00
5.707598724073022822e+00
8.808165864249343002e+00
-2.619731313591889599e+00
-1.544386507889634164e+00
4.244221903814684893e+00
1.928912270584503208e+00
3.578061824925297119e-01
8.797199110605636863e-01
1.248073367320159388e+00
5.710981969142022940e+00
4.742635160759457236e+00
-3.715021030237167121e+00
2.386580643886077269e+00
7.884812522445868055e+00
-1.539536690741728275e+00
-7.901042364384644467e-02
6.018931378171430424e+00
5.068324411441363253e+00
-1.352328353094313318e+00
3.891957779462362321e+00
8.326292310110511963e+00
-9.840756318428891536e-01
4.290890108744675580e+00
5.368627107802583787e+00
5.993670665426027000e+00
5.153850340160589738e+00
-3.814537849462822816e+00
1.152274019137359939e+00
7.728290174393837031e-01
4.483045916477984782e+00
