1.811246460299862360e+00
4.564593389473349028e+00
3.835727212247447060e+00
-1.402477472024194372e+00
-7.603116949661904433e-01
1.365784703283218660e+00
7.046972091947544925e+00
-2.315251102357832824e+00
-2.091503659300936846e+00
4.615887228637723383e-01
5.416410686564194776e+00
6.143308048380610842e+00
6.626966005437888718e-01
-2.273389741712054768e+00
1.079748463483970022e+00
6.730365949587356234e+00
7.350605902133901637e+00
-6.032068265063923462e+00
3.421817884330020654e+00
4.952753974490506472e+00
3.913690353543094691e+00
6.156756347137481988e+00
6.028706247319139955e+00
-4.223807400726338201e+00
2.780656237377218787e+00
1.858055193493649337e+00
-7.726973974165097792e-01
3.365196750291550298e-01
4.704723388000606299e+00
5.178896756136817991e+00
-1.769283369216285706e+00
4.963073205455425629e+00
7.958658156787977056e+00
1.693031337747524789e+00
3.568942242989992852e+00
9.503834772224004634e-01
-1.930061612668875215e+00
-7.011248983325378825e-01
7.577261612716716499e+00
5.292705397325190297e+00
