5.212106492054998874e+00
2.372101323712703103e+00
4.460247897429844066e+00
7.636069277307591108e+00
1.767280330068533800e+00
4.820818416480523450e-01
6.359499137597388163e+00
7.625050037399835112e+00
-3.733737127992864391e+00
4.752663622086812367e+00
3.829579958904293091e-02
1.550820372044778406e+00
6.445891467540699082e+00
4.333365245334307225e+00
3.470228123789565355e+00
4.946333967131598897e+00
-1.263786634229735695e+00
1.656190995342621042e+00
5.218618239664419178e+00
7.958257893471504474e+00
-6.107830924701503905e-01
3.627960098890659513e+00
4.272774729318843612e+00
4.139762799463095000e+00
3.529804539529173724e+00
-2.857707540715236139e+00
-7.161918205705932738e-01
2.299669225470061251e-01
4.272621702798129917e+00
5.998623979204485757e+00
-5.248397077606004935e+00
4.638225374895503794e-01
-7.383837983385257431e-01
2.844588849894287286e+00
7.125360377375905330e+00
-3.923670770392158502e+00
5.184308341667718256e-01
-2.277364643753665430e+00
-2.561972081068764506e+00
3.014668376465911237e+00
