1.223184854554438816e+00
5.654020348397565066e+00
5.367472176958012930e+00
-1.115547065572079166e+00
-5.437716753359008726e-01
4.706186114624679284e+00
7.091358899392115056e+00
-4.769321499027769029e+00
3.143831163788471272e+00
-6.685183858669505597e-01
5.672124764987674927e-01
6.675774103785379054e+00
2.046357078912635075e+00
2.617560747631836993e+00
6.599268171095174829e+00
5.001854962063621457e+00
-4.735818272863127731e+00
4.399038142930736250e-01
4.310494020449707087e+00
3.889785285760358757e+00
3.564105340160371060e+00
6.383617538599471786e+00
9.877674665037212698e-01
-6.075842221435081569e+00
1.736553596501337005e+00
-6.435745668066553682e-01
4.878322784852564098e+00
9.114633017989163477e+00
1.714164445046685747e+00
1.602739155292213891e+00
-3.687585023614652791e+00
4.860796851917473793e-01
-3.865053828582590612e+00
2.251947267668119146e+00
8.630912933460479053e+00
-3.750348620287290990e-01
4.277429097483538278e+00
4.865508011030382107e+00
-2.250682318337350996e+00
-6.352888924081829813e-01
