9.358934662765983958e+00
7.080299595517168143e+00
2.217848973732835793e-01
2.244987903661240569e+00
-5.598132852130444093e-01
1.673251897378761344e+00
8.027230738345638272e+00
2.928747371733571025e-01
-1.590201357171609375e+00
4.874699980827403856e+00
1.066460054869970442e+01
4.408083625334493050e+00
5.227308183852960255e+00
3.266027358581679696e+00
3.173391634563602626e-01
3.186860928275330185e+00
1.525806038585074242e+00
3.385584843161921764e+00
8.423545097118017466e+00
7.349865617441569965e-02
-1.840219455377303692e+00
3.183927609634112255e+00
8.731943423854916730e+00
-1.509449367555123711e+00
7.499988792046013986e-01
-7.321709368044868604e-01
1.267951047878058457e+00
3.425928490935198578e+00
5.185938600910571239e+00
-1.600362386230056888e+00
-2.880059745412470118e+00
1.385936569639215410e+00
7.435223093901458746e+00
4.752134430513920371e+00
1.053621018106038809e+00
-3.213168644489585724e-01
6.046266448501741664e+00
1.498298960604444341e+00
-2.357570575911772104e-01
2.080385107678232703e+00
