7.280184001125613591e-01
3.714230415877118219e+00
2.954917020307422870e+00
4.622383300670493078e+00
-1.602752568850864145e+00
-2.172232324293950967e+00
-2.423038218138244826e+00
2.101937539105264818e+00
2.671577183998318006e+00
-4.986927392294530748e+00
-2.705555911191841911e+00
6.627800984361358339e+00
6.821722852132907633e-01
-5.244712366369599366e+00
-7.368738907140793826e-01
9.179244808423170809e+00
7.930464795434498448e+00
1.195358783695754212e+00
2.743244792865198178e-01
-2.364835750945945225e+00
3.692374299268939453e+00
2.143224859912030045e+00
1.210928871622406922e+00
1.794614365986746840e+00
5.961981454422770277e+00
8.115577439310369456e+00
-1.157759677810958454e+00
4.541625674054110995e+00
2.805463419113342294e+00
-1.170815251664167223e+00
2.429733301121290268e+00
6.014635115225216211e+00
5.478626391343178526e+00
-5.585030465560897328e-01
-3.255396886555151248e+00
2.035967809196804756e-01
5.737394020220475177e+00
7.604398661832729722e+00
2.241900750654567120e-01
1.677656816127559347e+00
