1.690972659848198889e+00
-7.335042555353370464e-01
6.708492001235589086e+00
5.337062515845527599e+00
3.091896127045120068e-01
5.410998512520384551e+00
2.764699492279377058e+00
-1.501409618583831707e+00
2.516743862359665851e+00
1.007632817091808519e+01
-9.149948922621080616e-01
-1.144037608710317233e+00
-8.341160247942238648e-01
8.457367832514134376e-02
6.843266360817211513e+00
4.081116666256816572e+00
-2.503339303856011444e+00
5.946979996314571970e+00
4.067587682071282629e+00
2.436743455736314345e+00
5.908384374915912396e+00
6.621727201090359394e+00
-3.774892367447181485e+00
-2.018985677956861124e+00
3.502867194590415068e+00
1.904199772759086473e+00
1.707300371811495188e+00
5.666417635789717799e+00
6.976169955622503416e+00
-2.279556226082622761e+00
-1.710220721711427583e+00
-2.505023696081024376e+00
6.635576784693092423e-01
3.306143527797272830e-02
5.370243918516272252e+00
3.831048318732013680e+00
-1.422149807998587034e+00
2.196818772694364430e+00
8.811753876506259076e+00
-3.736206604292638289e+00
