-2.389142636432719069e+00
-2.656434810821172832e+00
-2.785734671306358656e+00
-1.705032850674746969e+00
2.865622463907133266e+00
8.133266352205675176e+00
-1.954726772833237147e+00
-6.460832910089303605e-01
1.698731058929402016e+00
2.525799212179665965e+00
4.465322534725078896e+00
7.445244536063310825e+00
1.086777628084834690e+00
4.094119741498475129e+00
7.055769640931458753e+00
7.597667082130707961e-01
-1.828019523784267353e+00
-6.535839611651951264e-01
3.409020343709061596e+00
1.040907897216388633e+01
2.016573881313065808e+00
-7.062129111915245172e-01
1.310801097527404480e+00
5.547500526709954194e+00
5.744231733760572389e+00
4.253567506502322071e-01
4.338074167102781153e+00
3.694105272009867491e+00
-5.008097125795790028e+00
2.944053472936623006e+00
4.227748104821459907e-01
4.114508079935471407e+00
8.867800800387209748e+00
-7.734157650401836115e-01
1.798109197343850552e+00
-3.917792633783938605e-01
-2.253815589022795107e-01
3.193381266123765272e+00
9.707739790297820193e+00
3.854939059064050433e+00
