1.133443279259660486e+01
2.888984632708367695e+00
-4.856573717960528391e+00
-3.000365267931902613e-01
4.592019093015841769e+00
8.712313143021081174e+00
-5.139383240178330148e-01
3.330665439429882024e+00
1.405447211457847789e+00
1.543521971034666818e+00
3.290593456163569908e+00
9.727198964484736976e+00
5.166866731993123629e+00
-1.798446808750616910e+00
3.550258557182769170e+00
-3.113601435881849233e-01
-2.903972500491762698e-01
-1.218738233359102363e-01
-1.725893334391511921e-02
4.957880999564436841e+00
7.306126633607336274e+00
-2.948670496324989010e+00
2.269681497771831147e+00
6.900872959657350592e+00
4.962243282741742867e-01
-1.387029580990787769e+00
6.314402064842130180e+00
5.078149493606169074e+00
-1.059028049856582498e+00
3.869123278244267272e+00
8.567603763289513452e+00
-1.928601583808469799e+00
2.583161397138019844e+00
1.513741312676204931e+00
4.074794958770101339e+00
8.942837914480556094e+00
5.724033702782065358e-01
-1.752270128547044337e+00
-4.006344805995821351e-02
3.701789208782549689e+00
