5.263578529924861193e+00
-1.270571329371841696e+00
4.631038815143386778e+00
6.243239190976986208e+00
-7.909137190771667880e-01
2.309946357974986153e+00
7.747827754284858592e+00
5.098749625859428036e+00
-1.930033227928018569e+00
5.809577513398394011e+00
4.389515186633920152e+00
1.140471499366076280e+00
4.309433146980473417e+00
8.323393166009147137e+00
-2.219983942467886884e+00
2.615114167905805975e-01
3.789780819758410413e+00
4.120425023264491671e+00
4.711506765034027211e+00
7.247688913055320370e+00
1.274932059633273052e-01
-8.261377791869327636e-01
5.241196796524068446e+00
8.434045635788905315e+00
9.385851941002331111e-01
3.754618802467688532e+00
4.553142858287992922e+00
-1.197840593826509092e+00
-1.010932386485450030e+00
1.142192937543861531e+00
4.546986911415880073e+00
8.151692617070924740e+00
-1.285728328235553830e+00
3.942168538460689042e+00
4.317928108029728484e+00
4.588689257238110386e+00
-2.448197365033089934e+00
7.634567423696253519e-03
-3.399709873618596667e+00
3.424510057484248637e+00
