-2.577112283448175223e-01
1.150657470784840264e+00
7.037859699968041838e+00
1.916761623462373887e+00
-6.177868877464767206e-01
2.640668984372461559e+00
6.812269992488094950e+00
5.386027841301930685e+00
-3.351779618500529967e+00
-2.728373943669144985e+00
6.998783412230744072e-03
8.270213819949463030e+00
6.787504962420559451e+00
-1.480983166592248601e+00
-8.734760545785410502e-01
-7.218775321391744937e-01
2.875381127203167964e+00
7.763725168375605890e+00
-2.103762335846785181e+00
1.776110723209135989e+00
-1.496221343440291340e+00
-8.197543890915043319e-02
4.333249114159964499e+00
4.591538761239037036e+00
-3.847531709564246061e+00
1.259749398701354162e+00
2.347766803387390855e+00
5.149306220379262555e+00
8.309496100919458783e+00
-2.906153783475882713e-01
5.306934814150794377e-01
4.522475360116195553e+00
1.020320916608996598e+01
-3.502001437975226672e+00
-3.004762811603542971e+00
2.960172902050505428e+00
5.823592098752536472e+00
-5.845165597229811105e-01
5.599351847567209717e+00
2.878564372774578661e+00
