1.762824254598041485e+00
4.622623291050594219e+00
-1.731392474817691207e-01
3.465116265316002253e-01
4.524067786474201824e+00
1.246495175365401842e+01
-7.336527893370062836e-01
2.174381134941718141e+00
3.221707785678985303e+00
2.230823111869805420e+00
4.574867345361837145e+00
8.150050417199903308e+00
3.691972907158044936e+00
1.362880450601790638e+00
9.891113106751254769e-01
-3.262568997923247505e+00
2.454149112887658024e-01
9.009228181021876836e+00
1.679141380730753585e+00
-5.659185205694711840e+00
-4.887867310705002466e-01
-1.392282624915395228e+00
4.678771995365397784e-01
-5.743214455782825745e-01
1.491596394422733063e+00
1.014443521530310655e+01
6.938987637652165752e+00
7.110396062008909057e-01
2.415751012120975094e+00
-1.128713224780099333e-01
4.926502480105390269e+00
4.359353010757947899e+00
3.219387694881696294e-01
3.137911133584872836e+00
6.223704004614753593e+00
-2.454848804745289215e+00
5.907136515782303032e-01
1.562319809883778721e+00
7.955876762097111587e+00
-1.132192657188961560e+00
