-6.477618888311105216e-01
6.879264230544527514e+00
2.022978457490608228e+00
-1.681473940546826862e+00
1.176729301979449804e+00
7.701887849534108099e+00
-1.739021282015840164e-01
9.389862794819454905e-02
3.053893886728538121e+00
6.418438383599052166e+00
-1.344846513379305497e+00
4.661261136828927398e+00
3.692418407235620759e+00
2.462104912650721289e+00
5.379051464161726415e+00
-1.532210947167992332e-01
-7.846135719172192546e-01
3.205830805941899175e+00
1.124491027825663281e+01
3.606781319816402931e+00
3.853707786622577736e-01
3.801584260961460071e+00
8.623361169943052573e+00
3.476643922699966360e+00
-8.380919764569210173e-01
4.168727234050574104e+00
6.271496068631967624e+00
5.321603490882500509e+00
2.394994095359609609e+00
-2.170862764478664442e+00
1.447653271018384480e+00
9.001704345106841032e+00
5.298310820364120488e+00
-1.151006888083661694e+00
6.017281797589217440e+00
3.454969486752196950e+00
-1.345298957581800181e+00
1.651963082414122708e+00
9.595493106806655348e+00
2.253912882515443972e+00
