-7.096058301179013483e-01
-2.504157877248013975e+00
-4.855937453597888087e+00
4.120152243092280564e+00
7.854560734551514045e+00
-2.136323674029807773e-01
3.542064149121377792e+00
4.464232733930419528e+00
4.838181304722607656e+00
5.357941161241811301e+00
7.656821383999334873e-01
4.454299323104303099e+00
-5.068540705502887489e-01
8.140831496163490888e-01
1.010780851104879829e+01
6.400630182917570465e+00
-2.268622468511122037e+00
1.593894678392869579e+00
1.403035660615057634e-01
2.319130838781626291e+00
6.577483543501648100e+00
9.500372597830141430e+00
4.935831219778192835e-01
-1.050762954962223716e+00
5.425529822652627843e+00
4.494749815387704572e+00
-8.104120024366812114e-01
4.614530014657303170e+00
6.641699505421446048e+00
2.980438755394744899e+00
3.960874461454998663e+00
1.326081965362030379e+00
-2.831602003059138006e+00
1.297094590738695263e+00
3.257358335344408218e+00
8.144861336689684705e+00
-2.657501755689907430e+00
5.549157952113441539e-01
2.853358227339511388e-01
5.968577369277131339e+00
