-1.924369881643439140e+00
1.131660580571939745e+00
7.958236983717807078e+00
2.712763235237187320e+00
3.001377017973716921e+00
5.001813570336226533e+00
6.773146555620087383e+00
3.971649386379118241e+00
-2.239293250055874651e+00
2.245341503991615362e+00
5.760711899817380299e+00
1.778264575735019060e+00
1.059558473445015858e+00
5.172554997217449824e+00
9.466270903012208748e+00
4.647889788550646273e+00
-1.710725573116256282e+00
-3.210990708080932343e+00
4.708160970001530887e-01
8.554505484886931299e+00
5.524652471492530026e+00
-2.133093094151492508e+00
3.055133941906126083e+00
4.364815786067991255e+00
-8.169131235621954756e-01
8.280202168274436447e-01
1.922899321224767810e+00
7.237938466217098465e+00
-2.830897441652080460e+00
1.905094852608578027e+00
-3.865735825086882294e-01
6.724902584072824041e+00
2.085747651853794959e+00
-4.696218881572340464e+00
-9.537964132388151439e-01
9.059484940739759296e+00
1.789352817206109947e+00
-1.941801021498764213e+00
5.654624071576875188e+00
4.234931669987290981e+00
