6.114106642990498663e+00
4.903423852998408883e+00
2.876270251630518970e+00
4.156351859484175293e-02
-1.630929243030933229e+00
1.592973852580634953e+00
-9.608656065950788028e-02
2.420814320047240731e+00
2.246736317732767940e+00
-5.028283206244211989e+00
-2.884258064037955815e+00
3.329337868423693614e+00
9.698008219008373842e-01
-3.405757324728181601e+00
-3.284425480244630435e+00
1.016655021775210388e+00
8.505724426223659762e+00
-8.591142738010526525e-01
5.809110499228984814e+00
4.297346722748608627e+00
4.058858302543831620e+00
4.238160792974226432e+00
2.081961437177759056e+00
4.317694607841334076e+00
8.136428686544382671e+00
1.022622786054145028e+00
-1.249627007726436201e+00
5.607250930324885196e+00
4.184448072420817510e+00
-1.307836329461460556e+00
2.693109266742421681e+00
7.861703991946019876e+00
-2.285113672541285279e+00
-1.901350037532815840e+00
1.524191410072619213e-01
-4.258466865095497655e-03
5.457759598919716737e+00
6.428019314588388156e+00
-2.121139400541556252e+00
4.045945405540853024e+00
