8.096178350745313779e+00
1.834762177510012915e+00
-3.399105593974777739e-01
2.562384404549371553e+00
6.019414439720272902e+00
1.048436957439786488e+00
-3.571803187453051809e+00
4.988699922576499413e-01
2.002568785232419657e+00
6.010666608389152898e+00
4.604708015757888795e+00
-1.640982393569493381e+00
4.831143155230153141e+00
4.634820691927947323e+00
4.538566085663116034e+00
7.220835008264029353e-01
-2.959810986523369714e+00
-9.843145087021715200e-01
7.464945316209033344e+00
5.747421343748340128e+00
-6.565597543823264992e-02
4.912876965839366505e+00
-7.580644079857813411e-01
-1.123046830378978678e-01
-1.560692015261890608e+00
4.393838536202209433e+00
8.689492290463768143e+00
1.802191917473623173e+00
4.145236551526439328e+00
4.491628798246694587e-01
-4.047332813810737839e-01
3.683283103038180073e+00
9.120719745614865204e+00
2.888497749887971811e+00
3.511114913990499353e+00
2.647122824384283035e+00
-5.550702126354639887e+00
5.825091766376830904e-01
6.257582357647186733e-01
1.320536237100378152e+00
