2.337629261539111880e+00
5.997525162401998955e+00
3.758589128859102679e+00
3.832718609558398715e+00
6.549923260025988903e+00
5.982548258803680241e+00
4.139489964387343957e-01
5.772803448471373056e-01
5.058878399897379197e+00
1.304343734512163566e+00
-5.186125320379303183e+00
-5.458170122927056278e-01
7.388007047427677776e+00
-5.439711815662400252e-01
1.171718946113938342e+00
-1.206633812075653012e+00
3.630889500858510921e+00
2.559108496707219516e+00
-3.518086737242097861e+00
-2.230734814894989704e+00
6.156890510769866154e+00
2.523520132316102504e+00
-5.661096010062002470e+00
1.280244894167467118e+00
9.100865339144533550e+00
2.324637552326645762e-02
-2.487032953635387678e+00
1.223664760355686054e+00
1.976477987895142840e+00
8.482867658732709870e+00
4.084120398856853740e+00
5.960156939350392813e-01
3.575439592072236827e+00
4.424294728361550355e+00
-1.505469328579006172e+00
1.497477605535275202e+00
2.704049580121236640e-01
1.837034783197364129e+00
1.151743169196626582e+01
6.261509889043192167e+00
