3.026219239834301522e+00
7.604127323985917508e-01
-7.424386035023161634e-01
-6.592597111454610026e-01
1.062217743688713467e+00
7.989692431584344945e+00
2.174709958466320980e-01
2.990831446698806850e+00
5.249993858381443168e+00
6.664787842183083733e+00
6.804454332448043097e+00
2.533545732226019531e+00
5.771012399974548845e-01
4.945831113052045147e+00
4.435197956203727365e+00
-3.246868939918053698e+00
2.405284051382468924e+00
1.800617954421474431e+00
4.415632832662021556e+00
8.672899549641741146e+00
-2.827222227401232413e+00
2.963749769338803297e+00
4.366075714039242328e+00
7.647567057254835987e+00
3.216585435191447129e+00
-1.257406345972599260e-01
4.993606688388635639e+00
7.402311380234578575e-01
-2.794241408271342042e+00
2.044303096267619857e+00
8.249911254463539123e+00
6.500527760625065987e+00
6.578057332492240894e-01
-1.553712522262494566e+00
4.374022785915013145e+00
3.118735313422941857e+00
1.611124795109767804e+00
5.146387492567761512e+00
6.536401802934348026e+00
-5.105508170004645407e+00
