-1.878468647069997388e+00
-3.206194972667394949e-01
-4.412146850236379869e+00
4.430143750350345577e+00
1.250172940790845733e+00
-5.311239492645634996e+00
-9.624921735407182544e-01
5.899096883959956017e+00
5.028961070203031625e+00
-4.857415237541854225e+00
1.836001477600483600e+00
5.687257518468586071e+00
1.087015765933790234e+01
-2.646532480851084834e-01
7.694814059895507263e-01
2.337448440321781895e+00
7.201645106227203552e-01
4.778772658250153071e+00
8.539570867389237208e+00
3.157581929189716252e+00
7.985984580104248387e-01
-2.852266334323941610e+00
-1.529699248450551385e+00
-6.993344111145375352e-01
4.548846224882090006e+00
9.695329147129228886e+00
1.498332580524201374e+00
2.106736144566438984e+00
2.400137020235276530e+00
-3.635287145416036481e+00
3.432641218034869768e-01
1.700736344359676244e-01
2.979461295614170169e+00
7.464282586163631272e+00
1.292966955266186879e+00
-1.675383363351006683e+00
4.196952714634802462e+00
3.778740714188505656e+00
1.861663244214621704e+00
5.260169211120203414e+00
