3.610766951392343049e+00
2.439718924123124993e-02
3.789127891324126196e+00
9.712207567379913087e+00
-2.689351197557852569e+00
-5.186898437652000204e+00
-1.662116119409787984e+00
9.537184003832525070e-01
5.894354263419727680e+00
4.771788887454150974e+00
3.650260920645580942e+00
-2.946143834466586342e-01
-4.867042910351310425e+00
2.259841357395407702e+00
4.014816952339955058e+00
3.007032866674609561e+00
6.877937608968825778e+00
1.639648043319617665e+00
-1.459783866280124805e-02
3.782886546973906583e+00
4.746015725084788528e+00
-3.132155694816924019e+00
1.612889454175005621e+00
2.255335601699516523e+00
5.346199155832240812e+00
5.989393590247765964e+00
-6.521483196825848871e+00
4.233217262267551240e-01
4.335138306664153340e+00
4.283374488487668330e+00
-2.222560855719157846e+00
2.687778234813121170e+00
6.206883967098219657e+00
7.768401210422409164e+00
3.193066296459819320e+00
-6.599736928345881770e-01
4.561531223323718187e+00
8.261417101015750220e+00
3.622494549583962442e+00
3.912392612837495065e+00
