-2.902913800939502575e+00
1.845074828993668703e+00
1.170337343994857626e+01
1.990307241165646945e-01
5.631681954410823199e-01
6.865476560928776451e+00
4.783466166697166955e+00
-1.246341205897069315e+00
5.948670177333398534e+00
3.236834000188203664e+00
-2.944790494715032736e+00
2.204668664840948367e+00
7.854753103798245206e+00
-1.173610178387848313e+00
-2.906330016845643627e+00
-9.421029312448101489e-01
-9.366118138595521669e-01
5.721094545268266884e+00
6.401207386662594701e+00
-2.189854570511209353e+00
3.121189891730336452e+00
6.079404462454252922e+00
-2.252163416144915331e+00
-1.789228259598308224e+00
5.970535550115000367e-01
7.893887413318700474e+00
7.056467845607410361e+00
1.983860166646486789e+00
1.442087744917408321e+00
-1.167595293549974933e+00
-2.625856382602579364e-01
3.079128244062540265e+00
1.045997075921706099e+01
2.652383404188892957e+00
-1.587457713542968607e+00
-1.699959979279337119e-01
-1.836867090403148106e+00
-1.365099637795686993e+00
4.830586317868635682e+00
5.481388577245052574e+00
