3.047074540783455188e+00
9.955036607156605655e+00
3.695451055784034211e-01
1.359469654054655807e+00
4.595852377239141973e+00
3.668923630904671995e+00
4.312191107793725386e+00
8.459219587884561520e+00
1.917442455360054865e+00
-1.964301384882650270e+00
6.277728851682256916e+00
1.527596312854316851e+00
-1.135540569723544113e+00
-2.214598049835866611e+00
6.693329453029179810e+00
5.281508007790240988e+00
2.618197341889632601e-01
3.069778205908041624e+00
6.031400948559676678e+00
1.724100759739752853e-01
-4.992044668378358807e+00
3.455471488991030959e-01
4.901450123753471333e-01
5.366144606409589457e+00
6.242817354389941897e+00
-1.491716169160279160e+00
1.801071698278838618e+00
5.523598575976732761e+00
9.547175724144657538e-01
-2.476550690437468560e+00
4.570052319624078319e-01
8.623243003052991185e+00
-8.185557982065468918e-01
-2.838930050032493213e+00
-2.895731786997799428e-01
1.348062003915347695e+00
4.458317406997287513e+00
6.088751015289235902e+00
-1.343096460824323435e+00
1.535149048791161874e+00
