8.420155881079361748e+00
4.358388009751121395e+00
-9.134297384231567785e-01
-8.944237958575668168e-01
3.599846739664342543e+00
1.258505970626982773e+01
1.959945766995314420e+00
-4.127690786167935499e+00
-2.092274710041232222e+00
-1.342922632943895911e-01
-5.237910534768655535e-02
-1.804417294502010660e-01
1.510382305873009701e+00
8.367870624481399844e+00
4.500087032050776870e+00
2.436545228296421062e+00
5.117619830922640389e+00
4.082875847421031601e+00
-5.579215156080042926e-01
-2.213149580339988542e+00
5.286788416653628309e-01
2.204268227948625647e+00
8.532174022893856957e+00
-2.302584217467777083e+00
-5.088644863204680568e+00
1.369102476873642615e-01
3.062499226885836645e+00
1.842530181416815571e+00
1.908204890005861909e+00
3.191858699405774047e+00
6.906752843649856644e+00
7.402586245984783098e+00
-1.012112870133313303e+00
3.612509752361680704e+00
5.445953621864870975e+00
3.386106557797624372e+00
3.340675131741209558e+00
2.811807286551032403e-01
-3.053987436769316499e+00
1.309768647902779914e+00
