9.995557514108808661e+00
2.281840033086160791e+00
3.007858650849357218e+00
1.164233810303901828e+00
-4.132440713552557598e-01
6.190185373357108833e-01
7.651019346518229902e+00
-1.617685508925667426e+00
6.763176519624229943e-01
1.034922022613759873e+00
7.591448001957780356e+00
7.296356562619584096e+00
-2.611763817769834795e+00
1.010029189426305596e+00
1.374093149720883478e+00
-1.120244510689564696e-02
1.471152251811059131e+00
2.203151705635935098e+00
7.754708804859764548e+00
3.254712425124244302e-01
1.702764631542607113e-02
2.043450434351256284e+00
7.505911343942654135e+00
5.223312783076422328e+00
-1.635472090992842187e-01
4.723058318465201744e+00
4.387969429913989750e+00
1.229563092954364611e+00
4.523182639437174579e+00
9.739850304436181716e+00
5.621688804515534876e+00
4.736600204659823454e+00
5.981976870520941958e+00
-1.021926238285218114e+00
2.621065911827229478e+00
7.027571336441595484e+00
-2.106440979504347943e+00
-1.614085460574529618e+00
-2.585510563805041850e-01
4.440670760226207214e+00
