9.660745270618862790e+00
-1.166415590621792120e+00
-2.877469032544852090e-02
-4.364298936745673041e-01
-1.654378713574611970e+00
-8.316055839951392858e-01
8.282344091106343953e+00
5.512279260627361843e+00
-3.268046069283362609e+00
-1.059308274079429207e-01
-1.470561853642435857e+00
3.355126341386581945e+00
3.917997805363603092e+00
2.534635701163160171e+00
5.891657772650532365e+00
1.073959578926699798e+00
-3.890839146827522743e+00
1.860543105236246886e+00
7.492897444565994824e+00
2.024886248174027958e+00
-2.575670039386476873e+00
6.050060726779110665e-01
1.896986017340638764e+00
7.140249152157374546e+00
-1.827443616124477366e+00
2.635082665852029660e+00
1.686164186476880156e+00
-8.846810543373894165e-01
1.647091319199526227e+00
5.728187821885780906e+00
-9.733266616847095765e-02
1.744084220489965142e+00
9.349046038891403398e+00
1.697530961937386840e+00
3.614305023527921712e+00
4.018470196357650792e+00
6.276917454955264652e+00
5.915674860192827289e+00
-1.588599321286359167e+00
4.336112549449134157e+00
