3.384422917346968429e+00
2.313795113240850299e+00
4.374823168074050805e+00
3.955051336430689179e+00
-3.760652572715299069e+00
7.833731052723606758e-02
-3.820892230391230271e+00
5.528724444434867102e+00
3.120101115093957933e+00
-1.574103569813965819e+00
1.224018518912109998e+00
7.987997452442630042e+00
3.846118893356648805e+00
3.759754651367675393e+00
3.145230196795487210e+00
-6.044502569775400680e+00
1.900034246816822536e+00
2.221587358399459422e+00
4.792148302127219317e+00
6.690317749831661942e+00
6.135310852328804465e+00
1.183962840282530626e+00
-2.664824974216482012e+00
1.220850372550969176e+00
2.034304282750496018e+00
1.799283235367747702e+00
2.966083206531190175e+00
6.633583900601839112e+00
2.343504623297081313e+00
-3.254813977743216125e+00
2.033344774206921279e+00
8.835950784120743862e+00
-4.247108757044953720e+00
-1.012456075453841864e+00
-2.051088419479645264e+00
5.213954790839128606e+00
2.586914593160428044e+00
-2.074526781046292179e+00
4.051460836861773829e-01
7.597239928389218910e+00
