-1.959746061473432333e+00
-3.110171919125354290e+00
-2.936311973809891951e-01
6.802926558951759795e+00
6.373321858858419731e+00
-1.942664390543174413e+00
7.535295939057266024e-01
6.922894122262793992e+00
4.836654717623115829e+00
-3.026072452882844210e+00
4.193284023798181437e+00
7.235467703380564330e+00
-3.900612768474206682e+00
1.429801417873531433e+00
2.345109702804091700e+00
8.338753690070454638e+00
-2.261423021794465082e+00
-3.257322705542929686e+00
-4.414017298243285148e-01
3.671276433810439777e-01
2.629665421399087766e+00
4.449028604817841348e+00
4.774053671534714383e+00
4.272475822114246924e+00
1.226798950206604566e+00
-1.994530961700015759e+00
-8.647815367223592176e-02
3.293082427186341476e+00
9.585778962284017268e+00
1.539869620704442665e-01
7.168014143825018891e-02
2.429923658401803799e+00
8.315438419978256945e+00
4.186974125221371246e+00
-1.572225236485263355e+00
5.109853835925725285e+00
1.653021848737791677e+00
-9.154139537300357565e-01
2.344642180445709601e-01
6.916360917748829884e+00
