3.914110039324030677e+00
1.759518996882790454e+00
3.799672554807191016e+00
7.476573129238336612e+00
3.335709980505200178e+00
2.055008679496692359e-01
6.109471995174104109e+00
9.252252307388618036e+00
-2.995186754253307271e+00
2.285143690252122273e+00
-1.741577207329767507e+00
1.285384568309639208e+00
5.891195501312692429e+00
3.201844236738503380e+00
3.360888980584752606e+00
5.932061732586232594e+00
-1.140668444137025395e+00
1.154372631406198613e+00
4.090639019106673047e+00
8.588069670357153740e+00
-4.917875520556048152e-01
3.158768948094436979e+00
2.963308316514601248e+00
3.678277465407751023e+00
4.904396784672683474e+00
-2.053105425224377889e+00
-2.013261992974791692e+00
2.950848832050779746e-01
3.893178931512426999e+00
7.253802206508932926e+00
-3.827207010556922917e+00
-2.490061181770931942e+00
-8.554032795268443623e-01
3.015656972503275579e+00
7.586527970328189596e+00
-2.799719985327298488e+00
-2.410671312243599651e+00
-2.944421397346307145e+00
-2.486414796438386254e+00
3.962059947670285798e+00
