2.529288725538163085e+00
1.804950368346478262e+00
3.649717780627007802e+00
6.574655893556352382e+00
1.190247381084685196e+00
3.407839954962127216e+00
1.102467964394586097e+01
1.403728578169510577e+00
2.689966170130768663e+00
6.164689853475445069e+00
-8.815378588142761540e-01
-4.450653246122773687e+00
1.551207549678704334e+00
4.120759755435309479e+00
7.256811261398448565e+00
2.746716646719920440e+00
-3.726975802457380915e+00
2.033295810182334851e+00
7.109305158923325152e+00
-9.918100114401595668e-01
-6.480523401137281425e-01
1.402875803777749564e+00
8.260140116609528960e+00
2.300243953706501809e+00
-4.733599325241545586e+00
1.110099653982540568e-01
6.668953915633214491e-01
2.301937964345384391e-01
2.297101021935708420e+00
8.931751304621514009e+00
-1.186320025002908229e+00
-1.693628185841899780e+00
-6.403469497989464632e-01
1.051631872169392246e+00
1.976406434501562615e+00
6.876826518433453828e+00
6.642509500697263647e+00
-1.224051123457654988e+00
5.440423996708010357e+00
4.971340424927688240e+00
