7.190197045249035135e+00
-4.327635061415855411e+00
2.173099286178413525e+00
5.277005625790177845e+00
5.804692158349115338e+00
1.281208873045224239e+00
4.127040017252920912e+00
3.156369831230982914e+00
-2.270906412092359883e+00
4.577386365425315518e+00
1.001165135585585553e+01
2.287836828727233485e+00
1.269511284054199107e+00
-9.241214205664657344e-01
3.592543810069809940e+00
4.950288563637616157e+00
3.379876758485776733e+00
4.748619268491771628e+00
-8.851355156712558125e-01
-1.969519916109464974e+00
-2.265296539197573900e+00
8.697033983497309606e+00
5.216200018798327953e+00
1.356139445353206074e+00
3.726219739848653845e+00
2.601522414419967788e+00
2.637160220531348021e+00
3.106628613984447007e+00
4.843631671030685482e+00
3.318607285499073800e+00
-5.707423646339023771e-01
3.009221046638148600e+00
7.984611063144491538e+00
3.099030747032170963e-01
4.258945792009662057e+00
8.839203723642748756e+00
6.322693670944707023e+00
3.141713950503105535e-02
-8.353774544604298802e-01
3.896277617328208098e+00
