-1.695167986765715007e+00
1.489517672036635432e-01
7.496795533120029553e+00
-9.259599277647058146e-01
-5.683625115994884958e+00
1.306383554949765102e+00
2.055683014221578730e+00
5.943923527640415649e+00
3.707618341458387867e+00
1.886537387127205756e+00
3.487979790991409867e+00
2.885477372089118475e+00
-2.442818116663961092e+00
2.057243011220140971e+00
-1.070495631838639827e+00
9.674142916282192362e-01
1.205865765734253259e+01
4.970950610514058843e-01
1.893787069220929098e+00
2.424580531177941367e+00
4.734058181084527028e+00
3.507419988145363821e+00
2.256967144244902190e+00
4.545255105842619159e+00
3.540739162408649499e+00
-3.220516559316681349e+00
2.242452325103130750e+00
3.774162958498317622e+00
9.632612877281204078e+00
-2.267267813193551085e+00
-1.222963090920595519e+00
9.134169111011487541e-01
8.109083269439217645e+00
-1.148227258852215979e-02
1.913584242038171568e-01
4.979127256981776384e+00
9.027632487138108175e+00
7.005129577403982344e-01
3.338076934656285299e+00
6.413249236760459882e-01
