5.864597756317720290e+00
-3.974355184757305093e+00
2.686154797805671013e+00
7.904108309622945860e+00
5.019631195828145209e+00
6.413314214177916472e-01
4.223215284603730524e+00
2.512071850006889928e+00
-1.323228328342621385e+00
3.611020275150270020e+00
1.085031150203646710e+01
-3.344874731135680235e-01
1.000963397598203297e+00
1.569164963981057592e-01
3.850193292340313711e+00
6.671514929967357510e+00
3.762561732381437540e+00
2.467984197573263927e+00
-1.719540458767839786e+00
-1.992603465522194972e-01
-2.225993709797512210e+00
6.889663217408859452e+00
7.548552136373988475e+00
-4.321110770990603811e-01
4.026158519686649839e+00
4.026155672458767043e+00
3.086159024322905786e+00
4.038309251402377953e+00
5.032267777455348146e+00
1.847248224486956580e+00
-2.138381347243248354e-01
3.271343368332594537e+00
8.478331800911083960e+00
2.114539637587841803e+00
4.784263769153697332e+00
9.759729249981477395e+00
6.412453516973107837e-01
-2.661975768019319677e+00
-1.643627674617756940e-01
3.981665842881095152e+00
