6.653218047122405387e+00
4.090351974527189682e+00
-5.170248854097676983e+00
1.108712769982322710e+00
2.241429492305127280e-01
4.403307436720893975e+00
4.533490638431501907e+00
-6.264474181340389247e-01
5.427371435649333442e+00
6.759148624720669574e+00
3.323303796961209144e+00
6.607049017884157216e+00
6.546294095843171235e+00
-1.661022814439343298e+00
1.709751706091029888e+00
7.741990445136852195e+00
9.164068745576418706e+00
-6.135068821410886164e-01
3.378658302050316919e+00
4.101033998718382811e+00
9.569818092103664353e-02
3.258660961848125925e+00
1.497783738758128091e+00
2.471469302099843224e-01
1.911784725270344820e+00
9.032533048413329269e+00
1.069720343291691522e+00
-5.673966075599478742e+00
9.492208150300777136e-01
5.923139800339385808e+00
5.156043983190519597e+00
-4.585034613547352755e+00
1.557438178221511205e+00
5.773438534615749074e-01
1.673393580598439012e+00
2.753409664216981856e+00
5.555006824594709514e+00
7.786771339708359996e+00
-1.825721896428273761e+00
2.289880789033084341e+00
