4.532078692892088867e+00
3.238605863125560536e+00
1.820627395065789189e+00
4.729423745407653534e+00
8.259787636898973773e+00
-1.042922153032890042e+00
-1.861885209081483250e+00
2.449891718513002470e+00
7.267599424078704295e+00
-3.949272069111116501e+00
4.191073599029532026e+00
5.585571586629081153e+00
8.932721707442686565e+00
2.247750463232757845e+00
1.289375387552899044e+00
5.717142994775908704e+00
8.180611067007390602e+00
-8.633210095857591915e-01
-2.812065152248361066e+00
7.662999794814565613e-01
1.517084970080526451e+00
6.383224807433725445e+00
5.650527332565082439e+00
7.796809303193055207e-01
4.097013323039942811e+00
2.257133489815238647e+00
-2.951069363969878623e+00
2.527723814930599389e+00
6.051274398789815434e-01
6.450262301149402688e+00
1.065294862907648410e+00
-3.250870999417017071e+00
-1.012209333447157578e+00
7.303693520913548731e+00
-1.349706794052626169e+00
-1.162164366701104595e-01
-2.680575760146584940e+00
6.343715104064058252e+00
3.610084595447754285e+00
-3.681815234012536298e+00
