3.980521018258922350e+00
-2.796114337226265345e+00
-1.843811753618645577e+00
1.789205080666519676e-01
6.004341580930425692e+00
2.501152611208744769e+00
-4.511958588166601558e+00
1.179473397188206540e+00
4.005413892821219513e+00
8.572795487099003964e+00
-1.523413523501125688e+00
2.077229219070150790e-02
-1.203482659964594914e+00
6.911522892603564339e-01
1.912629411655468070e+00
6.640018443424690275e+00
9.589808781223704059e+00
-4.180853346787324121e+00
-3.032497816654464717e-01
1.850434267154433599e+00
7.533708630030195863e+00
-1.328610623253788647e+00
-7.784747316664970551e-01
2.775139415227876327e+00
9.267236619634584116e+00
4.881111590584746196e+00
4.637050951432236445e+00
6.295185456514052369e+00
3.447124428423601561e+00
3.482828390995752699e+00
-4.355265593826122550e-01
-2.712283615084578603e+00
1.156691244806587804e+00
7.405026957761235984e+00
2.745754537571291731e+00
3.101606434924043310e+00
5.359213026454705542e+00
-2.894894278332708071e-01
3.899102536361478410e+00
7.362771901394740581e+00
