-1.278033335662100312e+00
5.570846350778960065e+00
1.088782885073014128e+01
2.359123872304111913e-01
5.116245371049272350e+00
5.475484714837280720e+00
1.590244759425790244e+00
5.412835058603690186e+00
1.113944352291404094e+00
-2.431489791696737512e+00
9.615925500922776203e-01
7.514650609599320852e+00
-4.064576002903292462e+00
3.077886926026947911e+00
4.900051372923746040e-01
6.175218145282440396e+00
3.512614373078717378e+00
-5.058369911090164983e+00
1.562229423590601352e+00
1.029404424916971372e+00
4.624632853306776425e+00
6.550609253676718424e+00
-1.903445264309867047e-01
4.529459214888056806e+00
9.795041668339717233e+00
6.107774538357410576e-02
-3.611558481290170430e+00
-3.166746440598432244e+00
-8.257691771819888338e-01
5.374437208245383957e+00
2.852468858977592614e+00
3.520692346237976000e+00
6.070375689298043831e+00
-3.023241851906234512e+00
1.603902465752648610e+00
8.635796494369026854e-01
1.323747193471713324e+00
8.507553400876769700e+00
-1.817930910724451898e+00
-4.242116172439387989e-01
