6.827318568205392735e-01
1.948109386672056020e+00
4.156761276220055201e+00
7.948021183988964289e+00
-1.670417603370154269e-01
3.094245833577923488e+00
5.512012266569889185e+00
6.091775346449984418e+00
-9.630695501755895949e-01
-4.225502597579152031e+00
1.374185145040804690e+00
2.533194290255983555e-02
1.983279995541016527e+00
6.068056840903455651e+00
3.049489716964071673e-01
2.601633954195588849e+00
7.804489508995763103e+00
-1.173221684722834945e+00
4.036535256005267414e+00
4.498364361215849705e+00
3.272945266094332784e+00
4.621024222739421816e+00
2.336417871833463611e+00
-5.374832667668904662e+00
2.187201679064848303e+00
-2.059383151002728063e+00
2.225756249052716296e+00
8.321906663579710539e+00
1.491013500983752460e-02
3.533374195235121196e+00
2.024369848916004688e+00
3.596638087616636614e+00
6.592058823414473245e+00
5.043659325552931172e+00
-1.586642988094337126e+00
-2.189764739143915673e+00
3.516315885442136135e+00
8.834821418080860411e+00
2.260638147742267900e+00
1.596201680100021614e+00
