8.210692511610366395e+00
3.975234833035035109e+00
5.061427102222636698e+00
7.142204824981806865e+00
-2.471176134096394250e+00
4.103639012215236193e+00
6.310888228558548363e+00
2.127292995489560745e+00
3.539175602952533417e+00
4.647452679626924876e+00
-1.086412015783519314e+00
2.780396322013118482e+00
5.074803260403199623e+00
6.240107271676595957e+00
-4.556548455361678629e-01
2.999983020767465813e+00
4.112291617460912541e+00
4.414297135224526158e+00
1.863104441195361893e+00
-4.031218641166864458e+00
1.528373904031339325e+00
1.829738250411575562e+00
4.847301075924767666e+00
2.215203265852554004e+00
-4.811336817265374322e+00
2.814456296946272307e+00
5.897343168532346525e+00
4.727647287715272206e+00
3.386798789369391383e+00
-1.538362900578342574e+00
3.258678939952298848e+00
-6.459661309420250408e-01
-7.190907653804748945e-01
8.115698060034747030e+00
3.378364604767184254e+00
-5.255250696105508545e+00
1.201178438174877572e+00
1.816471644889891879e+00
-5.348115118080580821e-01
2.496511697248868344e+00
