3.321008275195138193e+00
7.122770206580952390e+00
5.799653672979879104e+00
-1.767201830386337047e+00
-5.311684049427740639e-01
3.508979499610526354e+00
6.271992184846330254e+00
-4.421256025161850012e+00
2.625019750634671301e+00
-2.462595579730378903e-01
1.045553742928149843e+00
3.786849370310831908e+00
6.949747364796183824e+00
5.568817913204495262e+00
1.595576496917700426e+00
4.775312358986672834e+00
8.157507583673892171e+00
3.372406981001788040e+00
4.819635384524298516e+00
6.257245256351090745e+00
-9.506786320993471096e-02
1.152962582758289001e+00
-4.694182768858868871e-01
-1.869806873398593972e+00
1.535342159340318924e+00
6.413558204836583343e+00
8.066957489686359395e+00
5.313299618054965201e+00
2.533471914435144745e-01
3.264559425715053198e+00
7.078272342499107417e+00
4.398309392811982299e+00
-1.982546025281217039e+00
-1.976952620260777893e+00
2.372435333005084857e-01
3.311700763793348767e-03
1.617967395056836510e+00
9.892936125524391500e+00
9.019196518077698954e-01
6.674401451180347333e-01
