9.736230293605345310e+00
-4.487377570653281467e+00
9.398693017005462780e-01
2.245774285041743035e+00
2.519972288130743365e+00
3.762148493081989731e+00
5.334786521498190659e+00
-2.270491016326383171e+00
2.123297963957052392e+00
3.523975309735020822e+00
4.044658222540600256e+00
5.943710186011944785e+00
-4.164709794532506226e-02
-2.672913074123477895e+00
1.417856730943664711e+00
5.669766431539893681e+00
-2.491503957961860749e+00
-1.140215260115248902e-01
-2.429440009544379997e+00
-7.952406801113280910e-01
6.250107621815752523e+00
3.939191206273474855e+00
4.664378421798475394e+00
1.032727935312809286e+01
-1.556990183027176622e+00
9.992579495881287466e-01
7.240298797163620570e+00
6.873662015017138749e-02
-3.339467914774950419e+00
-1.994311113613935482e-01
7.013731477975109208e+00
6.794995171408171331e-01
-3.322094782742101238e+00
3.108567851806299132e+00
3.503030008727040734e+00
2.036000502966825110e+00
5.667749483127398236e+00
6.602234357774298346e+00
-2.730453262568419692e+00
3.936547698273367590e+00
