-7.416449649537476541e-01
6.764377299308373281e+00
2.043188321244139516e+00
-1.564709676735643873e+00
1.331976975634780347e+00
7.550461632685990132e+00
2.122181552673188878e-02
-4.866708733334078052e-01
2.799181131901547825e+00
6.667025534291730615e+00
-2.639113838015129332e+00
3.932039280441057993e+00
2.151700695348954362e+00
1.850200957741075625e+00
5.625158662862332903e+00
5.220156082141673703e-01
-1.366184505913785818e+00
3.652930345121712108e+00
1.019484822957398862e+01
5.000246714414252835e+00
2.030193326614078142e+00
3.232143173418903004e+00
7.837778129031429231e+00
5.499054793352093462e+00
-1.581079538978400478e-01
3.952964107273999161e+00
4.475655747517578220e+00
5.342078567376606024e+00
4.805556267497276046e+00
-1.934553137124592981e+00
1.728680408038848482e+00
8.166662118333752218e+00
6.625219684081314675e+00
-6.579957410986011501e-01
5.720536247697228127e+00
3.247380267847228996e+00
-1.022554903275672444e+00
1.709554488411778594e+00
9.241004745231869322e+00
3.415608892746611502e+00
