1.011127327588254055e+01
-8.912721175525856188e-01
8.519606051768256749e-02
1.002358619520417271e+00
5.536359836125036571e-01
2.849431776008219064e+00
3.146894408758855288e+00
2.954584491605141139e+00
-2.597761020524595454e-01
-3.458812704575027208e+00
-1.658995767417908551e+00
1.547576014985926118e+00
2.156990589746729636e+00
-2.104516154228774028e+00
4.196993151507224518e-01
-8.002188052300733823e-01
6.900066062214002649e+00
1.049930934179289466e+01
2.761966852619247792e+00
3.491265561215995294e+00
3.563281288242202027e+00
3.884557214658159285e+00
4.845207889464424156e+00
5.864214755551859781e+00
1.066761907171614343e+00
-3.917147664353295866e+00
-1.190444187321718361e-01
5.873415938350296628e+00
3.427443943622750844e+00
-1.772563767183293226e+00
2.680812921482818911e+00
7.077365395961337846e+00
-1.985720862595770742e+00
3.971154666712810144e+00
3.435616483007092548e+00
2.697897987869503744e+00
6.522726820760301081e+00
2.495277202682539386e+00
-2.013278248523361569e+00
3.118812736925132612e+00
