-2.297948859084493201e+00
-3.304969182935731276e+00
6.339592527470867545e+00
4.116108086024246049e+00
-2.631183144060574630e+00
8.882556653131852276e-01
4.705152939403105528e+00
7.096345679881746804e+00
-4.316531443959145342e+00
1.378461817984965920e+00
-1.954931041795390012e+00
5.655850139644948982e-01
6.159394058548599560e+00
5.859421862677751669e+00
1.599577042073819566e+00
-2.351124269976859082e+00
2.253778885086577422e+00
4.121527649936179039e+00
9.289924331736264307e+00
6.872074290496939852e+00
-1.845336348617915956e+00
2.604878865199357740e+00
-1.543563977694915490e+00
3.149241485254847817e-01
7.081812533203645010e+00
1.143913417472072425e+01
-1.227818359508221047e+00
3.142942977363231805e+00
5.275691823398007685e+00
3.829193044894975806e+00
5.669252783987375643e+00
4.888018324495408073e+00
1.231713663678655424e+00
3.804629048659065482e+00
1.764884818235391006e-01
-1.552938267650054271e+00
9.676852979742893712e-01
7.781676510163474170e+00
-5.203742634620162066e-01
-3.078687875765211857e+00
