2.193201408062400937e+00
-4.091821267167567555e+00
-1.559240724775043718e+00
1.052332372611202871e+01
1.259530129055752568e-02
1.737849879529341335e+00
2.599988698486048300e+00
1.650902339397645413e+00
2.213634875705122518e+00
7.227665015100006585e+00
-1.714145356255690977e+00
3.095305733115305546e+00
-3.196570312568653982e+00
1.211277857645858491e+00
9.374953223792202195e+00
2.200264689549526587e+00
6.407047470519619203e+00
3.479976828994699733e+00
-9.384225168780037096e-01
1.358689215148799478e+00
2.218564925408342159e+00
7.175073268777054203e+00
8.593197741535398393e+00
9.198030135081546321e-01
5.077978575288457641e+00
4.742676863317313973e+00
-1.893158254302424126e+00
3.897298377658739543e+00
2.587256387103410216e+00
1.916307867854712521e+00
4.084569603027281559e+00
5.209466817577427911e+00
-2.249972762148685579e+00
-1.117300504686829177e+00
9.721320491926005447e-01
9.016581604453524079e+00
1.505657033790555044e+00
-2.864030555066301442e+00
6.466653558166943760e-01
5.373887347740003761e+00
