-1.994067936969822874e+00
1.119940759534396868e+00
-3.310455873393538084e+00
-1.306315277465367686e+00
8.399694786083504283e+00
4.889919319607321846e+00
3.665873436011618747e+00
6.966442424737734562e+00
5.055465586622053031e+00
1.732045385488008016e+00
1.414460407144535692e+00
4.485548005740157329e+00
1.014776571527968629e+00
2.146854263028727061e+00
1.007845153133557226e+01
-1.723190639694992754e+00
-3.592291156772793759e+00
2.521658830670230778e+00
4.464910921262277732e+00
5.026227283918545119e+00
8.131205302786346678e+00
3.584764573251738029e-01
-5.456430468637138098e+00
-2.535604470903464192e-01
5.711952072805095426e+00
4.879482751226550619e+00
3.349311316931317950e-02
4.977724668598011881e+00
8.851840089931831912e+00
1.244063586922781850e+00
1.918597080923019726e+00
3.483859547534141066e-01
-1.325729452762238969e+00
1.095916121044550273e+00
5.606027869007967013e+00
5.064208495534661125e+00
-3.179825973295941743e+00
3.698041315800448814e+00
4.841209525048022932e+00
4.593968256327959132e+00
