3.223210952760671155e+00
4.602441080384059191e+00
4.305119242980313565e+00
1.934020998953317916e+00
-2.371615039775767819e+00
5.500308554229853542e-01
-1.460057699711461821e+00
1.957901768276357535e+00
2.623969834665636824e+00
-5.032333998086214955e+00
-3.226189155600323932e+00
4.708811993764983939e+00
4.837335658367190594e-01
-4.036229520856229769e+00
-3.646076443255966471e+00
4.863113042668222974e+00
8.380087823133358427e+00
-3.829053253690706704e+00
3.790063336047583498e+00
3.571613449271673346e-01
3.913557839557020301e+00
4.114234036126059202e+00
1.586347802139802310e+00
3.207355513370120370e+00
7.780783499277631243e+00
4.715241795954481674e+00
-1.487518790916180889e+00
5.511661224275334447e+00
3.634088066399771666e+00
-1.063763437365990328e+00
2.619840320694840852e+00
7.719231495579608193e+00
1.233500188696577293e+00
-3.521344879649818793e+00
-6.395586487443823964e-01
-7.237436944649868753e-01
5.493765459572623300e+00
7.227568572016425108e+00
-1.925241296154154069e+00
3.157993318747865708e+00
