8.730207121201940978e+00
-4.325640659502161256e-01
5.213888762179341718e+00
2.130420904402798410e+00
-6.007893153946434195e-01
-2.184177392860507660e-01
7.639610776027869754e+00
-2.281637321153636155e-01
-4.110610189581473506e+00
2.547580679759326561e+00
4.843220087348133696e+00
5.305268676079766266e+00
6.298711095693237283e+00
2.990544297268441731e+00
9.130431223795318907e-01
-2.139303838493820553e+00
-3.938319732764395953e-01
-8.005726638050056909e-01
7.816030063182171972e+00
3.430697192334820067e-01
-9.729272835481153070e-01
1.075569698627653281e+00
4.801421447347069105e+00
6.509135523891650621e+00
5.161133702366645926e-01
4.140366611772534178e+00
3.033234972574937238e+00
1.795938475667605838e-01
2.760368380130372223e+00
6.834637401497055897e+00
2.310196608355521875e+00
3.834739071385531162e+00
1.016646258052857199e+01
2.938170940962648636e+00
1.938873475766117238e+00
6.660964093196328761e+00
4.516518750010299676e+00
-2.574304933195040501e+00
-2.767145914531830564e-01
3.198102741605543198e+00
