-8.390212755026954738e+00
1.652756027474366674e+00
1.632754137773449354e+00
2.994545051480332010e+00
3.590935849808590152e+00
3.094983391140551099e+00
6.038418018969069934e+00
5.864780865566811663e+00
-1.928225462824210146e+00
4.220662843535827768e+00
9.136442790559787142e+00
1.285908399231619481e-02
-1.607865550151477807e+00
-8.391384356052379312e-01
1.392934514232374354e+00
4.506865491681163682e+00
1.029802769821274744e+01
-1.122496656697281825e+00
-1.209069508490273837e+00
2.893173450756199028e+00
8.071025420910924453e+00
6.688985373548038460e+00
-1.365130788608746037e+00
-4.106006613526518301e+00
-6.372683573176348704e-01
-2.488066864919347698e-01
-5.305406153921794488e-01
3.047880263276008250e+00
1.123562191251326148e+01
1.752382102646101725e+00
5.133906315352833039e-01
-2.693402625260131744e-01
7.645448841667179529e-01
2.018037879477145413e+00
6.514745828320453569e+00
5.816148494801652191e+00
-3.334557362498480337e+00
2.100335060032917589e+00
1.215047292524721279e+01
-2.760489432134706433e+00
