1.337032088026020915e+00
-5.891445801227871426e-01
-1.156827826877461440e+00
9.431200953821461397e+00
6.194237383819051201e-01
-4.909612652967131119e+00
1.991148905147375858e+00
2.215529038500755110e+00
2.471770701377097534e+00
7.356463577649408059e+00
4.749609943986182969e+00
-3.488484559775617555e+00
4.433145176669357923e+00
4.511320310802538813e+00
-2.594403022439975004e+00
2.341413431166756265e+00
6.981626366235752279e+00
5.958775811186604265e+00
-1.604670945362101087e+00
-2.012966185741440928e+00
-1.114959894064053492e+00
1.004783520020954279e+00
5.053072707980641454e+00
1.013278721524355497e+01
1.039985069008599883e+00
-1.880250626104601253e+00
4.699402546278032666e+00
3.081224687043984556e+00
2.436847945356332534e+00
5.029444019358694895e+00
-2.628736419833270777e+00
-1.567301330163423989e+00
-1.166370206830274592e+00
4.586501986231594330e+00
9.829135708584823661e+00
4.061512274904570674e+00
-8.528001520359776988e-01
-1.748964815836603570e+00
3.074630831466472536e+00
1.696819621372199993e+00
