4.987258041552713017e+00
8.913052604282437841e+00
6.856762184592645859e+00
-7.116815082873478859e-01
1.676524055307208494e+00
4.425691908049116385e+00
3.691933737382531611e+00
4.188085138920637718e+00
1.040529806581953043e+00
-2.074724199404530900e+00
2.648643516928316899e+00
8.840626751862457056e+00
-1.168767053765001229e+00
-2.387645499843597197e+00
1.433355104152025383e+00
3.330854014055590451e+00
6.846772556679052713e+00
-3.779191240498796400e+00
4.222504660598292436e-01
-3.509575762395701570e+00
5.388025113629725915e+00
5.077844838043805709e+00
4.040761775694740043e-01
3.214125177434542291e+00
6.307491618031129121e+00
-1.341595302293073777e+00
2.316050985679741547e+00
3.427795438919304605e+00
8.438836880649230210e+00
-3.484038049696144501e+00
-1.202957422442914481e+00
3.295539196550924643e+00
3.310311867207173631e+00
2.283529073858448388e+00
5.563815622343895484e+00
2.758963245667629849e+00
-3.763494081908694167e+00
3.890763121362376786e+00
-1.035066794208064023e+00
1.287787675204988380e+00
