-4.020959546043769706e+00
7.877513468346004633e-01
7.336767087770900808e+00
3.084629497353575278e+00
3.259745213593198687e-01
4.888574074636171218e+00
3.930131305707961431e+00
-2.104240442758871676e+00
3.607295550098674308e+00
7.660490300936402264e+00
4.917835002900940999e+00
2.496951330366568911e+00
-2.716689490745692215e+00
1.005277753002808305e+00
5.764783015998129478e+00
7.896924897696597334e+00
-2.425135240801698178e+00
2.451166260781814987e+00
-1.913536763466746171e+00
1.275025627958334296e+00
2.609353966207471398e+00
7.578170221034238097e+00
6.884227255097059128e+00
-2.069731388764946445e+00
1.265019542792150675e+00
-2.313604669024235339e+00
3.918230225903397423e-01
3.647804783392565753e+00
5.876865441232220988e+00
5.812444454872676580e+00
1.659579391101435153e+00
-4.966473727839810337e+00
-8.456056097775734859e-01
-2.312318557767814031e+00
5.686444288514451273e+00
2.874351869266145165e+00
-1.020031459073073687e+00
2.384430238399487312e+00
9.298117549907230384e+00
2.623928223322409270e+00
