4.394383794645107422e+00
3.720434655332047758e+00
4.867437196333320948e+00
1.003195729629395183e+00
-4.934514727216974705e+00
5.235988423573883388e+00
4.505754890170721616e+00
1.511243872702566104e+00
6.847935132105661182e+00
3.236760877199116315e+00
-3.498106511928523954e+00
2.526629463541619103e+00
-1.522925912291364092e+00
-5.186895711053414182e-01
5.269724186391354870e+00
7.899510968024332058e+00
-1.610812420732123051e+00
-4.818724171484026209e-01
1.235591263887559910e+00
5.407275245002462150e+00
1.828029722784107358e+00
-2.211400179669868571e+00
2.004600032409292520e+00
7.409759033870135347e+00
6.899426592825110838e-01
-4.571195122180297332e+00
-1.688448298057819041e+00
-3.629607633585882454e+00
3.235105779959309480e+00
4.116363084026174235e+00
-1.929134959354498635e+00
1.391565939599358259e+00
9.902820558368185644e+00
-1.706510381370067053e+00
-3.217671420078973998e+00
-6.420456496092868948e-01
5.300884765671654897e+00
1.010791077734211107e+01
-1.184466612275898667e+00
2.399093308639640210e+00
