-3.316508313614329406e+00
-1.571385601613199290e+00
8.132008505374447083e+00
7.539138865808627799e+00
-3.048597401278592578e+00
3.674664985699325648e+00
4.474164717587555629e+00
5.643890432044390337e+00
5.509311413315598926e+00
1.543101697428416852e+00
4.077939944308550224e+00
6.358171399736071372e+00
5.573419313965799482e+00
2.478181305075464191e+00
3.950737410512685233e-01
4.065496373708361588e+00
4.655199702550032903e+00
-1.628577625344016996e-02
3.674136022888898179e+00
4.338244649880278914e+00
3.161870385953129414e+00
-9.021135829448980736e-01
-7.877287108847423891e-01
1.657722521690748074e+00
8.098859684959744953e-01
4.003022533938142224e+00
8.810895995185420659e+00
-5.856527705935334893e-01
-7.849271336357570572e-01
-2.512884039614551757e+00
1.518685849193594173e+00
4.562389845334993588e+00
6.854069916854894196e+00
1.027187559239870707e+00
-5.870658631783122194e-01
4.151394770551577018e+00
5.197898801881621011e+00
-1.851505356057633556e+00
7.201232687440009883e+00
3.176365487844587054e+00
