3.007627863992875294e+00
-7.823793757371010349e-01
4.746462270297814534e+00
5.979818363710996287e+00
-5.879693231930168906e+00
1.093336213018305969e+00
-1.113858109188287759e+00
1.023129658040044632e+00
9.055414095157289012e+00
3.425109769525139569e+00
-1.209385830674764906e+00
-1.378134827851912603e-01
1.036289523173185456e+00
2.195077968418729597e+00
6.625885411043709539e+00
5.831632173243930239e+00
-2.196214385165486505e+00
5.019254485380802322e+00
3.783280164949756497e+00
-8.233886322792592638e-02
1.983758678216860361e+00
7.190435224990792129e+00
-2.754306419662328143e+00
3.937562691086339828e-01
5.744551476268122681e-01
2.875895225755566553e+00
8.418629005195814585e+00
5.771912199466866511e+00
-2.006747796578506549e+00
3.676159416440441419e+00
5.813562582199740980e+00
-2.580614371056905831e+00
1.175044067664763325e+00
2.096378709407169083e+00
7.513767200095023746e+00
-2.262820143371886417e+00
8.100935814692725723e-01
7.259677925009655475e-01
2.425370836284852949e+00
6.979480942378887498e+00
