3.294924440027708457e+00
1.619235668538438588e+00
4.307283953745994154e+00
1.815047236604406367e+00
-3.073011147492736406e+00
-7.495025441107453501e-01
7.744695390126944190e+00
2.025332538729837761e+00
1.956060461474161460e+00
6.208620269795655844e+00
6.739915506045576876e+00
-4.027749717904352877e+00
2.413839259642933666e+00
1.011644301553178693e-01
7.393532133242496363e-01
1.516470794637503561e+00
4.901486221089856876e+00
1.717284775489821946e+00
-3.009632538122003709e+00
4.939233203682428908e+00
7.407735144043515518e+00
4.029106330716341056e+00
5.966941768190461737e+00
-2.508084545145891298e+00
-2.726507267237275656e+00
-2.284239674314141766e+00
9.692210831081156108e-01
2.831247513906912872e+00
7.848108711387623337e+00
-3.002229034789085649e+00
-3.177747332446648088e+00
-2.105510459433078019e+00
8.560379537557295748e+00
1.708241047189776429e+00
9.914195866433579418e-01
3.642285729603557787e+00
7.650389737299425619e+00
3.523173164039245187e+00
-9.059409152684579913e-01
4.117054610743438481e+00
