-3.469798173569516586e-01
5.166357314947902957e+00
2.093608468234605002e+00
-1.803539651653057074e+00
1.480919213060689632e+00
4.497460962299057563e+00
5.053778542184613087e+00
-1.764279396314224702e+00
3.289499143834385464e+00
5.496470495231505105e+00
5.459761445348890518e+00
-1.457749542584453772e+00
-3.163234921562544599e+00
1.106535226008821260e+00
3.608956855508220762e+00
6.147184837621860964e+00
-4.469393630527849659e+00
-5.212743890081190656e-01
-4.086056973381257507e+00
5.507417841653834856e+00
7.775933747200143742e+00
-4.103169634427707990e+00
3.742712593012875733e+00
-6.652454889092799251e-01
2.599881329058688628e+00
5.481401489387474513e+00
-1.959908063176516724e-01
2.058532370840791881e+00
6.979478625245009837e+00
2.921480652818758905e+00
-2.019042735431600122e-01
4.911796303767332894e+00
9.410430654461162447e+00
-5.029027413349033138e-01
3.812004476772175021e+00
1.619001871133945780e+00
-3.308384714142077465e-01
8.961180634876921014e-03
6.406800428040372530e+00
7.862197928285151960e+00
