6.689137368209713053e+00
-4.624318371439523290e+00
-3.796080986616441333e-01
-9.102810983611870910e-01
6.966104689922167026e+00
4.225355887268283261e+00
-1.430258991544427261e+00
6.811645807857718005e+00
8.153152992006777566e+00
-4.233222277592141314e-02
3.004763839203712372e+00
4.928940502496915066e+00
4.056856092461334384e+00
-2.650891600425687056e+00
2.745997193062505115e+00
4.608030499667493451e+00
6.766444600296866341e+00
4.574061729044265334e+00
-3.628602003585378100e+00
-7.078652098174961216e-01
5.214296440583378045e-01
1.270446889840032512e+00
1.431099794464126163e+00
2.545472007367620026e+00
5.054170289761240831e+00
1.541345267717329603e+00
-2.759432334706270140e+00
4.821364652720546928e+00
4.348352361220891638e+00
4.753206112163058883e+00
4.122578513420076085e+00
-2.213258870166724956e-01
5.687872724644512878e+00
7.425468773155190050e+00
1.206197085699040050e+00
3.738681235280960635e+00
1.016023621469534399e+00
-2.734410799946604964e+00
7.635687589308728374e-01
6.153747840418844817e+00
