1.347517854005121585e+00
1.027649576730734893e+01
5.763086420307453883e-01
1.022841025496326717e+00
3.944511083197064227e+00
2.178984265260746511e+00
2.647043989412572795e+00
8.159922947745418043e+00
6.201287501513304434e+00
-1.913304756627860481e+00
5.414926391059728061e+00
2.613669940332550290e-01
-1.288900065104220838e+00
-2.538177331383506541e+00
7.860348611669497387e+00
2.519189446849303682e+00
1.342063161851300812e+00
2.382525008312921244e+00
5.448649793846589873e+00
4.218233521402984465e+00
-4.902374658802555629e+00
-1.562156912238801931e+00
9.418182627628779446e-02
4.996530256176619389e+00
6.569205388017338443e+00
5.477482482448018525e-02
1.056427678636457701e+00
4.885415529280837887e+00
2.468402241429688448e+00
-2.846258158577064101e+00
1.580636340311401211e+00
8.318477367508917197e+00
2.193340871797366809e+00
-3.502715716037189342e+00
-9.416457599959940916e-01
1.035369983308138897e+00
3.236461313126572481e+00
6.739998721160256778e+00
-3.844055161851662739e-01
4.685839763440629580e-01
