-1.158003347503626657e+00
2.553165969850215156e+00
4.826970932102550016e+00
2.190202408296873404e+00
-1.011630701015286266e-01
-1.059699189148175957e+00
-8.439303437437196687e-01
2.717866612474816534e+00
8.808949886056971934e+00
3.559244030270073633e+00
3.383788949690075931e+00
1.973171969246636959e+00
-8.120819945610541213e-01
3.609408841456762662e+00
9.511558174963948176e+00
6.665388552233005859e-01
3.729534007785751948e-01
-1.908195822574073885e-01
2.876157550943844843e+00
6.616714785770663632e+00
-6.557570748400478600e-01
-5.063939689334867822e+00
3.192920283915698931e+00
3.400779056295589076e+00
4.701687154712060668e+00
2.550541994002383017e+00
-3.336073494187963728e+00
1.179106288172624639e+00
8.444447454494204308e+00
-1.955484654543869327e+00
-4.156849537575125986e+00
1.161879922690701311e-01
5.063494954827938876e+00
8.625634315216760939e+00
2.451274493578161184e+00
4.781182771169357082e+00
7.488485057142705514e+00
7.481342477747134012e+00
3.382635302651812559e+00
-5.890655089955850521e+00
