2.206707509226752961e+00
6.343201857254813447e+00
4.573883868340339887e-01
3.040545179590999680e+00
1.008849465674990498e+01
7.211923466922104176e+00
-2.162900013012448941e+00
3.728987249646348978e+00
5.429455631378801606e+00
-3.647244253019563676e+00
1.306410648749354086e+00
1.566619436820900102e+00
5.014364118565798556e+00
3.758187491591280072e+00
-3.026529574550273605e+00
1.510475172060129934e+00
3.054573981166393892e+00
8.074847883413085015e+00
-3.488601091528058973e+00
-5.808475278555426113e-01
1.184147199844968884e-01
1.534354126065991641e+00
9.689906783079639041e+00
-1.024484409096846349e-01
2.262258280109000541e+00
2.277860577829943889e+00
6.244281512447402704e+00
1.152082209604492702e+00
4.993472887021954687e-01
2.125450454272251211e+00
8.473977363589426659e+00
-6.148591338514073357e-01
3.046193351118116954e+00
1.127656283758203148e+00
3.359463343560427973e+00
9.500957731992345501e+00
-6.093334007805674135e-01
-1.361164647869206046e-01
3.684312718247403362e-01
-5.962368261950891091e-01
