7.965323857706127164e+00
2.113413905285210337e+00
-2.896072745412141103e+00
-6.748909295069245584e-02
2.974542556395500803e+00
5.287997681236415559e+00
-2.518183455693111306e+00
2.762877180669319532e+00
4.447141823416366435e+00
7.053743257430705071e+00
-2.652142540321932973e+00
-1.761330591965581949e+00
-3.959188684934511482e-01
7.995667555820261674e-01
7.132596142156148566e+00
3.851650402513388805e-02
-5.111580473557637561e+00
1.946661096491556497e+00
1.912292049324702647e+00
7.430673976650161272e+00
4.028723781096264389e+00
-2.259309493930253598e+00
4.664441243081834720e+00
4.454141712538526754e+00
3.114394092642189360e+00
4.881432482932142491e+00
2.649447012490038666e+00
-2.462789010248741306e+00
3.362746324298240275e+00
6.126141742618967712e+00
5.170166719289133184e+00
2.365153825305291502e+00
1.392122354513320115e+00
6.570276964500868289e+00
7.177525452244717385e+00
4.674633598958871872e+00
5.219242333791339838e+00
-3.510048106877388552e+00
1.376361528385962485e+00
3.575685125066999426e+00
