9.842624259574447976e+00
9.608050753161301305e-01
3.105218352283479089e+00
3.568061154214344555e+00
2.789376680624568561e+00
4.459075167824810393e+00
3.955529346199309959e+00
1.836644515131569122e-01
-6.744846811649501950e-01
-5.786686440694723821e-01
-5.436986209108426449e-01
1.729265533622406981e+00
3.427249124473670250e+00
1.062648817259693595e-01
2.419921609209926494e+00
3.914138429438470901e+00
8.925708308192406903e+00
5.570896296795874392e+00
-3.955830984402421535e+00
4.010616314041905994e+00
9.307271850118066681e+00
5.302570081517426814e+00
1.662524062910742284e+00
1.043001731057113801e-01
-1.926082028453796946e+00
-2.412651512266524301e-01
-1.295808544879021973e+00
5.032037089186572665e+00
3.647687055579849513e+00
-1.884678635631811483e+00
2.165896269548876152e+00
8.542448356226694628e+00
3.509305524679563693e+00
4.756104602025408745e+00
7.224562081003246483e+00
3.567187479156090468e+00
1.972677460117949311e+00
-1.305664935306681151e+00
-9.124203244530731949e-02
1.836548522098363723e+00
