2.855520652092194744e+00
7.471556706146611937e+00
6.644709953313740591e+00
9.039355372784015685e+00
2.593594833006068079e+00
-8.669139121021284256e-01
4.492912347788101002e+00
4.288730066439493172e+00
2.881002934516452729e+00
1.869092748335077769e-01
-2.473104767600392329e+00
2.148219939118561239e+00
5.253137782482461660e+00
6.743933579109672394e+00
6.238495991673686625e+00
-3.556839113257433294e+00
-5.440589134460539489e-01
3.693176774125952910e+00
2.713710192229843443e+00
2.127968698815580151e+00
4.352848947066388696e+00
5.983249698634190317e+00
-7.661489420173068776e-01
4.455003509006481899e+00
2.595209090933964013e+00
4.000013658411019968e+00
1.264716516880294250e+01
2.536910900742982644e+00
2.587034436239646351e-01
7.557974801034534895e-01
-9.807932009887354585e-01
-5.695573111897574980e-01
8.207009807770051069e+00
2.261546991285967589e+00
-3.162377315623631002e+00
2.807663589020666706e+00
8.289529974279570723e+00
3.159023310041150889e+00
-2.471130554671097546e+00
-3.499017237082551635e+00
