1.723056544352047914e-01
2.465367500229598718e+00
-4.232405936217590869e-01
4.040056667346088481e+00
8.358733225333109473e+00
2.769260986465780228e+00
7.273074401015316992e-01
-1.891654148813672665e+00
5.471551054161319705e+00
8.522282592715249905e+00
4.610021386380521058e+00
6.136695231280965501e+00
4.163201234332550293e-01
1.129090622245947362e+00
3.984554031768862803e+00
5.303086849714039985e+00
4.735927867351536591e+00
7.257030382900093723e-01
-3.951978272498330558e+00
-3.388726373672283632e-02
4.470397479408320107e-01
1.633310976621765720e+00
6.483310369568083154e+00
5.532991395114652100e+00
-2.267470681681556854e+00
3.502112251351966687e+00
1.055865912682362406e+01
-7.987021321778529082e-01
1.697983182964968085e+00
4.328931094167525195e+00
-9.704125389508180266e-01
1.743832112374337773e-01
1.536190693060147661e+00
7.214738075579500531e+00
3.816347366164610122e+00
-2.978248936545174086e+00
9.518314249039170338e-01
5.655851770156645308e+00
1.210215604280572776e+01
-3.957350531571894314e-01
