3.030211884526443189e+00
6.106613553954900908e+00
6.549302575466706244e+00
-8.405389175339681440e-01
6.228200314220933009e+00
1.006697500176514914e+01
3.086145627459972562e+00
7.410078105758612921e-01
-5.055201305877496942e+00
1.897314111041288776e+00
-6.919357582050846833e-01
-1.258654602227225583e+00
7.841380148924685933e+00
9.453539251010575351e-01
-4.754382222677357106e+00
1.287610747756198659e+00
7.451296468395780526e-01
2.837765884880712797e+00
5.474233485230755036e+00
5.500523124993238255e+00
2.453339119872507634e+00
-2.484625078289734113e+00
-2.207839114806483316e+00
7.726161632027457593e-02
1.860642628623369932e+00
6.642355442791976650e+00
3.198711606175761002e+00
-6.218225591258353724e+00
1.428921373005413109e+00
7.987204913824427877e+00
6.526816455665827910e+00
-1.027572013162729725e+00
6.734203122434904154e-01
-1.990158860385275119e+00
4.005587718241328532e-01
1.724252959920683059e+00
6.215426538267049494e+00
-1.027945891981480342e+00
-3.089947928248793385e+00
3.048327122346167872e+00
