6.632969844875380439e+00
5.167220976884740580e+00
-2.524440502964273580e+00
9.282816598305556610e-01
3.845796058181373045e+00
6.741827769380670965e+00
-1.863475995052131573e+00
-1.728662631862518673e+00
2.629971778183796793e+00
8.478536816040058710e+00
2.983803130986102392e+00
5.292084880523241219e-01
-3.283927637128563504e+00
-2.627434366420774992e-01
9.130477131446206041e-02
4.143352990504020283e+00
9.150978531852208775e+00
7.906487464780019181e+00
1.852517969988145552e+00
2.147446324384794103e+00
6.624249929286897931e+00
3.069207333233308521e+00
-2.539718681234414355e+00
4.290924154542319791e+00
5.820058650263252531e+00
1.439493941392947285e+00
5.080944579074573753e+00
5.608925533436694089e+00
2.662310919529860431e+00
5.750661823029801667e+00
5.204964792148250474e+00
-3.987883061466301449e+00
2.909469944308603839e+00
4.625762954113854519e+00
8.011613559578968369e-01
2.257575217309683246e+00
6.666236865757459107e+00
-2.836978271329742451e+00
2.242868016569095069e+00
1.582726307561712620e+00
