9.970108409151859918e-01
1.141678627216972775e+00
-1.371553292580240502e+00
4.281112646040726943e+00
7.435816914200359840e+00
5.947466770050418017e-01
5.644138464835481983e+00
7.616800314106874303e+00
1.541155721335538908e+00
5.762357318490256120e+00
1.042165106322642565e+01
9.775393174735632629e-01
4.052534654553242355e+00
5.614660862239507999e+00
-3.721742457048229369e+00
2.310182426645661646e+00
9.271747205530919134e-01
2.989473775386876309e+00
6.581633391092840846e+00
7.213025306509067036e+00
4.419323694668405800e+00
2.240877754238011499e-01
-2.221098169415634871e+00
1.376659245287003563e-01
4.654702556308047967e+00
9.951139204668180582e+00
-3.031901475087126485e-01
4.338871557581668981e+00
6.653189224613017316e+00
3.198713353472149912e+00
5.106331739685744608e+00
5.576628740456162525e+00
-6.252199946554426901e+00
-6.620905839900179668e-01
1.192048328981659688e+00
6.007890557913023066e+00
6.320127084958284680e-01
3.397764273737501117e+00
7.087946119989362970e+00
-2.748332852716870445e+00
