1.027478751144129987e+01
1.906983797857192631e+00
2.554057407598579132e+00
1.169798131397860486e+00
-2.155290518323173254e-01
7.948720364366926860e-01
7.636701061098387200e+00
-1.237269783544327817e+00
1.212732305643725583e+00
1.553529655423087075e+00
7.847582006771691709e+00
6.181148303409710998e+00
-3.659106115532502201e+00
1.777233200654253720e+00
1.748431129877961787e+00
2.593611811737223660e-01
1.689357940506100997e+00
2.785991982909603593e+00
7.643589545465592217e+00
-2.189591351860335766e-02
2.513417507084660940e-01
2.272616667277381541e+00
7.862742660666341088e+00
4.700346524282129401e+00
-3.691154686453430034e-01
4.833279924639613867e+00
4.758903896893582619e+00
1.440359176137021802e+00
4.877514001281879175e+00
1.034501693182121507e+01
5.586424468067058946e+00
4.001213820105447461e+00
5.092117787891798031e+00
-1.030875050355929190e+00
2.746312754097080866e+00
6.938594583129061633e+00
-2.654873136664620770e+00
-7.260128914128176625e-01
-2.458535447978886235e-01
4.458358039120016159e+00
