4.870474120757795511e+00
-1.059891356007155894e+00
4.690046016619763058e+00
7.854613483288358289e+00
-8.152160523899109057e-01
-4.787246377362696315e+00
-1.039731643361034852e+00
2.099303245044818134e+00
8.082785583246204553e+00
3.908104302855043954e+00
2.715542038532347213e+00
-9.483798294599246059e-01
7.198905294465690607e-02
7.908843207564379973e-01
5.100601992272527418e+00
8.585878925756725621e+00
-1.991650011324606728e+00
3.221433635615115865e+00
1.865352841776637405e+00
-1.270470938137978900e-01
1.138205855222974794e+00
7.596403209777482068e+00
-1.226230144778182485e+00
-2.976939938887727344e+00
2.623189866547313565e-01
1.790115281933750468e+00
6.095847700044647155e+00
8.710078699646278011e+00
8.152326026116899493e-01
2.993484441413837072e+00
6.166659483752366278e+00
-1.316183000117606250e+00
-1.138052434798298984e+00
1.156127227917339795e+00
7.895968096660366697e+00
-1.349245224067610271e+00
-2.380285686466764083e+00
2.974074091601443259e-02
1.365346377803834388e+00
5.875052814280925517e+00
