6.220325549977378188e+00
6.668899575232370758e+00
4.352503100473693876e-02
1.551705721932562954e+00
6.964116390038636029e-01
-4.056750987333189507e+00
-7.484176482435460631e-01
5.802947943958864485e+00
4.997682458756967705e+00
-2.602550966080172112e-01
4.321041762998228286e+00
6.209981683080048498e+00
-3.595160405643354373e+00
2.784587571815165141e+00
1.499561197390147704e+00
2.098305923184051291e+00
6.475330592236438143e+00
-2.073393085888808329e+00
-3.525627321712943019e-02
-1.350559231916978187e-01
8.970809787467786123e+00
3.552322123067789050e+00
-5.854443982091077636e+00
1.186951178718157029e+00
4.248331810995775726e+00
6.998739108468356562e+00
-2.065135323051413785e+00
2.282662436932974270e-01
1.824078782222182671e+00
8.988624795974070381e+00
2.964128700832136865e+00
-2.407059593955356291e+00
3.606750116813137286e+00
8.718579964049656184e+00
-3.066641291378634282e+00
-2.577982986473444926e-01
-1.065706449434436598e+00
1.937789689292580553e+00
7.960040283206856415e+00
6.848565258660157085e+00
