-4.313973278613328688e+00
1.058960022634167109e+00
1.653138627428721419e+00
9.836725980460375496e+00
3.021758471357530729e-01
-6.193025792166617194e+00
-3.210234292578897919e-02
8.509540177230430658e+00
4.870405540741302275e+00
-4.408698647316057873e+00
1.906988184881977411e+00
-4.409591673894885933e-01
-2.488392693807567890e-01
-1.731075408541951965e+00
1.089457786405941597e+00
6.777140469029738767e+00
3.168377112054063804e+00
3.526728894356720989e+00
5.101289350510586296e+00
-2.266833512446515542e+00
-1.830516959664413745e+00
1.491023739171301710e+00
2.790142308095092005e+00
8.450693699062073350e+00
6.436308256050063292e+00
1.263886064916480034e+00
4.907313917263150138e+00
-8.548687290368712777e-01
6.856747063345238757e-01
2.776320289169333488e+00
1.233413369150450301e+01
2.492894618780513660e+00
-1.637705199220979457e+00
4.457214132841766485e+00
2.321116623305831128e-01
4.087050616639629652e+00
1.878662352519010037e+00
1.880780807227265816e+00
6.110338598674529109e+00
-1.102537620768458737e+00
