8.795105224582114190e+00
-1.283058290685835878e+00
4.927706454550383697e+00
1.884212570822373367e+00
-5.214952887725541331e-01
-3.905672119891150929e-01
7.634630959152899798e+00
5.291680976306289974e-01
-4.501505206815850535e+00
2.983515583259268578e+00
3.864701028987633791e+00
4.675249675835797092e+00
6.426563091676730899e+00
3.633135521460026496e+00
1.641085684662842770e+00
-2.316680353610358623e+00
-8.369834557257121999e-01
-8.954609120553252977e-01
7.834331278682362232e+00
1.440328589734614639e-01
-1.220234912611065647e+00
1.001840867886276243e+00
4.425401283409309272e+00
6.549745556725564022e+00
3.772030906029832376e-01
4.064478823495247362e+00
2.911413773780215486e+00
5.959501031808537436e-02
2.567286157165431071e+00
6.615383811920937163e+00
1.893516165102589799e+00
3.449416552256646007e+00
1.011372455234717549e+01
3.328962192775492657e+00
2.112349930375053475e+00
6.493926784804318508e+00
5.341375372298917235e+00
-1.757312559121507300e+00
-6.843155419356533598e-01
3.208006112879867811e+00
