1.794005582441345004e+00
1.020064364682822600e+01
6.531778402226339209e-01
1.124309598552959644e+00
4.140169693786352134e+00
2.613205096037804598e+00
3.159299918635647852e+00
8.451428083019187909e+00
4.917036203627454860e+00
-2.075382311259526880e+00
5.832727253945388490e+00
6.680091825723206700e-01
-1.110798611054134577e+00
-2.473130516777345189e+00
7.511186884515878681e+00
3.630011464158636070e+00
1.036329719123966653e+00
2.664010128616761008e+00
5.727862253297737460e+00
2.936330840071327941e+00
-5.258449611698499560e+00
-6.570731029187673045e-01
-1.750658022175967648e-03
5.099902310334789135e+00
6.571025718481551259e+00
-5.191312125336369210e-01
1.296691071297984443e+00
5.083339551707624082e+00
1.999319517454191786e+00
-2.752059335750904445e+00
1.222485034981620755e+00
8.508380767722202975e+00
1.009542203951833361e+00
-3.595516889209682265e+00
-5.901950678456572286e-01
1.092700398899477454e+00
3.649808729604768320e+00
6.596926260939370401e+00
-7.238260529122672038e-01
8.089307214726583206e-01
