4.887435029257439112e+00
8.813128588193505308e+00
4.264893125634500848e+00
3.576651719052488687e+00
2.253115291551337496e+00
-5.955342506527302682e+00
1.699733887616494021e+00
4.509322531258775690e+00
5.159435902873912738e+00
-4.197938742789908417e-01
3.775461448697972511e+00
7.851018477114252825e+00
-1.145622778862231073e+00
-1.674993654393959641e+00
-4.174768425960901919e-01
8.295490673991454678e-01
6.692315081849153025e+00
-1.951864181865820003e-01
-3.155286851200292286e+00
1.473172768018964351e+00
8.665913644559031681e+00
7.837580893659898962e+00
2.148967952810133752e+00
-9.701418632614063897e-01
3.112818130323470989e+00
7.178487817730397680e+00
1.807881216157139592e+00
-1.540796561601601944e+00
1.958031772968164441e+00
7.249821979088316048e+00
7.036104248143673523e+00
-3.056853672684227696e-01
3.910317863840782948e+00
7.676466809497403787e+00
3.974741640242739571e+00
-1.641052675533435590e+00
-2.046569211551354073e+00
3.092406212291892942e+00
5.476276133457090189e+00
2.380354181852216477e+00
