8.982632340978579322e+00
-1.464845490697641806e+00
-1.314085156538836952e+00
3.684204279537242943e+00
5.249881065475756614e+00
1.443159570629357902e-01
3.713917953813462347e+00
5.422764218332098096e+00
-5.236093280791309645e+00
5.582265490059747925e+00
3.244392114917374226e+00
4.180217141391925573e+00
5.897746494079513901e+00
-2.101045170216937041e+00
2.644238384358839955e+00
1.956221758950982936e+00
1.303799938856125884e+00
5.552907628078555646e+00
2.543966327847978270e+00
-2.990450936623842981e+00
2.303798228817711680e-01
1.004200179398990400e+01
-1.174811894914196797e+00
2.235018736304383857e+00
2.886892691033481562e+00
1.534391865433535118e+00
2.119654616310382877e+00
1.242945833341540629e+00
3.618072743162820348e+00
4.814789240681358606e+00
-1.040480186916225014e+00
2.627996829309601434e+00
8.136144534328357381e+00
-2.534713408814099012e+00
2.994694738354137353e+00
3.352863322146633518e+00
6.324124890277882827e+00
7.682722881051618380e+00
-2.356104236479746733e-02
3.772262306927563369e+00
