1.805828133384207890e+00
-5.106430624383208716e+00
5.205071576018906576e+00
6.949814061656191200e+00
5.211554420752515071e+00
7.917162075266311660e+00
1.629512314398920303e+00
4.017541599119211604e+00
5.687050042083706458e+00
4.953896545784462369e+00
5.705397006039328645e+00
-1.566953737256335244e-02
-5.719807511357207552e+00
-2.576687145699820269e-01
4.664211023947922641e+00
3.242454645093273857e+00
3.302302341678366449e-01
1.952788429188332398e+00
3.565073550428913052e+00
6.121386520025365208e+00
-5.402696836012804704e-01
-3.288904729621449974e+00
-2.145692769877916573e-01
8.312747021294008221e+00
-5.892090425718784497e-01
1.577864724842007016e+00
7.007864064714524943e+00
3.182680841585790343e+00
-1.644497476312034578e+00
3.497065642954678477e+00
9.276301970158636223e+00
1.596451199735859250e+00
4.898003358886787950e+00
8.743794904706788884e+00
1.289369530837819022e+00
-2.047263426527495156e+00
-2.755438588812072709e+00
1.299720501312399801e+00
4.330775882884565497e+00
6.297559492528955083e+00
