4.690548150896671764e+00
-3.700896737589254748e+00
1.859508610259996697e+00
9.704837650429313456e+00
3.353265566109606688e+00
-4.604816669282819630e-01
4.558268632326900160e+00
2.614621417564996442e+00
-6.752800735073898331e-01
3.267257113652188849e+00
1.058368691069361489e+01
-1.201359398282993984e+00
2.557775295915896585e+00
1.797790466945480503e+00
4.721727019135889769e+00
7.645669286020465805e+00
2.091544113849111319e+00
4.189019658989794892e-01
-1.158320913087454995e+00
1.008047642811853883e+00
-9.068853829249944321e-01
5.854177278358326575e+00
8.047697441494996440e+00
-1.064626620949727043e+00
4.629957614261329901e+00
6.137657637275376388e+00
3.508084487196807544e+00
4.311049074175099527e+00
4.419631682572155995e+00
5.386588811402682753e-01
4.194321797454210188e-01
3.802320828581174705e+00
9.431530273632368733e+00
3.916195435155785720e+00
4.952173176885387385e+00
7.105221305219622252e+00
-4.054753507600104889e+00
8.701813521166248955e-02
-1.799056832376293436e-01
4.197876293679428272e+00
