7.036646967722827384e+00
1.002786647164813338e+01
7.366053850179510754e+00
5.857851993654567657e+00
2.545503431426428431e+00
-1.376991914251479709e+00
3.851809307597094278e+00
1.091053132306527651e+01
1.181793130854994267e+00
-4.972269505281283197e-01
2.006701206366981349e+00
2.645436056737942909e+00
5.992258269705795115e+00
1.124479407896994188e+00
-1.871398711458824637e+00
5.351699863362872067e-01
1.108103545341440466e+01
-2.934772101458071880e+00
2.089858100801634144e+00
1.218830273584905921e+00
1.030898160491296567e+00
2.838206471419677523e+00
4.330836388708540596e+00
6.573147390292741754e+00
8.553905848975485782e+00
3.830324730855427795e-01
-1.196350466748952179e+00
5.355630680023505619e+00
7.431658698870697854e+00
-1.144453786201614198e+00
6.396406781347660164e+00
1.413068561482349939e+00
-1.845590297601238605e+00
-1.744153373615854319e-01
2.549646423025035524e+00
1.042393416152645003e+01
6.298709262363644257e-01
8.738542862347201678e-01
3.798849793697727684e+00
4.260975618967369982e+00
