3.847659475946417551e+00
-5.360423580443909763e+00
2.430482939566037004e+00
7.011129604378691482e+00
8.665142196988742995e+00
4.193345338076087891e+00
-3.016527328990004975e+00
1.514985438579491861e+00
9.098483250557761082e+00
3.213280370627624283e+00
-2.066127575555268159e+00
5.458472488933754363e+00
7.022532509353395014e+00
6.723052842401057161e-01
4.926043687693939077e+00
7.024026046766593367e+00
-2.569064109179765243e+00
4.284302363717563678e-01
-1.858796807184609490e+00
1.721803443793411992e+00
3.654398057874638894e+00
8.353282553676931954e+00
1.570927205934320670e+00
-2.372201557728921273e+00
2.213810573751483268e+00
6.936928657562370759e+00
-1.475028547770595555e+00
2.912415079058909395e+00
3.371750204062430978e+00
7.152448994389708048e+00
-3.219838932666431841e+00
-3.539489759687005410e+00
7.682136961774084227e-01
3.265424877159842865e+00
7.107524579816224097e+00
1.086912072825939823e+00
6.567344239163286357e-01
-1.263045428682489035e+00
-1.953018159739850601e+00
5.743684755941378839e+00
