8.774178350191094822e+00
3.243496451730574215e+00
2.744377583105092611e-01
-2.648112477048458410e-02
-7.211956918571403863e-01
2.124961295127390848e+00
1.360464623140472229e+00
2.931901377143463439e+00
1.363298957418347168e+00
-4.708563404998647783e+00
-2.275899067227736605e+00
2.271581214007946770e+00
1.485866627357194103e+00
-2.934660524109238278e+00
-1.763295274623718045e+00
-1.148244316209749760e+00
8.261734381358911250e+00
4.851740769997045177e+00
5.479756206397425444e+00
5.636135473819145147e+00
3.486868863082499548e+00
3.600285278242671083e+00
3.063127166347284991e+00
5.528086153213538800e+00
6.493139586199632163e+00
-2.382523195681330197e+00
-2.559284236827340520e-01
5.489824005062986956e+00
4.194840348263408458e+00
-1.557961711226965473e+00
2.729795642608949358e+00
7.435385510925351937e+00
-3.528289450758991919e+00
1.193710389876512235e+00
8.424861803667025306e-01
9.865630237411310288e-01
5.937468955205069676e+00
5.199515406187898314e+00
-2.009096496206672633e+00
4.086163685060983930e+00
