-1.768564193538954221e+00
-1.219275955092119501e+00
-4.672810540805597768e+00
4.610070314025073834e+00
1.154217180076410720e+00
-5.549628172876865939e+00
-3.855792526863947023e-01
6.081596387008832316e+00
5.744310840051931599e+00
-4.520624330410482727e+00
1.603909821797210977e+00
4.674510748818144101e+00
1.120616966149955473e+01
1.148019103680050668e+00
6.526523986628173235e-01
2.144079249908493523e+00
1.701990267877937224e-01
4.574491929238468479e+00
8.067403961204409057e+00
3.947351540923583979e+00
1.913731844668495219e+00
-2.981042934011931766e+00
-2.045401752929199901e+00
-5.428890721377042095e-01
4.676368431300321760e+00
9.377068157751850208e+00
2.058136371556131827e+00
2.328203363062540276e+00
2.621808794305019230e+00
-3.849537899976655630e+00
-2.293708531937946049e-01
-1.132828732165061386e-01
2.803195603994006468e+00
7.279569571881146395e+00
2.226516096926717925e+00
-1.815831698178264064e+00
4.170863291503447812e+00
3.146263581675411203e+00
1.515467304857959219e+00
5.474063705328861218e+00
