1.592463084873640744e+00
2.522205085636523569e-01
2.559478594551605202e+00
2.566970497610594037e+00
8.792143363511519816e-01
3.180648535898543017e+00
8.129781080907349633e+00
3.398080317488964830e-02
3.135692145087167315e+00
1.020475955108603827e+01
1.343387727798641684e+00
-2.668899941733871461e+00
5.309195013930106732e+00
1.507102232695287425e+00
-2.223501644514682241e+00
-2.719047820298968077e+00
6.633102579048475000e+00
1.411159610823917054e+00
-3.889501455432075705e+00
3.101331310814471109e+00
6.775050797679309511e+00
4.098678143983288003e+00
7.119214656679187847e+00
5.399320965578477960e+00
-3.969697803463207997e-01
5.896831442222429054e+00
2.225433267706932394e+00
-1.905763475241118110e+00
1.129924790515290267e+00
8.334883642673220905e+00
-1.461556457725388780e+00
-3.549979383076857342e+00
-9.529404599627916417e-01
5.344536590521468788e+00
6.421291975146929953e-01
-3.965681282830219256e+00
-4.903188925025407374e-01
7.165130652643019182e+00
1.047895573387638279e+01
3.491710091344094824e+00
