9.063032212450996994e+00
-2.568792688929799173e+00
3.700887691427469761e+00
1.031712646665140509e+00
-5.905860618264583417e-01
-7.462680149207742142e-01
7.685268169658495907e+00
2.223674726788509304e+00
-4.950503314984912251e+00
3.110039747988706527e+00
1.634965164755948663e+00
3.832897316654782394e+00
6.000071150096071726e+00
4.071939532187981214e+00
3.527364923043132094e+00
-2.085298061976472273e+00
-1.967754677243159778e+00
-5.587299605640098088e-01
7.897338523561792556e+00
-1.095291833976985013e-02
-1.841866389994509356e+00
9.361652738130641360e-01
3.642099209370251334e+00
6.670091732947455831e+00
-1.083563305787199615e-01
3.836038229403563982e+00
2.622218709568602701e+00
-1.861276793665388729e-01
2.207351155595783432e+00
6.257917758874834924e+00
1.154356265507415324e+00
2.761804342576735571e+00
9.841896350930278814e+00
3.539698379328236832e+00
2.602853683585955480e+00
5.991863436917854280e+00
6.475652199994802238e+00
5.774088478862945406e-01
-1.397274174952985559e+00
3.567116913010648371e+00
