1.046372668665010330e+01
1.388211382790475623e+00
2.238606581764872150e+00
1.256922072559383485e+00
-4.497553749516117194e-03
1.008755800280848769e+00
7.621929496059994591e+00
-8.006655399779084581e-01
1.625976780065811811e+00
2.188855878588464865e+00
8.094594351043371105e+00
4.692106538470376620e+00
-4.316791183860644310e+00
2.429155375914407777e+00
2.264846766307585302e+00
4.903097961975549923e-01
1.909860033978196370e+00
3.380213061811612185e+00
7.447428285292978956e+00
-4.261037585306599040e-01
5.434748108384203080e-01
2.569369293590015424e+00
8.181199433730656168e+00
4.047882132952778100e+00
-5.452094832166890503e-01
4.927111233414636970e+00
5.190448326842768800e+00
1.687727840246051159e+00
5.270714440897157793e+00
1.090228335953657712e+01
5.121663372631355848e+00
3.090968901250576106e+00
4.454034543281522929e+00
-8.492882973419769721e-01
2.852172175714065894e+00
6.798787731651069421e+00
-2.988660382857093456e+00
2.146316677081018254e-01
-3.008047857067178837e-02
4.521610258671571181e+00
