4.313045110769123447e+00
9.120752711402670965e-01
1.939707181725447649e+00
9.080449322158045788e+00
7.070106901586266979e+00
3.143416255909449397e+00
4.733548725873624186e+00
1.479414658338562116e+00
3.592099832812741589e+00
2.508034086710267729e+00
-4.112223148879682100e+00
2.153491179654773102e+00
1.277573084432624739e+00
2.891773767297853848e+00
9.416554953409663753e+00
4.178335109060471453e+00
-1.546859972774227154e+00
3.035925603823694363e+00
-2.991267830849025922e-01
1.037796395700907981e+00
2.179774082725562945e+00
7.553773668191347213e+00
-2.549023877217053702e+00
1.867936221238439609e+00
-1.161774852034983541e+00
2.272370213609270273e+00
1.236241607676425680e+01
9.670772925402468800e-01
5.450378749696101366e+00
1.944581240104917619e+00
-1.878644575499010871e+00
-6.138157152359300511e-02
8.592430724766499495e+00
4.843117733778837142e+00
-1.983675804760350658e+00
3.341273391409375737e+00
3.528227825069440104e+00
5.528125264182333964e+00
5.250489772592237259e+00
-5.388196450613139454e+00
