8.074103230353441019e-01
1.114598657779767166e+01
1.560667087568279099e+00
-1.850245758205657731e+00
1.630810876649767982e+00
-2.003149517575059324e+00
-2.902198665458574633e-01
5.613518175362615992e+00
8.008504374174382434e+00
1.760336228450912532e+00
5.173775967346371019e+00
3.446963481143400898e+00
-5.185201124056982636e+00
3.622641201813001643e+00
7.188605348993582389e+00
3.178739133136245343e+00
-5.297912143026101361e+00
1.252506725712639435e+00
3.879966388588071968e-01
4.169004652765428531e+00
8.654624527685058410e+00
9.124140289352980493e-02
-3.088875416685429531e+00
4.755818236502242780e-01
5.741490892069458951e+00
1.718562862247318801e+00
-2.280233032180191688e-01
3.183430744264859058e+00
6.632446647838255771e+00
-3.035932593515741296e+00
-5.650966260249472572e-01
1.978906268704285321e+00
3.349785201460881545e+00
6.625670836442045797e+00
9.655830013876907092e-01
-2.308598089755037108e+00
2.695511646541034478e-01
6.589879435577176814e+00
6.593154653405866039e-01
-1.515516485893671383e+00
