3.773538943863619988e+00
8.507702969503622148e-01
1.619188595640412176e+00
2.362578582292870433e+00
8.923908517520876771e+00
5.472774070019383430e+00
-1.789679935614515216e+00
6.956617308923061849e+00
3.641006226063435935e+00
-3.549281245280961339e-01
3.554128858239141930e+00
6.977626774102131613e+00
-3.954575672478678694e+00
8.744921486033158109e-01
4.118082297169107231e-01
2.550980131684403407e+00
8.066784008642709836e+00
2.362301753988508057e+00
3.745559308908565921e+00
7.268132053406306525e+00
6.322626879528597144e+00
1.247671635583075922e+00
1.113944991748996305e+00
5.929245922422168746e+00
1.027868145979699044e+01
5.579184599831439328e+00
4.478649596113900344e+00
2.060494618589529203e+00
-1.266309026246972058e+00
4.120088806242241830e+00
-8.718640630600341113e-02
1.283084771753301823e+00
3.864711560474089591e+00
7.693467426040887069e+00
4.938232671025224008e+00
-6.336477430005266198e-01
1.232093263557642482e+00
5.480497192830445563e+00
6.659839556907126479e+00
1.831372510280644850e+00
