-3.637487852873089178e+00
-3.100396044297629494e+00
4.313262443174906480e+00
6.135266365480307016e+00
-3.751015630723575800e+00
3.513529631111615981e+00
1.086675188312373663e+01
4.561985040913318912e+00
4.099364975089859198e-01
1.902836934662683666e+00
5.771028313659424036e+00
8.040310958160329591e+00
9.247716074880849568e-01
-3.759419399858324184e-01
1.423002864347301388e+00
5.311259746275488247e+00
4.823157086201161903e+00
7.806539617649417284e-01
4.376877249351157850e+00
5.516264027250901592e+00
-1.742975760950139508e-01
-7.508382297143939565e-01
4.676035013764054393e-01
2.641927932541003887e+00
3.617100561052580598e+00
6.151782486020471730e+00
4.807412164704406798e+00
-3.400029631445537603e+00
3.689593005592341601e+00
1.520333194465698645e-01
1.510135020450663612e+00
6.583401842914156532e+00
4.633119131888957298e+00
-3.074543416735007195e+00
8.910265562791005456e-01
5.007300809150718734e+00
5.701932328254128102e+00
1.969145724040071377e+00
6.943958993910986699e+00
-8.526593572136248467e-01
