8.421529848876582847e+00
1.944102088220832192e+00
3.995146386335582278e+00
6.684585913787317146e+00
-2.269857081165453483e+00
-1.166920390400591145e+00
2.915468544601304557e-01
4.635158998045336709e+00
4.270146918717880880e+00
-5.226737736002477597e+00
2.620421800976456161e+00
6.724511231331166350e+00
-6.389348331096179612e-01
-3.501443075538860583e+00
-3.189705408776496220e+00
5.364547536152035612e+00
4.085229602097277812e+00
-2.555794210418629309e+00
3.395477954514916075e-01
8.853611261227394280e+00
4.718718305635596355e-01
-2.675675710320466028e+00
2.405045668427185479e+00
7.891348370820360003e+00
-2.285576043809174784e+00
2.464258791737290011e+00
1.015957203787420271e+00
2.345154471044796018e+00
8.034669663946527152e+00
1.108619915959752511e+00
3.311265921697492232e+00
2.653632789748757048e+00
2.848873659317608720e+00
7.288496279293369184e+00
-1.129501250679379787e+00
-2.296874667235492495e+00
4.006946742648885618e+00
8.101946688873457703e+00
3.046275487371264745e+00
5.711310400556504518e+00
