2.074748707676977166e-01
8.856295158884563978e-01
-1.817354116297196454e+00
4.491078951411817677e+00
7.134320452135042956e+00
3.906509504178187070e-02
5.562010715926896331e+00
7.394674399295234402e+00
1.308729476988547136e+00
5.542675393791438587e+00
1.055981613299080912e+01
1.304270151833284208e+00
4.096021670341803755e+00
6.204150337256596259e+00
-3.688325741903619281e+00
1.450205399358076575e+00
2.589133611770850218e-01
2.732405472070046581e+00
5.912468805135294048e+00
6.731842255059379276e+00
5.593489760546904499e+00
1.547916595152552643e+00
-2.428266607320070491e+00
1.677652950330773829e-01
4.474704203823272053e+00
1.010146411886634787e+01
-4.789618780114043295e-01
4.167222273978350877e+00
6.113316652106782101e+00
2.857931593650310909e+00
5.022380676662487886e+00
7.032301791408345437e+00
-5.381031671495834168e+00
-1.949705805320308238e+00
1.462397981386382773e+00
5.871765946372924816e+00
-2.789000914905984119e-02
3.228990746934897071e+00
7.387569932945979190e+00
-2.452063502439113307e+00
