4.228969155414525005e+00
3.301403403740823528e+00
-3.123345950438364493e+00
4.547887262723097734e+00
4.231621389197447236e+00
3.532656782806508744e+00
5.854715364927599808e+00
-5.024057509371536945e+00
5.656680680070194533e+00
1.177988614688320723e+00
2.537450748039112636e+00
8.458406892542464917e+00
2.631416718596147675e+00
1.307341335125608017e+00
2.860258579014555824e+00
2.422609851007038628e+00
4.301003372493485521e+00
6.015454981122452693e+00
-1.715700283129934389e+00
-3.517524049130372532e+00
1.105105396420769104e-01
2.870934605253638305e-01
5.055815873734557542e+00
8.139865613971178249e+00
-1.731315421537727550e+00
3.817946156905533517e+00
9.295506993942952434e+00
2.350284979232359461e+00
1.150012047014936867e+00
4.000192654737959153e+00
-1.154031132831530471e+00
-1.828445453475442406e+00
1.378970883885931809e+00
5.683534761155859094e+00
6.220750613431524023e+00
1.003437049858370456e+00
-2.540952491324546259e-01
4.099034138638198321e+00
1.062323380924287797e+01
5.241562053527299092e+00
