1.697549055700866560e+00
3.390199080020345423e+00
6.499937651419514850e+00
5.850548074110251129e+00
-8.375788244631761081e-01
3.692715432512405194e+00
7.520293362389713465e+00
5.922347943233883250e-01
-4.208112778452777647e+00
-1.833026235439336293e+00
7.824722443974866382e-01
1.791337362765482943e+00
3.395530225519462153e+00
6.303543657399351297e+00
1.583165090869111724e+00
3.447106473777289182e+00
7.504012957133498141e+00
1.235653311138061428e+00
4.564841438161341358e+00
6.764931158455921967e+00
3.402990147817213096e+00
2.673919149086912306e+00
-8.499963217592840792e-01
-3.841134277746627301e+00
3.272405656287762810e+00
1.907726703461667839e+00
2.914516415943904537e+00
8.647221124244985901e+00
2.247871155512622732e+00
3.273838013295174765e+00
4.173151921758472938e+00
5.422300756322218973e+00
6.053843362678366979e+00
-6.742326994729616052e-01
-2.738677296055604504e+00
-1.075504600028608149e+00
1.853269542337364850e+00
9.750327139957672529e+00
1.223318278054816854e+00
7.005165036590179639e-01
