5.570119229942151584e+00
-3.330332614377376377e+00
2.512067768433686066e+00
1.077816632996805168e+01
1.659913792472706096e+00
-2.941757176619039793e+00
1.061880252728364171e+00
-6.485280656569989421e-01
-2.410677084895780087e-01
7.835716602930022923e+00
-6.554921812263392322e-01
-5.336388558849990638e+00
-2.699724647225982377e+00
1.033806514455180370e+01
7.178818350998997566e+00
-1.590639859487702257e+00
3.194188790177436843e+00
1.487537152060390833e-01
2.145071401452191551e-01
-3.969841987116836668e-01
-2.223080223424757917e-01
5.168538128570275170e+00
8.340938747302256928e+00
7.335173708262773262e-01
5.108174811073264543e+00
7.571829318999937719e+00
1.881963944500246733e-01
8.752251371049025730e-01
-8.241041418567078836e-01
2.973363669382299568e-01
1.642425630562214023e+00
5.517632149064697344e+00
3.417190897713197284e+00
-3.571848624532790506e+00
3.591375240934140844e+00
4.406809410194251875e+00
6.576899732452656799e+00
2.567352797671466735e+00
-4.007017374964337852e-01
4.235178779722150288e+00
