4.566748842085672777e+00
5.630230599775153166e+00
1.859418452707489955e+00
5.210112364809790897e+00
7.776848775595947671e+00
-1.920283826219657763e+00
1.254937967918000608e+00
-9.630730471242618385e-02
4.307499124873461760e+00
1.199654181179980661e+01
1.638659199618112128e+00
1.736008400320127598e-01
3.504500286512210461e-01
2.205750269479980652e+00
6.174892919257626289e+00
5.996357928918066627e+00
-6.467768869774782603e-01
-1.418045970988645932e+00
-1.904400674718999653e+00
2.899718833046612820e-01
1.790673811193853160e+00
3.832019941249650952e+00
7.257941547982378339e+00
9.473168490563688149e-02
-2.570191519789121415e+00
9.973164132812613047e-01
1.088742868417365273e+01
8.970947872267091006e-01
3.142712820973313281e+00
4.730955455365802642e+00
-7.516438128849433076e-01
1.642686502886197664e+00
3.767033616932291995e+00
7.078038864624089044e+00
-1.954631724916237268e+00
-2.118252113768036793e+00
-5.989901586633105124e-01
6.829396132102885097e+00
7.091381413147566981e+00
-5.509180806269001529e+00
