6.972907579352838336e-01
2.325473827909644964e+00
-2.511636013674359846e-01
2.544625220069617999e+00
8.651916421238085020e-01
-2.890525894550817654e+00
-1.579764589820506826e+00
4.624068966852375340e+00
6.169770215231692667e+00
3.023434123743150570e-01
4.765112752811182517e+00
4.657244535610626457e+00
-2.676139104812772729e+00
4.303792217022484934e+00
5.190519003899343176e+00
3.503252778030672143e+00
4.653891662115058558e+00
-1.987059335800107407e+00
2.204425285373062593e+00
2.588665152350631882e+00
8.430949066768500089e+00
-3.148326297706602439e+00
-4.043324948464480428e+00
-1.287563631532399944e+00
5.170985471192694582e+00
5.069234786652504710e+00
-3.571472886618458631e+00
2.206555625832796519e+00
4.673337941269193330e+00
8.256823577682382620e+00
-2.206226225627511361e+00
-1.339337697449360709e+00
2.000454398320105742e+00
8.275811200679717317e+00
-2.231769459819672008e+00
4.173192710049186793e+00
1.578339185011034651e+00
2.696366501887127232e+00
1.022982729938343205e+01
9.038096334573245016e+00
