1.661817229861765277e+00
2.141215560244779770e+00
-2.166341491320778800e+00
4.310549700786991956e+00
6.320151891680425571e+00
3.897028233914431095e+00
3.671630032910718988e+00
-3.458324539522425134e+00
6.354862324280309949e+00
4.431908802215353660e+00
3.299202112829523248e+00
8.311619521628822227e+00
1.982819633208295462e+00
9.205498575849508924e-01
3.230323888590487247e+00
3.487164176320759257e+00
4.951366401878873447e+00
4.406099206879131813e+00
-3.590876524072158293e+00
-1.858248065440934127e+00
5.934433111697697688e-02
8.299596730071371331e-01
5.526897842384436821e+00
7.333909271306706223e+00
-1.813051682379222207e+00
3.862033915620615154e+00
1.005619922533799482e+01
9.429995911223162386e-01
9.963444523836315625e-01
4.068790500934959198e+00
-1.190948577342356485e+00
-9.801789457973935082e-01
1.158097808503710580e+00
6.428734298070722275e+00
5.837283725703969139e+00
-9.323927193297896210e-01
2.729819976594712316e-01
4.360899661493754742e+00
1.181159720772035016e+01
4.462284534807150926e+00
