-5.303304521378500169e+00
-4.791594301270020173e-01
-7.720251180086675769e-01
1.023531998862361014e+01
7.313991506546416943e+00
-3.288003547991606101e+00
1.751109402385246039e+00
5.899311703843268084e+00
8.414269759321786779e+00
1.212390840980101192e+00
-1.045502388682628681e+00
-1.939419031584633579e+00
-1.791093619918364466e+00
-2.676141167370898355e+00
2.439965184267109066e+00
5.642637554604942096e+00
8.948168913205822861e-01
3.091068414404436027e+00
5.995565340289759071e+00
1.384689562680691655e+00
-3.602002480044045107e+00
1.232710728273517242e+00
-2.987187333290954872e-01
7.570340722152008262e+00
5.520157874600990944e+00
2.382310006638453270e+00
6.511176052729169328e+00
-4.809044515517689189e-01
-7.731194145062263434e-01
1.999094728450811598e+00
1.154732302432653945e+01
5.645493386341894571e+00
2.262607371959455271e+00
4.201101690890157059e+00
-3.027769688578595186e+00
2.735103058506614726e+00
-4.288300333396416475e-01
7.411266252202748372e-01
5.917959553622501367e+00
3.126271668379311475e+00
