5.632847176298179548e+00
8.744997365728014671e+00
-1.260342514166798988e+00
2.110863450477263203e+00
5.763435422779338957e+00
5.747815263732787727e+00
5.630990000737445378e+00
5.889126074436355829e+00
-2.183060626498746881e+00
-1.057000578162123006e+00
6.143351862675634933e+00
2.187457194522850479e+00
-1.799466829950949753e+00
-1.792683401238541308e+00
5.405061804625273858e+00
6.569530824027369320e+00
-5.372816169311463996e-01
3.550341982860482748e+00
5.733362756885951761e+00
-3.241420225991691328e+00
-2.831528391818807222e+00
9.152871797354884820e-02
1.495381626461736113e+00
6.128689781794321334e+00
4.706085767617534721e+00
-2.498957328807895006e+00
2.310027752559153935e+00
6.186416619872415090e+00
-6.954124955038785139e-01
-1.509358568309780324e+00
-4.721044529519317634e-01
8.570060032481819690e+00
-1.354843291632588098e+00
-7.067231767236453743e-01
2.820545859816289344e-02
1.874710415712656397e+00
5.639268049333830746e+00
4.649434697184089416e+00
-2.039930253077494982e+00
2.304344004524436773e+00
