5.534869243769870550e+00
9.651096479173276066e+00
4.863939241071411956e+00
-1.865296609163160646e+00
1.929801175305174032e+00
4.859652805173984902e+00
4.164808532414407516e+00
3.807876434009378475e+00
4.990558540976826607e-01
-1.782430235088176662e+00
2.314687960332938665e+00
8.830275461202498732e+00
-2.163897101089720110e+00
-1.624342587683521577e+00
1.300755972923113957e+00
3.865160335820665871e+00
6.263910478196881293e+00
-3.910618553978243650e+00
1.899742447358215180e+00
-2.772471663577224632e+00
5.033374885011311584e+00
5.770239994837502273e+00
3.174454156867752563e-01
3.380149773381259326e+00
6.187126879037386118e+00
-1.205755814937294668e+00
2.599985555033523799e+00
4.329193033932139834e+00
7.601344605916000141e+00
-4.323579439258886659e+00
-2.897098241591668510e-01
3.275585371922814293e+00
3.811139688927658309e+00
2.739413851468797123e+00
5.532551170637789006e+00
1.811856629608882052e+00
-3.482998031772550185e+00
4.356647248938832817e+00
-5.614456543378426590e-02
1.488898171551114258e+00
