1.555515683342238442e-01
-2.522962092288925984e+00
-5.524813046326838839e-02
1.301248992456970788e+00
5.907782888044750713e+00
7.806783722477037557e+00
9.856561275509274633e-01
2.898967564685445808e+00
9.258565062019977532e+00
3.161444267953902099e+00
-4.521363732151847614e+00
4.206508466469943919e+00
7.940285981350260869e+00
6.275217448417899080e-01
2.071289675913326800e+00
1.654139531604584601e+00
4.233825885556885105e+00
6.929446955783811646e+00
6.075956299738577648e+00
1.753161844476269104e+00
-5.766908807493635880e-01
5.048714074721571521e+00
3.330676065114654527e+00
1.372272272183158393e+00
3.036689594430468819e+00
5.481958895758081596e+00
-3.437045580577226256e-02
-4.378020751275143674e+00
-3.505982282616935120e-01
7.550659700067870794e+00
2.514098582653173874e+00
-2.992795044358672385e+00
1.674912134153949461e+00
6.263791421746531363e+00
4.202385370998499070e+00
-4.807857187613990391e+00
2.297772993426984822e+00
7.326556795406625966e+00
6.501898900749619514e+00
1.449090130331881721e+00
