2.584192319796684068e+00
6.676905052838097987e+00
2.429939710594565039e+00
-3.175044318941051991e+00
2.314807559925964042e-01
5.086219611501488380e+00
4.801376862371590448e+00
-3.061117073097636254e+00
6.063184301555334166e+00
3.647984872967131142e+00
1.721066987490753597e+00
7.068990109654949450e+00
4.358293412395490840e+00
3.165424277244057727e+00
6.124326953774807514e+00
-1.224091080407224696e+00
-4.439719779057026194e+00
-5.773455411561803086e-01
5.102353541988653873e+00
6.710899732389390415e+00
4.015046115459494303e+00
2.882998636527536185e+00
-3.709195061286464590e+00
-3.632411352943230920e+00
8.103609006384742131e-01
2.497477703336097754e+00
6.341176587383455576e+00
8.014001831191585268e+00
-1.743494214181588342e+00
2.441434039708754611e+00
-1.769800721449254821e+00
2.943346094850207262e+00
-1.529413066766977192e+00
5.819145625009172207e-01
9.153023177130142685e+00
4.057137404974522354e+00
3.463537126494561136e+00
2.882065720194979974e+00
-2.893656657494501516e+00
1.208053030443685172e+00
