5.715993430919773743e+00
-1.966806975974635829e+00
1.080846151705235902e+00
3.900334278722694226e+00
5.065859300916459418e+00
-3.354303464517650823e+00
8.109514460234988897e-01
9.067071887002406960e-01
4.102226105338452555e+00
7.131611310171461326e+00
-8.213779396768435825e-01
-3.241421732790693011e-01
4.507407030640388612e+00
7.396280432856546128e+00
-2.421726404981833891e+00
5.559336656606482796e-01
-3.475600991201188705e-01
-1.349657636192335364e+00
4.746971848325447496e+00
8.128298896399323681e+00
8.577818228952565072e-01
5.594178211929770050e+00
1.881664131351562519e+00
8.538426270886513292e-01
8.832578886422689513e-01
4.661093854024412231e+00
1.005041229006315540e+01
3.339100849092989098e-01
2.067275134660472524e+00
1.361179505059708861e+00
1.664424324287094192e+00
5.739897536387046806e+00
9.442226997969431324e+00
-1.118844372130293197e+00
1.912008647583520737e+00
1.164827127704900711e+00
-2.986807449690578320e+00
1.306126964251364875e+00
4.306669807126734639e+00
5.780777861064754219e+00
