2.313206162098975671e+00
6.480089975800473745e+00
8.959137879228059598e-01
3.292535203289947532e+00
1.059131018291083137e+01
5.235060990667149916e+00
-3.154397684486471842e+00
3.935269651762371979e+00
5.395917280414198380e+00
-3.654906363542358427e+00
1.943536518584267681e+00
2.253055470509826907e+00
5.219378333861225627e+00
3.063293567097493675e+00
-3.054728677486728383e+00
1.718823953114442693e+00
3.794897198040602326e+00
7.462294149364554485e+00
-3.974351718902115582e+00
6.262691862292235623e-01
3.896950256851511307e-01
1.821852408775411991e+00
9.629823511242785017e+00
3.756366999154358011e-01
2.415446192301678341e+00
2.932485455895775139e+00
6.189634965043507187e+00
9.543172544775131438e-01
6.090570113729480983e-01
2.451767256815751139e+00
8.392122099982326944e+00
-8.748629626178000551e-02
3.285438821413304122e+00
1.761586590070986391e+00
3.805091733705680213e+00
9.157783181620349211e+00
-1.380278571579973690e+00
4.256682418350971608e-01
6.229624496055763405e-01
-2.802212829498839097e-01
