6.607527187227491439e+00
9.003136177097555759e+00
6.793371650948540008e+00
-7.680462691616659621e-01
5.183671371102692049e+00
7.918843583001614839e+00
1.137371658505302641e+00
2.647586984454136871e+00
-2.916139789630164403e-01
4.007727941437534969e-01
9.051090987685771472e-01
7.931530389547907234e+00
6.934275706740722356e+00
3.521351819295461816e+00
4.013560028781005151e+00
-6.356351109389718479e-01
-2.396319303905793063e+00
-1.502729445332390279e+00
-5.570989655911688931e-01
5.091172892659487026e+00
8.407494017125763719e+00
5.430429293423265358e-02
7.453060906055265500e-01
5.670017872583493102e+00
3.390198001256210958e+00
-3.305664151589212008e+00
6.809426413580776938e+00
2.783209586412740855e+00
-5.464907592888376131e-01
3.739924269607706186e+00
8.886664007762419715e+00
6.022702125565893017e-01
1.855829710098595015e-02
-7.143167588073542351e-01
3.071657495361495904e+00
7.235543469532703220e+00
5.381933219523042489e+00
2.132192305816375644e+00
-1.201861361459812150e+00
3.745353745644276700e+00
