-2.888412106685725789e+00
-2.634900200858383723e+00
-2.756955209733997214e-01
5.170498152285535554e+00
8.012267467562782741e+00
6.545078539886712399e+00
2.125803102620215324e+00
-1.841307601857263387e+00
3.233929245163042587e+00
7.153860487303925098e+00
4.681062766218656357e+00
4.270315312089817184e+00
1.721835738704445840e+00
-3.458974886522005132e+00
1.238577757039482474e+00
5.797446047852406359e+00
4.610072502532038818e+00
-2.571401556031246649e+00
3.829348865850433548e+00
2.183772359845137956e+00
2.005048802248838413e+00
5.733092530807099685e+00
-8.046384471254215409e-01
-2.058403648445076062e+00
1.695947630050146371e+00
3.570425740323053265e+00
6.451728182498807307e+00
-2.751095180719894895e+00
-1.943773539549135787e+00
-1.341791919512786979e+00
4.799781388666795934e+00
6.927069352752081244e+00
2.899694197582174837e+00
2.698922358855410319e+00
-2.035402083019595576e+00
3.353465726369171840e+00
5.913319789972380391e+00
7.827649435950652546e+00
8.269359125579503811e+00
1.037526252568036877e+00
