3.776153764522239165e+00
-4.286069097832551078e-01
3.662590132787993280e+00
1.101574469679409596e+01
2.714048604657375297e+00
1.063388607350899795e+00
2.846185040847728054e+00
-9.731178024093201095e-01
1.692138533626343477e+00
6.173120552850650533e+00
-9.857259219559527663e-01
-1.599290387762944965e+00
1.915107125684733513e-01
7.589295844985588069e+00
-2.362846599868974717e+00
-2.045715661964062626e+00
1.183727922956645112e-01
1.808825100612064585e+00
6.243362365508784428e+00
1.648087863073798953e+00
-4.934845252408956995e+00
1.296580968736384953e+00
9.291400213118934381e-01
8.548429060650365230e+00
-1.271665709087511420e+00
-5.186456885993825594e+00
1.563056578829192578e+00
4.351656412754325021e-01
6.572578265986620316e+00
3.354166202720877954e-01
-2.060638680525353816e+00
-3.950505388042538701e+00
4.015556360087618515e+00
7.821746353537818663e+00
6.460702818363446287e-01
6.393937594750210174e+00
-1.609558921645375396e-01
-2.602440136761755785e+00
-3.363176919121539044e+00
6.135489432653487896e+00
