-3.170103859805167179e+00
1.609742567717623363e+00
6.128098614068142602e+00
7.528301110104375304e+00
-3.093330728257683404e+00
-3.371467860634972613e+00
3.661996728165824444e-01
5.318327395780138467e+00
7.614858205989741835e-01
1.970284426522449728e+00
1.887736132053178473e+00
4.749343384205511498e+00
-2.099608328500522703e+00
-2.756438201818272926e+00
-2.630244015643808275e+00
5.563756924545680604e+00
1.124891955002349597e+01
2.451189508110119597e+00
1.048632606266858502e+00
9.016696066066683113e-02
3.559094852525989783e+00
2.067103089878561395e+00
1.114794182878936502e+00
2.986803011210485082e+00
6.700382880814305331e+00
-1.919775430724906640e+00
-1.460910525761606182e+00
4.899955001373146324e-01
1.059288927847350337e+01
3.645241353259100148e+00
-1.522216644540166586e+00
2.552240573307776650e+00
6.863735547341580201e+00
2.229736673902897426e+00
-1.198115133967929014e+00
5.130358065350778318e+00
7.427251904625255641e+00
1.389964136834266561e+00
4.149417788225288284e+00
1.960731560763943060e+00
