8.956174355468403903e+00
-4.039426075725074838e+00
4.192203449495211842e+00
4.833050537942753522e+00
3.443948176285789753e+00
4.430287303108592312e+00
3.494258538927576208e+00
-2.024450364386935597e+00
2.661084806791109703e+00
5.600598357267255523e+00
5.385221253416801801e+00
3.341924138057934091e+00
-2.384102879034216471e+00
-1.177402860800134565e+00
7.458487836662666126e-01
5.881647810432713896e+00
-1.403837632149103953e+00
2.166083981075640708e+00
-1.329769396474252741e+00
-8.399612843477926027e-01
5.735147855649327830e+00
8.002970927759522013e+00
6.045347733031508852e+00
5.363945658891212886e+00
-3.734757920363505512e+00
1.764556834939469576e+00
7.566456262926688936e+00
-1.979746932547533422e+00
-1.399486949127579205e+00
-1.280195786806841873e+00
6.908499640216400728e+00
7.162113245286043373e-02
-2.337104606427219178e+00
2.438196759203357100e+00
5.457216388662867068e+00
3.982531047152058079e+00
5.961929199309621730e+00
3.477990634759984268e+00
-2.809715324896072008e+00
3.202467541318537503e+00
