3.618974716401236691e+00
2.619072459945988474e+00
5.068376703276615380e+00
3.496824132182596578e+00
-5.891073991865177994e+00
5.406860944899168686e+00
1.812946958844500855e+00
7.594644942465971216e-01
6.719439502845080625e+00
4.970389616290001200e+00
-2.829631361148270408e+00
7.781098639919488136e-01
-2.503083844200864938e+00
-5.862454502656984090e-01
5.488876317441950370e+00
7.789960876400024326e+00
1.171190610521647635e+00
-1.217506808276460184e+00
1.112658926523444336e+00
4.974677228227780468e+00
2.659084950294160699e+00
-2.455768698778830306e+00
2.374875343368699099e+00
6.701713208693542256e+00
3.460365409887980803e+00
-4.021307658800600038e+00
-4.021340906172746088e+00
-2.844267783456536858e+00
4.426959687195006765e+00
3.491875125642221800e+00
-2.029151233802123588e+00
1.771124657451410567e+00
9.849211223630110368e+00
1.336936114144315457e+00
-4.240053267212809729e+00
2.659876102839418555e-01
5.280762318822138646e+00
1.034185782566662404e+01
5.016541764453433805e-01
1.843098761814863096e+00
