4.055978589258890654e-01
2.396047100800518415e+00
7.987908346413166605e+00
3.986040022484413026e+00
4.269162292890535504e+00
5.107551691464256471e+00
9.839575540354197902e-02
3.900812464032514360e+00
5.456811045281696693e+00
-4.721905167185039609e+00
3.166316388428436213e+00
6.686826452510722385e-01
7.431268950378608906e+00
6.000070036014924779e-02
-1.213357657269972911e+00
6.525277844749768907e-02
7.916282749381760020e+00
4.122758085114045734e+00
-4.773767571237819141e+00
1.065823107851866514e+00
7.933376231322388783e+00
-8.384408623637731317e-01
-5.009792064679345902e-01
1.028913396560421578e+00
7.116296172432839739e+00
-6.781304254624191952e-01
-1.744333825193461252e+00
3.409057276129459080e-01
9.673392713665753817e+00
4.748505418146811152e+00
-2.578703850634710637e+00
1.327644854068116942e+00
-2.287370901223251263e+00
1.832531440635492559e-01
3.779025387815489800e+00
6.881159170494305144e+00
1.644837931702818112e+00
-3.425519521787280475e+00
-4.518290542869006998e+00
2.778600326681174515e+00
