6.177469686024088524e-01
-1.835349091806034449e+00
2.859885964073212716e-01
1.798529244915185066e+00
6.788182451755499613e+00
7.341902637796774655e+00
-1.598107246249650948e-01
3.268272970827310608e+00
9.283311011892525499e+00
-1.033913846066128572e+00
-4.041021644184390915e+00
2.311400896696969465e+00
8.989717844510154876e+00
4.793035246357501000e-01
2.266057888809347887e+00
2.659289687659701862e+00
5.224351809238498845e+00
7.913069064288183796e+00
4.153028699194611484e+00
-4.714557321191817363e-01
-5.263459281971404058e-02
5.182477879579958646e+00
4.182879910998881456e+00
1.353786502263235159e+00
3.492340329943421473e+00
5.122831184349614375e+00
-1.951425577702564862e+00
-3.116689801144090222e+00
-1.868661468390416802e+00
7.144051393648290116e+00
1.962326949205428051e+00
-3.110775233964555131e+00
1.193001672322545614e+00
6.940052143263373274e+00
1.735782958193636594e+00
-4.880170002029305287e+00
1.038014662525422516e+00
8.614438692437822453e+00
5.701521514363139254e+00
-1.226050736270016372e+00
