1.950066794665930914e+00
2.619467743788933767e+00
5.854347992709797666e+00
-7.703007298472558384e-01
1.652971486514674959e+00
2.363937968100427334e+00
8.721772279389996996e+00
-3.466700788446886783e+00
-1.086501533112857187e-01
-1.765906846376544548e-01
1.218946505584903139e+00
5.722189959706340368e+00
4.586260181243326350e+00
-5.009664801249470223e+00
-2.987908039899436763e-02
6.396709798162220073e-01
7.466478249119523625e-01
4.563073226471489718e+00
7.015449021407949459e+00
1.308840848870255424e+00
4.856431014421457526e+00
1.036716224945391751e+01
2.677569891315832340e+00
2.533894129760914549e+00
2.736534019631307935e+00
-3.249662014189587111e+00
3.634859471109560314e+00
8.859628945131090560e-01
1.212371394766425664e-01
2.635259610579744560e+00
9.071341055706440670e+00
4.374032233012530746e+00
1.727883330253761507e+00
2.010990228749412356e+00
-2.801741061485379269e+00
1.380622248708609723e+00
6.937900803342287759e+00
3.988534671270277610e+00
-5.332589112992887515e+00
2.592250709226619598e+00
