7.596857696754514500e+00
1.441565985395554472e+00
4.045887305975137238e+00
5.584864564320583646e+00
-3.325934993690150776e+00
4.849828921745369947e-01
6.458555514697061906e-01
4.946764666601866089e+00
2.814156320635538666e+00
-4.944254972129488834e+00
1.806567951872847466e+00
7.318506228533331992e+00
-2.304702941713089093e+00
-1.668227843444005210e+00
-3.529271111564962204e+00
3.999122005852087103e+00
4.507666029907981375e+00
-3.115790786391581690e+00
-1.355438822868270526e-03
8.829493520874724055e+00
-4.683879920368189120e-01
-1.950788122293993121e+00
1.566628487822495197e+00
7.972700639104498777e+00
-1.046199454552403596e+00
3.520641132250010408e+00
2.356915423860821424e+00
3.243586844897190957e+00
7.995143777692486076e+00
1.780646095138218588e+00
3.130694949014525719e+00
3.388495792164701648e+00
3.875485507576572619e+00
6.214809589071556672e+00
-2.792993465232030736e+00
-1.198482710671933349e+00
3.062719382427499859e+00
9.341560155317486291e+00
4.650629396795151749e+00
5.664643900601686433e+00
