4.030860415853752876e+00
-3.405173070731596585e+00
-2.394783081090033239e+00
1.669026405555914083e+00
7.384100237219619167e+00
4.425951826110106069e+00
-4.131915040994899257e+00
-8.079522446861019391e-01
-6.447237016676304888e-02
6.862722288483693589e+00
9.723380077530087151e-01
-4.798434611863234167e+00
2.393478232850951015e-01
2.684341900960918625e+00
8.085077788726175996e+00
3.089603784125593222e+00
-2.908390764471399770e+00
-1.775013932485137280e+00
1.067032676708542516e+00
3.617789358042849290e+00
5.991969151568378393e+00
-2.282513189273783105e+00
-2.602932627335639015e-01
-3.899150902870375524e-02
9.313328865452627170e+00
8.005130768704922239e-01
-5.212692452621982220e+00
4.989342451683368984e-01
2.439799815466683786e+00
8.341526080937949672e+00
1.112613910203400502e+00
-2.879365275262537605e+00
1.793774433645751953e+00
9.900198529917628720e-01
2.397019001163093854e+00
6.148698429580058189e+00
5.971350509761523817e+00
-2.896316636516512499e+00
2.795229852775973356e+00
5.364762945415947115e+00
