8.079187044082916103e+00
6.280718834175466725e+00
-1.061989506143040662e+00
4.528167561111549944e+00
6.779171417376470998e+00
-3.348426360843938632e+00
1.081258878911332433e+00
3.709286645397691373e-01
8.187518546294059174e-01
2.166644712002131268e+00
7.120016712056730590e+00
-1.414306117008794716e+00
5.265875125846288807e-01
1.147852483543763347e+00
3.535700265906413176e+00
5.064034077549150581e+00
-3.656112226310214375e+00
-1.062477166945773321e+00
1.052925885032587994e+00
4.079569875113886468e+00
5.391788429858020315e+00
-3.060556032428759288e+00
4.656824661611735916e-01
7.844253741683231418e-01
6.490061761378467686e+00
6.345184872185767766e+00
-2.631361247959576932e+00
-3.640784090643728321e-01
-1.354651873586079636e-01
6.544628080909050682e-01
6.977608775183697709e+00
8.375744275625027768e-01
-2.980181874563126332e+00
3.118203998067569760e+00
3.794388104594514033e+00
2.577821444944712770e+00
7.858236468910718919e+00
7.504716991847723007e-01
-1.856993906173715070e+00
1.344295252051538769e+00
