4.262286681493645091e+00
8.575723133862295455e+00
7.446491936137754841e+00
-5.027406609831486239e-01
-3.319161074755611729e+00
-2.974647712422019974e-01
4.123046017927108231e+00
1.121257539904043199e+00
4.279653381610559193e-01
7.997046809054867422e-01
4.740456230469329846e+00
8.077264068967593857e+00
1.709065003683294670e-01
1.669354875947197392e-01
-8.778205594396805145e-01
-1.101939577576691864e-01
5.530644560715578528e-01
6.477635452110864556e+00
4.151911464948849328e+00
-6.214153017153955183e+00
1.550566015642156570e+00
4.320756760663709173e+00
5.543534517801122163e+00
-2.615935375638121507e-01
3.324688409477739359e+00
8.714296180615741960e+00
-1.519294884117466660e-01
-1.470306654296927418e+00
3.335601483381338994e+00
9.798411384820933989e+00
2.857262477894209063e+00
-1.991498607757195671e+00
-2.237362402179262411e+00
1.343118697571669573e+00
5.746404692062696107e+00
4.976198678437496525e+00
4.384111331274304746e+00
2.308594273381488815e+00
-4.604939559450918374e+00
1.053456507558212962e+00
