4.791114522515692364e+00
1.468626815484920467e+00
-7.890046129894824345e-01
-4.639867956867340659e-01
2.413617211152062847e+00
6.263524386809844025e+00
1.525081475669457731e+00
5.296482714138332604e+00
9.964278939506312938e+00
-1.397733216026281866e+00
3.156528537573091597e+00
4.895566190428086273e+00
5.880046475971310471e+00
1.593584139403468880e+00
-5.413962402931284501e+00
7.175443639142124741e-02
5.504983651644952403e-01
1.075345491146430410e+00
7.044137862240362757e+00
3.611573534164942423e+00
1.159311230255017700e+00
4.485091280743762177e+00
5.002393727828849279e+00
-5.486838362112613332e+00
-8.038626194597580099e-01
-6.335690264085597212e-01
4.502647514015649222e+00
6.763815745978698502e+00
-2.710766743767126563e+00
-4.206915471689168129e+00
2.704301110786265228e-01
-6.026095487578126547e-02
-1.528060377911363066e+00
-1.038975665399719944e-01
1.410560805964232323e+01
3.110883947716546860e+00
1.717475478972190439e+00
2.681027112392488032e+00
-7.220430448258821077e-01
5.750706803225268393e-01
