8.726874161607426572e+00
4.264434732877027123e+00
-2.115894880328498040e+00
4.674173635042101260e+00
6.035893462718723512e+00
-3.610181066539718930e+00
3.490705328864006418e+00
2.230020642787163165e+00
1.524455152406842595e+00
3.343610417143987323e+00
6.488274256794924533e+00
-1.483881049276336350e+00
1.940407599493778168e+00
2.488793599500731535e+00
4.403324701917652462e+00
3.118252927115526152e+00
-4.122618232959333717e+00
8.664453987764189069e-01
1.771587463757189118e+00
4.982749053064246425e+00
3.631465091016257141e+00
-3.380742884902349310e+00
2.048632333282378593e+00
2.838732583523386310e+00
7.099359499147843700e+00
2.905432149530700947e+00
-4.326431156938387979e+00
1.922108434216468931e+00
1.121779701174276722e+00
1.573675932144653622e+00
7.001435023669701607e+00
-8.509215522211899252e-01
-1.898361814936629477e+00
2.450494850416516268e+00
5.867205782764714606e+00
5.019270734860120875e+00
5.707017662107425338e+00
-1.959148200557299546e+00
-5.487787964849766276e-01
8.914740345083482786e-01
