-3.121749118277526991e-01
7.356788462017127550e-01
4.524317195671089031e+00
3.639979044124729946e+00
-4.211221765615430712e+00
2.717425044648797083e+00
-8.106330210497475486e-01
3.957418057789554577e+00
7.828576005055992049e+00
-7.902917107550375686e-01
4.922356468832903786e+00
5.550909080148161756e+00
-2.956105062594341248e+00
3.861157730118516263e+00
5.620724300664982742e+00
6.253514907874707873e+00
6.137988364197928259e-01
-1.354198220458450841e+00
3.725854287904867501e+00
1.178097284854819016e+01
-1.904810531956778741e+00
-1.563761493582725148e-01
-2.587690550898684272e+00
1.696763193841190676e+00
3.389885286914223972e+00
5.245213835880199404e+00
9.088608197623910812e+00
-5.471600059619591283e-02
3.577868304484774331e+00
4.124121946476142497e+00
2.537252596864244314e+00
4.481729758158455645e+00
7.296923165597125838e+00
4.427990616484453135e+00
8.299538418220944180e-01
9.336468805837264684e-01
5.492222800376641567e-01
3.465417677892982162e+00
6.044512563705604080e+00
-3.371706016239518267e+00
