6.724896384412246242e+00
1.893061328858613113e+00
-5.067152911306105345e+00
3.187859629791570115e-02
8.019523745990298380e+00
-1.165892171669406174e+00
6.889289883920197699e-01
3.101045214045654586e-01
7.322579181648876556e+00
6.079627045989888678e+00
3.566300973910053962e+00
5.441152092898536630e+00
-8.899786798889419703e-03
-2.787348297246903250e+00
-1.313352784508959648e+00
-2.365528273845185936e+00
5.719530407445344800e+00
3.671783768532269399e+00
-4.282714143729102751e+00
3.893403576092648866e+00
2.801103315575824926e+00
2.714027522399954595e+00
5.910596071297030463e+00
6.266121125042809048e+00
8.690743497382285021e-01
-1.276615694656703992e+00
3.836539935755796105e+00
8.008855638204494198e+00
5.165137398754629849e+00
6.991189974568814414e-01
-3.638884999656951003e+00
7.484847494553449332e-01
4.474699545706585013e+00
1.981842624807320874e+00
2.279506694566563851e+00
4.674362780523146910e+00
6.558055576816105514e+00
-6.794552719591605561e-01
-1.977793661351923582e+00
9.888705982301787545e-01
