-1.266873796765714877e+00
6.617207463441367565e+00
8.266834035134600356e+00
2.471293182654450860e+00
5.048874396042601020e+00
3.549380195481123046e+00
-1.701701703879554328e+00
-2.078071639385646652e+00
4.029877591036003515e-01
4.491680335368208432e+00
1.053650125031695595e+01
-2.408471757677557723e-02
4.139170593718367597e-01
3.370931914100060656e+00
-2.249543722730021900e-01
1.986477079132545676e+00
6.360036071361655274e+00
5.557899985173311297e-01
-4.260803462180053458e+00
7.661996300985125519e-01
4.251621920011952938e+00
9.195114263256140674e+00
3.753450153466213912e+00
-4.318650743259350833e+00
-5.272000592019666643e-01
3.189682103988545681e+00
7.613268698479409125e+00
4.442873574613259713e+00
2.571930939519244674e+00
5.022875414131667826e-01
-1.953927622285644095e+00
-8.498249760817059295e-01
1.799302410014806286e+00
3.969879377621304606e+00
7.819369783234556337e+00
8.028315356293024507e+00
-3.508066015101059421e+00
4.028796888477445215e+00
1.551402148646524370e+00
-1.122519600801582085e+00
