5.542921696950214638e+00
7.685317637308311411e+00
2.689754120425884132e+00
4.588505526673520407e+00
5.816455987658664561e+00
-5.789103973836674522e-01
-2.356576504492943758e-01
-2.123680982471495948e+00
1.173079790026363645e+00
7.109049956889490041e+00
2.726262798310195912e+00
-2.231535527407514596e+00
1.832402538542872716e-01
2.578213285073617023e+00
1.080031281138862376e+01
-1.931943592892721329e+00
-6.166334358882380462e-01
2.204300333533919243e-01
1.396540799347466777e+00
4.484685133684566338e+00
3.963387351938833181e+00
-3.588516008746668540e+00
1.367573426086239996e+00
2.467881512091788299e+00
7.127453119841519857e+00
-1.558843868763525320e+00
-1.083854592314025700e+00
6.770730724827462854e-01
7.271286570991256637e-01
8.252998871565550232e+00
1.007312005865174998e+00
-5.482253080580292703e+00
9.624348205052941641e-01
9.233600392407669943e+00
2.690634177078360167e+00
-4.387143862222032453e+00
-1.563251013281249158e+00
2.334365525155749133e+00
6.251374760406458009e+00
3.778949198044428304e+00
