-3.611054173460399586e+00
1.284319451134261492e+00
2.652702472443714932e+00
6.260145379495088314e+00
-2.773732769128782305e+00
-3.430960447684038517e+00
-2.258719098031526151e+00
6.493069163746698180e+00
7.308712105146887517e+00
-1.943861691877257547e+00
3.892827486373534818e+00
6.363085194113880405e+00
-3.241919185197884801e+00
1.118751335223836740e+00
1.285046927464897348e-02
6.532162493572554851e+00
4.575284033694622998e+00
-2.091615249652420960e+00
5.487606688331323923e+00
9.004085189813968881e+00
5.806880229287991746e+00
3.756535098631976322e+00
-4.025470834109365903e+00
1.533721649460979330e+00
2.035670709572226511e-01
2.033557068213604158e+00
1.071292491775296796e+01
-1.098863217790061242e+00
2.438000270186796659e+00
2.196532067900154317e+00
1.264106496326498519e+00
2.775506832100644861e+00
5.032163718119083917e+00
5.102970159059005084e+00
4.264888996185576708e+00
2.337490127317049637e+00
-8.090042220747553081e-01
2.778266889856545685e+00
6.625009956134266353e+00
7.859485501568083121e-01
