3.409663732691493032e-01
4.534328212464742713e-01
-8.840688010599737634e-01
2.686035679374819907e+00
1.271979520892639215e+01
3.924163556988859547e+00
1.936721984465866742e+00
2.918372564941368097e+00
4.960992868696377234e-01
4.812145134111457168e+00
9.254537908042399508e+00
1.351743606177516543e+00
1.967486423599555057e+00
1.046967754540179207e+00
-2.007786683870327882e-01
3.466879998731779100e+00
8.050163403331820788e+00
2.324701373505551949e+00
9.134839096929887881e-02
-1.499125809098566631e+00
1.126186765755097907e+00
2.564347220292413354e+00
5.742466759691041034e+00
-1.629647329751328755e+00
-1.398544516677091121e+00
8.618666897814145633e-01
7.258357795577145666e+00
4.079720182235445414e+00
-2.316115075229267628e+00
-2.234993280900354762e+00
9.688491637912685084e-01
3.060074109715785973e+00
4.696651345357216734e+00
2.408178575418450151e+00
-4.022770195673431637e+00
2.017628633792036386e+00
2.741458873914368155e+00
6.930987321265298817e+00
2.741901226255184731e+00
-3.741801494433852238e+00
