2.886610641784486564e+00
8.665137654275541834e+00
-9.108553911950454385e-01
1.410187549756066749e+00
1.289565293327842088e+00
3.211718029108021177e+00
5.609469184892649452e+00
4.872707508875549820e+00
-3.628103230405417712e+00
2.417329685867148026e+00
2.823048122090448864e+00
4.794453093325700799e+00
2.813402730183792944e+00
-3.191259328389579597e+00
1.059771054574929705e+00
1.504568394903283535e+00
5.857386708702595257e+00
5.788783831918888012e+00
-5.030338148041829882e+00
1.905802428196583964e+00
3.949352609442052575e+00
7.192755632374273844e+00
-1.446673049555817991e+00
-2.397378016567421888e+00
-4.392338296870925696e-01
7.860492214658590937e-01
3.559663484132008726e+00
5.554161681897552327e+00
2.952004706404326662e+00
-8.462535584165828961e-01
4.234454457342086364e+00
2.545084757747313464e+00
4.713383250742712249e+00
2.542536409033705258e+00
-2.974818309351929813e+00
5.496457270107661941e-01
8.952780764420870341e+00
-4.855705430658601163e-01
-4.021740670038643550e+00
-2.208401682158685486e-01
