3.057219377014716688e+00
4.818025894757614891e-01
6.676526334060695067e-01
6.457559401068942329e+00
8.501112599947774129e+00
4.438600455194199768e+00
1.694239125206362662e+00
-3.658976620487340181e+00
2.496217581021956011e+00
5.775694310178477231e+00
1.603690695082860884e+00
2.994701684051899626e+00
5.942468096056294335e+00
2.766589605330151413e-01
2.980947861518199460e+00
4.236901122656433927e+00
4.480974379607615354e+00
-3.388786164318684957e+00
-1.020115338540387384e+00
-1.320307057631436853e+00
7.065981835448677195e+00
5.551206319707408632e+00
-5.346037590649839188e+00
1.602392463407032730e-01
3.664294914918797996e+00
5.618591795524107368e+00
2.153600445171876654e+00
4.142462914893726200e+00
4.400764060767619057e+00
-2.788722684948258035e+00
1.448701939272833972e+00
3.147736465207457091e+00
6.261383968543203338e+00
-2.559156796934928924e+00
3.086479657288097034e+00
2.629941536122659240e+00
3.465794710096222087e+00
5.887439140343668775e+00
-1.304934954711996165e+00
-4.092430883392410124e+00
