5.317329649691029392e-01
1.017585478155372591e+00
4.726596898319228579e+00
3.029541144211418402e+00
-3.978876518468035250e+00
3.361640722623268296e+00
2.972814990780333622e-01
4.055332428592180349e+00
7.797442256117546044e+00
-2.450183694078044150e-01
5.061474353566810969e+00
5.241774599770391063e+00
-2.791614596918364999e+00
3.912301577096735983e+00
6.813256082694721272e+00
5.492206326427487184e+00
-5.791709750186827543e-01
-1.045805834692503433e+00
3.410879848891548161e+00
1.151660659019832167e+01
-2.711538134020290425e+00
1.214997464988034848e+00
-2.160707289027684830e+00
1.658788256384008619e+00
3.984315914848755025e+00
6.187628084820686603e+00
8.306511018060543705e+00
-3.839801132086199664e-01
3.752748904267834362e+00
4.604394279545809709e+00
2.863172031198459422e+00
4.867299182895503229e+00
7.507852734898108338e+00
3.520302376614405038e+00
2.375008567383926072e-01
1.111885899750224782e+00
8.984250004768377096e-01
3.728884341176486927e+00
5.602227133911303447e+00
-3.655780203397201333e+00
