1.269941197829286272e+00
1.513618667949154784e+00
4.903659457482905104e+00
2.386310573684616188e+00
-3.695759072263403944e+00
3.731048446802057494e+00
1.490165459415474736e+00
4.312135048145536942e+00
7.678599411548069575e+00
2.608800104516539875e-01
5.153720614666787547e+00
4.871804722031199297e+00
-2.642121667889414383e+00
3.838855049188753643e+00
7.817655046107067740e+00
4.349391633933114676e+00
-1.614970691980246009e+00
-6.912282221856357323e-01
3.213714088266744984e+00
1.118820966681168549e+01
-2.833509361140451599e+00
2.657712773848487586e+00
-1.528320327595482864e+00
1.727363066043263284e+00
4.586989382366856383e+00
7.098378005642228317e+00
7.210954816112697507e+00
-8.252401801066890918e-01
3.946889560442284672e+00
5.181349560251712560e+00
3.226476049620573772e+00
5.230717703678135599e+00
7.499893304495936164e+00
2.423191632223450576e+00
-1.115776399683730130e-01
1.334537832988522466e+00
1.287333478580329427e+00
4.015950324203572563e+00
5.063490232367455768e+00
-3.785272015984843641e+00
