3.077304847196133952e+00
8.964950801934104874e+00
5.703171845634503967e+00
-2.821574984698870470e+00
2.210731375724637626e+00
4.781567616806010612e+00
5.889317701250232240e+00
9.338336976709427084e-01
-3.927736208976483567e+00
1.191721825663235812e+00
6.887489370562462909e+00
7.641752711276760479e+00
-4.525399040199398648e+00
-1.164608317947723570e+00
4.312199435674634596e-01
6.508284357827469613e-01
4.552665750674813161e+00
9.483707518167918238e+00
1.789350412277849189e+00
2.229446356268090401e+00
1.937185419329936265e+00
-1.018185621002298369e+00
1.833493224166848901e+00
7.717406127878760458e+00
-3.388162957493277450e+00
2.549856825489880130e+00
2.185813147727485362e+00
1.629970436171996884e+00
2.422939798698797276e+00
5.796160812005624052e+00
-3.836877802485631761e-02
-1.699614776995568066e+00
-3.932838716452464189e-01
1.006395612235207793e+01
-1.774864766596738086e+00
8.016827903069595473e-02
-9.013573507104044591e-02
3.507238812210349277e+00
5.796817882459307292e+00
-9.174975245745030650e-01
