6.709315439511606805e+00
8.682905475567999076e+00
3.876267777289163607e+00
-5.001175282842607928e+00
1.167801420133050216e+00
4.646971637633969365e+00
1.181081058086687285e+00
2.224618819410623338e+00
5.226003842730506221e+00
3.671326531726168518e+00
-3.850098037726446876e+00
4.056533083247233051e+00
6.319424602120541579e+00
4.828394286469446683e+00
2.246025437228586163e+00
-1.505137338271301362e+00
2.030157680110915575e+00
6.279821277509750388e+00
8.242720535647892532e+00
8.286950829856202239e-01
2.802549002954761725e+00
6.527645685432652556e+00
-2.605532272392638293e-02
-2.513238043959257872e+00
2.160075156539417729e-01
3.870867535957015715e+00
6.288260767945742735e+00
5.254013872920954009e-02
5.835876518212139707e+00
2.730912148786933447e+00
1.683395715905235290e+00
4.897909853692524074e+00
5.597906117166995266e+00
-4.310730485248453370e+00
-3.413460567443332039e+00
-1.705330017982878310e+00
5.980980975887150386e+00
5.575420385214123975e+00
-2.842915096610669767e+00
3.210764104037955313e+00
