2.697991089727048930e+00
8.259678818444914583e+00
-3.302105561430783709e+00
-2.645898961908119684e-01
8.437559706057490283e-01
2.325197464421599580e+00
7.508024842724408288e+00
2.426160272505143656e+00
-2.539316053153007235e+00
3.630211831559398306e+00
8.874380522085257184e+00
-1.974420910257859707e-02
3.448881339206641972e+00
5.466610997321655674e+00
-1.674099555109775928e+00
-8.669717695999707985e-01
2.496192385874100861e+00
6.530039892876120966e+00
3.324610673325323784e+00
-3.384894412579332545e+00
2.249451229946671571e+00
3.349566732561300442e-01
2.934273123158865015e+00
1.057225353413299729e+01
5.906999175927355461e-01
3.137908619882910699e+00
8.293022447229131400e-01
1.631860094608552192e+00
2.502349222286670560e+00
4.286121289284701597e+00
4.647492183275490518e+00
-3.358803918227457608e+00
-2.117426408127731641e+00
-2.235016997688215490e+00
6.076558899951447934e+00
1.024768480492354961e+01
1.461282076945340291e+00
5.459731615370225555e+00
3.181881393433463767e+00
-4.107090174453342790e+00
