1.341496302051194522e+00
-2.964492434496827755e+00
2.968105587033728732e+00
2.958082490747277582e+00
4.405842182776746441e+00
9.213974538328082886e+00
2.921005521647734415e+00
5.554260236720584665e+00
4.032451055606323109e+00
-5.249182049568786868e-01
3.295135342525373545e+00
7.272524615609374798e+00
1.749171446145155517e+00
1.974565921799044332e+00
6.055532525322643522e+00
2.059317368172545404e+00
-4.222147606977056711e+00
1.493771198988065985e+00
8.739541190155925676e+00
4.385701232300740493e+00
-3.082333362452380321e+00
-1.354887553216391538e+00
-1.625984354692229017e+00
-1.684548352654021475e+00
8.168230009528022251e+00
1.870264197925536775e+00
-2.655239366787155220e+00
1.283104328184246246e+00
8.647498813369356441e+00
4.789992979034698450e+00
-4.583173274068281344e+00
8.185541522357526745e-01
6.329758386912359924e+00
3.440058190820758810e+00
1.049364676028434307e+00
3.674157086192519017e+00
8.570253473777617259e+00
1.290216206193017356e+00
-7.773292521197647797e-01
5.406212158839890591e+00
