5.073144017179989973e+00
7.238433283881459346e+00
-6.373744292256251498e+00
2.307200424429568297e+00
4.761114258541232491e-02
-2.671421472948360409e-01
4.421272087286930663e+00
3.748809157022003458e+00
8.180414587838907847e-01
2.804433971367934486e+00
7.224974981922638761e+00
2.565370257413658539e+00
-3.170770446287998201e+00
3.750129687326653194e+00
2.676149828730354674e+00
1.421991879168103878e+00
2.930342633331901148e+00
5.842060660611489986e+00
-4.034448231108655136e+00
-1.614665561289282181e+00
-2.576953940688972100e+00
4.445794987324194203e+00
6.135919568681345915e+00
-3.088392437138031132e-01
4.113874506934255493e+00
6.723423998277645808e+00
-3.573628801041139891e+00
2.478968524284183239e+00
6.060134779258229187e+00
6.843152685990289363e+00
-4.168305454384402253e+00
3.385179060038457255e+00
4.786312714133351687e-01
9.900876946144783197e-01
7.342378032463607873e+00
5.342202640296573435e+00
-2.743367294015638169e+00
1.781522548778520010e+00
-2.073132409763506434e+00
-6.826688600382380123e-01
