-3.653916909974582961e+00
2.593458476983540706e+00
6.085693313999473553e+00
4.524172504360055136e+00
5.567832745897946189e+00
5.221411261722511910e+00
2.604822465397486297e+00
7.964687011078762646e-01
-9.799655239850335597e-01
3.121520276081356737e+00
6.230790282622825416e+00
1.411444837394190688e-02
-4.071264868807740633e+00
1.357201404031922465e+00
8.957831620158224206e-01
4.496168338869511061e+00
5.771812470877043744e+00
-5.151060741043395730e+00
6.610932355209907518e-01
1.778662760883430671e+00
2.303149030526327579e+00
3.683380299427018389e+00
7.452367691581447851e+00
-1.507514897959008282e+00
-1.739858490327369944e+00
1.994433896739821410e+00
3.233150797883358685e+00
4.192584959115513321e+00
5.294426806514502815e+00
-1.679599389416318589e+00
3.451262250665148912e+00
4.506826501640192717e+00
4.772927315147596161e+00
4.396567550024483850e+00
-1.875497791919209511e+00
-1.470324397461115318e+00
6.731960948053162808e-01
2.829880446066166400e+00
5.288284111856597747e+00
-1.264354513212055664e-01
