4.659289149139887343e+00
9.380071156388334330e+00
9.144011390043274012e-01
6.069260501628480631e-01
-4.547610082009088117e-01
1.300317262447325595e+00
2.529736913164625012e+00
8.130621412217873711e+00
-3.126745022287871212e+00
-1.887387317356854277e+00
-2.128881808631839512e+00
7.664838080371889184e+00
-9.857570748090759283e-01
-2.002811575096626329e-01
1.112640787240031237e+00
6.248504800127747671e+00
5.491034561367473366e+00
3.335915376797240484e+00
2.259357100674650010e+00
-2.801633538112372701e+00
1.688504760614281675e-01
1.186222345079483986e+00
3.937423434178589421e+00
5.113245261127105756e+00
-2.277135600646798874e+00
5.733806648813249973e-02
-1.031460288834598615e-01
8.179553497770349679e+00
-2.248600767740845108e-01
-1.684857125940663058e+00
-3.738625996288965081e-01
2.510819883468176972e+00
4.076887117639870439e+00
4.256472688379615121e+00
5.358493248138107568e-01
-2.135209461238088746e+00
-2.420051770576583106e-01
7.210414981950518332e+00
8.198609188121004365e+00
-4.096528657854247690e+00
