-2.224290634781632026e+00
1.895693556212437514e+00
9.129454520029193887e+00
-2.909093964254385600e+00
1.969458350498089150e+00
-2.678249034092327063e-01
2.887517756308197181e-02
9.101894824213001556e+00
3.313655660323369556e+00
-2.447909784263569755e+00
3.391759584248725368e+00
1.779094066140409325e+00
2.794612178511048928e+00
7.182869835090403221e+00
6.836705842220608176e+00
-1.186825815954220431e+00
4.297239281757763152e+00
3.210398274751243619e+00
1.056569509901429837e+00
3.299053916032676170e+00
7.786784658883070698e+00
-3.006244629328982843e+00
1.393924200994738127e+00
3.002366083368672278e+00
7.284387648320048925e+00
2.738941657452638623e+00
-3.541491750942441730e+00
-2.528559814609869338e+00
7.402805838800904370e-01
4.314310035330435333e+00
5.584901618165197590e+00
-3.483214978554181940e+00
2.667333341900141264e+00
2.328344073121249469e+00
5.918112004396882675e+00
7.334772263578822837e+00
1.449319162857442000e-01
2.517861664433187041e+00
6.384267279707250609e+00
5.502843577487528393e-01
