-1.293998377984148185e+00
3.020500738353969705e+00
8.247373635806830805e+00
1.966276860494693413e+00
-1.962755469152342336e+00
9.315315802754267072e-01
5.412236889267597384e+00
5.433074426062833417e+00
-3.122857769736896660e+00
2.622720386194116404e+00
2.495858044734962089e+00
4.757539946690560129e+00
6.658080812639814106e+00
-2.753034709400576929e+00
2.827032666003231665e+00
3.457615103672801116e+00
6.899566237898382859e+00
4.185870695291693977e+00
-2.543300015642918854e+00
4.656301983564055114e+00
4.386941482606881770e+00
2.934446242859885867e+00
5.249929108240007913e+00
3.246356329764446880e+00
-1.036930754227867180e+00
3.539594618860848918e+00
7.439023180182424255e+00
-1.980922315672554168e+00
-3.334423869217244540e+00
5.329506714692191505e-01
1.697447489380658814e+00
4.146379000582753882e+00
6.329776618109711706e+00
-3.126394488120632253e+00
3.250965378984734144e+00
4.892115929903948057e+00
4.413421196422172343e+00
5.284878074592246122e+00
6.882309904994739824e+00
2.815657245084621341e+00
