3.496742622689608115e+00
5.842560537445899094e+00
-3.619098974464947105e+00
9.694459697603752257e-02
1.115957137816212752e+00
2.634333285583466466e+00
6.056751291000575854e+00
2.333768601258167319e+00
-1.560614724783205398e+00
3.798810375819065221e+00
1.136913724985148910e+01
1.053342740095560170e+00
-4.727609799942590341e-01
-1.748367701838933641e+00
1.776504222423191948e+00
7.277544520804858585e+00
5.291170201679646912e-01
-4.663884277633126629e+00
-8.647373500537487434e-01
-9.377563205300104565e-02
5.200811571125274479e-02
7.126699534620597021e+00
1.800499609499847775e+00
-4.853196439833997289e+00
2.261214391813674673e+00
3.850106623506275305e+00
4.508420040519287575e+00
7.408191992790747804e+00
3.848948060035365382e-01
2.683157895107400881e-01
4.390270305983803745e+00
8.364620664468857214e+00
-3.019266593125117915e+00
-1.154726727914373863e-01
2.699911202472279559e+00
9.311967325323623257e+00
1.609648582502884173e-01
1.010815732099089370e+00
1.936702406260975673e+00
1.366657981048067017e+00
