2.648423391674123994e+00
9.497463375478170988e+00
8.474315209380545166e-01
-9.813188159104020425e-01
6.914875433400118787e+00
3.273024709975618229e+00
-2.581269358537758407e+00
1.985742522346158001e+00
7.055575490323327870e+00
-3.524531378909790735e+00
-2.462906009378620087e-01
7.112461109393778402e-01
4.198210545419242656e+00
8.612808755402197036e+00
-2.835674387344921943e+00
-7.083212546195866155e-01
3.317449304564420220e+00
6.339605862175646145e+00
4.740757594700703237e+00
1.790681661653738210e+00
-3.242538962470749020e+00
1.176621020086609404e+00
6.889429954272932033e-01
1.896682904790512603e-01
9.032620556078684970e+00
-2.312313616227638757e+00
-1.776014284987398995e+00
-4.149028992992148113e-01
2.177326199279758345e+00
7.663760951991202219e+00
5.125068222249502981e+00
6.232681249935615453e-01
1.486918108240509850e+00
-3.232387871119353218e+00
-1.184100011276898234e+00
3.407783923612021093e-01
4.544390055689098595e+00
5.168847596757816021e+00
2.983960800606283215e+00
4.234361597651997711e-02
