1.566682576664997883e+00
2.564220476207546451e+00
2.888196777354440137e+00
3.905128194768857419e+00
6.061752717269936142e+00
-8.346038214714284198e-01
3.368308006108671204e+00
4.772115969261877311e+00
4.602927698101646925e+00
1.472695497452526370e+00
-1.740646256777238055e+00
3.329268774000949893e+00
6.889412072541765575e+00
4.577316910790456106e+00
1.365090936685627643e+00
-7.664357848506937465e-01
4.694132121739671426e+00
7.359965731830751423e+00
3.005369464859557915e+00
2.784374838434692023e+00
-1.635539593218404253e+00
4.269856310594603854e-02
1.270923248890982071e+00
7.187343671821203372e+00
-2.934078896842412298e+00
-7.151114895518697612e-01
2.188913139414919162e-01
7.396476168513969718e+00
4.015624365526864636e+00
-2.472744726849696484e+00
-1.380228962326571773e+00
7.635343350753424074e-01
9.259325855203943689e+00
3.311297910051965943e+00
-3.433789072053939240e+00
6.811079351039344143e-01
-8.453696081289782116e-01
5.838183854936548345e-01
2.193478499108607593e+00
7.630256062092183988e+00
