3.979859766759169748e+00
5.771078027441631342e+00
-1.381339994915267377e+00
2.327894027982775338e+00
3.028473182986765266e+00
5.365362828829863595e+00
4.769703864682452554e+00
-3.588762625761144243e+00
4.083796756187079602e+00
6.709890009607024197e+00
5.049860910474724740e+00
-8.926348734396984952e-01
1.444161963640457014e+00
4.407497100352860464e+00
1.158596592792791391e+01
4.763274085441348227e+00
1.647341157672172818e+00
7.158569749026336027e+00
-6.845730818373420012e-01
-4.195195620388399327e+00
-6.645646126507569196e-02
2.728294990496136663e+00
8.138856225786547327e+00
-3.318975585799504913e+00
6.889126277412120913e-01
-1.084159930139397154e+00
5.324700614654668263e-01
1.496769465069640592e+00
4.840384340736081370e+00
9.303084113570450953e+00
-3.153325333114530560e-01
4.314052462427373058e+00
8.022198602546000146e+00
4.190008224974580031e+00
3.708286320398912039e+00
3.321065615236324930e+00
-2.338884265963187215e+00
-1.618704526679341782e-02
1.317687137316584822e+00
2.319721104908524900e+00
