2.251667242690903237e+00
-6.270696564679563156e-01
2.209461424781564709e+00
7.590762154320082722e+00
6.526406127835380211e+00
4.025998377036490439e+00
4.529358705425120313e+00
-1.079297431766653437e-01
-3.424647099632204483e+00
-2.343381568012483374e-01
3.890922241467500875e+00
2.787969893771424346e+00
2.640664106896014385e+00
5.303030960044083031e+00
2.062300658028608957e+00
-4.153570883498383104e+00
1.761940421961920356e+00
2.532564440022876617e+00
6.114445395076869794e+00
8.776482915036337928e+00
-1.166326261413270227e-01
2.963899565901294775e+00
5.171924706292849727e+00
-2.231641000362701188e+00
1.391019194388206426e+00
2.266969448754918126e+00
8.576961804836148673e+00
-1.376087386949965463e+00
2.165114915879619240e+00
4.544010801138859690e-01
2.737419616313998105e+00
9.392422661053956290e+00
2.198344681108276522e+00
-1.183418441348953742e-01
1.721043030079189684e+00
-1.988025385289187152e-01
1.473274630112247019e+00
8.236375157425124272e+00
4.419391726295230249e+00
-2.798354632039387280e+00
