5.297623442523918591e+00
6.648768809759083354e+00
-3.208285660523877980e-01
3.806547209137142840e+00
7.692802363166180157e+00
5.371936915209689190e+00
1.317111039131217520e+00
-4.630806224127084758e-01
-3.930075980615482800e-01
3.984407222516940794e-01
4.132611750955254237e+00
5.285625415323510268e+00
-4.119587160935544112e+00
3.841825973491719726e+00
3.685602408473166669e+00
4.126925301459691831e+00
9.602910218768279549e+00
1.384995686574347573e+00
-2.979437664951523068e+00
4.642940235755235179e+00
1.323704780591361319e+00
2.336749471993976535e+00
3.679977852329157528e+00
5.883458348836207996e+00
-6.713655972097940516e-01
5.273810639170144476e-01
3.483688515209872882e-01
8.327439120224651603e+00
2.041655129895080467e+00
1.663781239564115166e+00
2.424781743822596702e+00
4.515302536699429048e+00
8.544408077315482686e+00
5.208651627880632518e+00
-9.422688773106120408e-01
3.576589250208951576e+00
3.119664678740469821e+00
-3.507753536643041237e+00
4.553161366280456868e+00
2.631720965061004947e+00
