-6.510253148499094422e-01
5.490486631983256594e+00
1.036696366279896964e+01
1.266225303141319758e+00
3.829019230146532671e+00
1.866453008202718644e+00
-2.279597561774627135e+00
-2.082209818498309273e-01
4.403272185036916087e-01
5.320489571022383402e+00
8.785957439349370901e+00
-3.244377946852053718e+00
2.738268991846157796e+00
4.555948127287739347e+00
1.229969423971619902e+00
2.893411809394246248e+00
5.901105046799429488e+00
-2.841166423939142316e+00
-1.591238625313911470e+00
-5.797934576418242170e-01
4.765648439851332796e+00
8.188437616279252040e+00
-5.115764558942454521e+00
-1.089614935581609600e+00
-1.135777952018354187e+00
2.734461625222442738e+00
9.333646616160814702e+00
2.453994274091421346e+00
-4.371562239591133547e-01
8.162482969930907606e-01
-7.696021671005449649e-01
1.758197330468558306e-03
2.239134402646956623e+00
6.698319791291591052e+00
8.183921956345333371e+00
-2.003010866900633680e+00
-3.464352344123429184e+00
4.602145519919875305e+00
3.841785555713246314e+00
-2.031310860279341934e+00
