-1.265008631621733048e+00
7.928723102527827749e+00
3.856701123426311995e+00
3.362993535424745772e+00
5.334815984148805867e+00
5.217150764909841421e+00
2.251042562761583543e+00
-3.516118823841539953e+00
8.014845550628789672e-01
2.619724506456510671e+00
1.030241863320499718e+01
3.537569517605863023e+00
1.426542747295641789e+00
3.024397088908072906e+00
-1.920049168523351391e+00
1.543682507134648940e+00
5.250661544291981286e+00
4.716823412803638149e+00
-4.124234183151952671e+00
1.512077872222579999e-01
2.304420604164371778e+00
6.626098795387021845e+00
8.583112903359218393e+00
3.344306645326398986e+00
-1.958864524534122520e+00
3.825256529162718522e+00
4.754410795094199393e+00
3.660061922122245015e+00
4.737067198069111917e+00
2.959067726837614210e+00
-2.150878454138079210e+00
-2.027994575976219682e+00
1.844174776874363264e+00
1.491118563183560397e+00
4.431150141219241334e+00
1.227929310201202995e+01
4.717241487015572110e-01
1.254925579245641298e+00
3.360683938240552893e-01
-1.925293394146460502e+00
