8.059718017817399272e+00
1.770687065886814127e+00
3.205030829525544522e+00
1.617471986648509441e+00
-9.625462714540441445e-01
2.071081469154495647e+00
7.729172519444987621e+00
-3.603168932359863241e+00
2.516896825386090719e-01
-2.961158090535170873e-01
-1.219686543154700376e+00
1.775670201527025149e+00
9.522186645558747387e+00
6.440076009290354175e-01
2.179517147058007254e+00
2.736653352301322784e+00
1.116353526470055035e+00
3.223474776472705638e+00
6.483498822897791669e+00
-3.799908672467906090e+00
9.134509177064865648e-01
-7.068978111740446824e-02
2.950914696847942165e-01
2.185022856777328215e+00
6.845453838976155225e+00
1.805527109384916784e+00
-4.638559161414075760e+00
1.070887087093487011e+00
5.463155292603012469e+00
1.008740977333864564e+01
2.484142676957443729e-01
3.515596659478668951e+00
1.973484037489682485e+00
4.494522495166602405e-01
1.310071769448787560e+00
9.188768393638877541e+00
4.804778330268075770e-01
9.939060435467863552e-01
8.174357492590129670e-01
4.438938819136093450e+00
