3.472235990210453149e+00
1.083792750217136813e+01
-1.448580318740991579e+00
1.827818666555596439e+00
5.955695081006138203e-01
1.951389104869837299e+00
4.152238004209372946e+00
6.316769238726718250e+00
-4.166649156805365628e+00
2.373166073712740243e+00
-6.684523961270039116e-01
7.690276360404706857e+00
1.330530349137326152e+00
4.107371348785048282e-01
1.910431748548830910e+00
7.239397776989108024e+00
6.075613604343522489e+00
7.670456969757988297e-01
1.121507116852360264e+00
-2.014417597515905989e+00
8.730511944300543004e-01
2.219175664969731177e+00
4.915205474602896807e+00
3.556373571776159093e+00
-2.747301456341321835e+00
1.706208495357756538e+00
1.687173618925004392e+00
8.031330470713735181e+00
-7.792796540611979239e-01
-3.853338824310447164e-01
1.189628775294790802e-01
2.956013034478677248e+00
5.461121352818874009e+00
3.165545466347405412e+00
-1.072627252144903842e+00
-1.030684469127413738e+00
-5.781476848056931184e-01
6.919213911962712515e+00
5.498583741496113397e+00
-4.770577134385779239e+00
