1.086417052467074207e+00
3.258432471731419255e+00
6.872226779998746871e+00
-2.671896746218862084e+00
2.672872927892620876e+00
1.527059884786019284e+00
2.859510739735200424e+00
9.111565392069341129e+00
-4.213268682267737653e+00
-2.353432219613432963e+00
5.893213667628967034e-01
4.948376676434061316e+00
6.410092472653289519e+00
1.460297729696808489e+00
4.777397592706911222e-01
5.084853374541876470e+00
9.113009896308772895e+00
-1.727539881682923495e+00
7.699350335758098351e-01
2.343232431892552647e-01
2.313596827731506433e+00
5.532941827389056044e+00
1.342025857061392546e+00
-3.732573268593387450e+00
-4.925375599163611118e-01
-4.797788041784350477e-01
5.629179893000080703e+00
4.697868318561662981e+00
-2.609591324498990783e+00
-5.365347994351413741e-01
1.419591004904640963e+00
7.970612646151789882e+00
3.492944541548316018e+00
-2.365786946741939456e+00
9.506653736799460797e-01
1.757875960307376251e-01
3.213092921508815980e+00
4.250963901416929813e-01
2.440117297916541084e+00
6.682509756027281256e+00
