6.788533839606681219e+00
1.013401422087281567e+01
-5.449513115532672813e+00
1.418977270783907896e+00
4.120804602780577808e-01
2.583886994416421778e+00
8.656402920021468717e+00
8.167229042563743491e+00
2.371476695526203216e+00
3.144760290129100522e+00
1.007770773251514873e+00
-4.489737046009852905e-01
-2.077624199014999340e-01
6.759705388678532989e-01
5.707426617251470935e-01
8.555147126860330076e+00
5.193315169226607964e+00
9.506213203348381491e-01
5.736372109591944657e+00
4.875051745632688061e+00
-4.776262550541727769e+00
-4.394589590382577127e-01
-9.558821410446374234e-01
2.219580422096385508e+00
6.426958258930791423e+00
4.140677366049593466e+00
3.951110486428933921e+00
3.215107966942233109e+00
-1.790747611842107290e+00
5.362395817752886096e+00
8.295476176181935557e+00
7.159212858893291731e+00
7.045137396891168358e+00
5.808584940757365311e-01
3.435254332731863425e+00
2.680206741120204406e+00
7.397605214218910819e-01
4.566157978831347108e+00
7.579019836984302927e+00
2.972414513416798520e+00
