2.424531281612164690e+00
-4.290996720253183128e+00
-1.102076434872713007e+00
-6.221932279108283170e-01
3.765093978389769003e+00
6.767401778165482717e+00
-1.272897415128562804e+00
3.752360916338439711e+00
1.985819476434443454e+00
1.983532185903636336e+00
7.306730853882739574e+00
-3.334830444875784394e+00
-3.437745182586007253e+00
-4.985264735568433192e-01
6.049291048274136884e+00
4.141836487459515936e+00
-2.326995266282595676e+00
6.950920579202987115e-01
-2.421200427833926083e-01
1.048158451381693190e+01
3.933282121587318159e+00
-7.614307320014226388e-01
3.398883983792051922e+00
6.772987602461173040e+00
-3.188063388317217139e-01
-5.100043528109752700e+00
1.196617117635099814e-01
8.965338198139661818e-01
2.207530136321086189e+00
5.366901639803926649e+00
5.593602011562789578e+00
-3.249041962156011376e+00
2.816362677017228755e+00
2.312017968502710463e+00
2.972820965828726791e+00
6.061177529913780226e+00
5.825287588222376023e+00
-7.710997267439448910e-01
3.287680089560277796e+00
7.821725057517651791e+00
