7.190460044538238726e+00
1.546399815863389815e+00
4.586723086862783738e+00
5.516547488012166767e-01
-3.822990906069895889e+00
1.244081285308729745e+00
1.118742234303936378e+01
8.323989663927767069e+00
4.969695501093082668e-01
1.491012260088010466e+00
4.084669492226845833e+00
1.907804219893325381e+00
6.431137615493198734e-01
4.897230441655756827e+00
6.049456350576477348e+00
7.699773099476797666e-01
4.586498455215588521e+00
4.905754333568309811e+00
-4.856735805908305004e+00
1.538608616745304358e+00
1.064935172000233798e+00
5.977669107217738365e+00
7.397760312780659042e+00
-1.265155451985772839e+00
4.736916923844798344e-01
-2.693386384879476458e-01
3.210825458352814188e+00
6.931869271953002176e+00
2.483671371059408273e+00
-3.788959173224326182e+00
8.459855702990039250e-02
5.271141514034394238e-01
4.821794052928987107e+00
7.949115558043994056e+00
-3.856852559110484080e+00
2.920971284561624692e+00
3.355437338204276809e+00
-1.033931221317271110e+00
-5.886232083970883711e-01
5.337155711033229721e+00
