4.218279247616239402e+00
6.004667681245217992e+00
-3.961794836746688198e+00
4.234095074738744913e+00
6.342882882962862290e+00
4.822888053447862866e+00
-3.593963881054731857e+00
-1.333960556983288637e+00
8.333568860718727489e-01
1.597759799046182039e+00
6.918642506401226022e+00
-3.522795843171594221e+00
-1.386568359105075920e+00
-1.360890860207398134e+00
4.581421121405487185e+00
9.168687237588663663e+00
3.569901348121713003e+00
-1.775493392287446959e+00
-1.864486514276723739e+00
3.242966906025445795e+00
5.899714030152348521e+00
1.453948332914459574e+00
3.962481035850693001e+00
8.320011071370231548e+00
3.294862994863806627e+00
4.224181702810190231e+00
5.829871289039505022e+00
2.536060113401378935e+00
3.450978228580189544e+00
2.435943709387689449e+00
-1.220975693000640350e+00
2.366334756775084536e+00
5.232669627598008688e+00
8.787826880649216577e+00
-8.834428335068654770e-01
3.806385547608552855e-01
3.037846851092196765e+00
7.076510550931544685e+00
2.779452022345731965e+00
-2.554774419169511535e-01
