7.171613587635524034e+00
1.368769533206575462e+00
3.939100271827024269e+00
2.306027958434684777e+00
-1.853478377378499076e+00
2.431612165073820719e+00
8.045728626433866992e+00
-4.871382314564156601e-01
-4.030722651866560646e+00
-1.418386575624797530e+00
-1.978428243997930602e+00
3.311877148687669692e+00
9.091976299263508920e+00
1.946839132346188106e-01
1.559627364655061132e+00
1.896131484027358649e+00
-1.223350891765783710e-01
2.212995903352976690e+00
7.671967950588927110e+00
-1.435523003019429034e+00
-3.364503176077872304e+00
-8.880376843610072735e-01
-5.360310709497906334e-01
1.488224268843312714e+00
5.621472885375339956e+00
6.443669134220032291e+00
-3.267478905157739977e+00
1.872163617072368780e-01
3.001058700604803064e+00
1.071205485789261047e+01
1.078235013964781580e-01
3.489001160683169456e+00
1.238205861402934538e+00
7.798705389855376674e-03
9.733526004892181782e-02
9.369207994323080158e+00
-5.146274241698528540e-01
4.125625445756060661e-02
-5.712645296394922578e-01
3.799139956500515503e+00
