-3.267382223976411648e+00
4.190081036695293193e+00
6.080876249459210570e+00
5.379878971679509903e+00
-1.734296881854965888e-01
-3.131306047437366846e+00
2.506665761115218771e+00
8.398572371134292780e+00
3.697652981797054483e+00
3.015518405322295870e+00
2.366404792722292427e+00
-1.853842367589783491e+00
1.107645902002466043e+00
1.930591132318173475e+00
1.003796240844237708e+01
-7.475612570133103318e-01
2.615878168958004402e+00
8.101340094265121472e-01
-2.950646904939217552e-01
9.872567848464242068e-01
9.140709297275153133e+00
2.332151860953441069e+00
-2.602405113494831390e+00
2.620719220896615465e+00
2.585518718972400709e+00
4.340967555865049121e+00
7.295775554574925437e+00
-3.118942071200196953e+00
-1.616571185147945622e+00
-5.000216881144043946e-01
7.584136643430277047e+00
-1.587781270108720832e+00
-4.760033219974340923e+00
1.630998614190761753e+00
3.760186228451877000e+00
5.189592624787614739e+00
4.018608679738183476e+00
1.361752042326405787e+00
5.125134361145352813e+00
6.776146788707074542e+00
