6.637047356816318633e+00
-6.599157294383929395e-01
-6.138644350281191597e-01
-5.671977755810663213e-01
-1.209576138406112777e+00
-1.181714609369017566e-01
1.004058486596420136e-01
1.089121827456914549e+00
8.347911303344861977e+00
1.076162984004898626e-01
-4.536870227391785804e+00
-5.091772115702170032e-01
9.944695347741312474e+00
1.833054898301267777e+00
-2.325241335749284044e+00
2.709350833049900320e+00
5.047136379974924481e+00
-2.201243175063124724e+00
1.677864845612588862e+00
1.114391576209799561e+00
6.680057859132613629e+00
5.719633253158933783e+00
-8.587629138053736177e-01
4.981776311560930814e+00
3.293372816993416663e+00
-3.326156276091390751e+00
1.950304753029532767e+00
3.250408432684383619e+00
6.161147278785472636e+00
9.193558255927266387e+00
4.035673618452545464e-02
-2.718308972290590653e+00
1.939776968878941021e+00
5.821404460819994853e+00
1.045959286195131122e-01
3.760451988403157308e-01
2.484521544602394716e+00
1.062818255990092098e+01
5.607257532570764980e+00
3.615317823356767324e+00
