1.158822998019097161e+00
-1.819948467059562036e+00
-2.108608288698286537e-01
5.234785900478012843e-01
1.007048335815999707e+01
6.603573841034357628e+00
-4.817465313162744289e-01
4.348025606352520889e+00
4.303456506214735633e+00
3.245600879404698880e+00
-8.378628450503617930e-01
-2.649132624726018737e+00
-5.247488139632288107e-01
5.941469623889225282e+00
7.588994522928577346e+00
-1.646486374062406943e+00
2.303375309652594183e+00
2.149338796265037654e+00
6.177767273761277655e-01
3.928244323327405585e+00
1.072893401489786314e+01
3.178197095916058590e+00
-1.843978089105435592e+00
1.591794975096772147e+00
4.197378923706890141e+00
4.320324114221943401e-01
-1.572481773562181440e+00
-1.479339528774478607e+00
8.098814353431277979e+00
3.805975081535455828e+00
2.419125789917627500e+00
6.507866360173724551e+00
5.985966213552231352e+00
-4.315034822142725268e+00
3.484059513991087931e-01
-5.007182245632815082e-02
-6.775404033997514119e-01
2.701588047535372628e+00
7.270148620239092807e+00
3.693546859636061885e+00
