-2.716491375535422748e+00
9.859342797814387716e-01
3.676302255657867057e+00
5.387035345028862388e+00
-4.069831027044388705e+00
-7.466290087562534872e-01
-2.814260736931968765e+00
4.948150693754326923e+00
7.576525654537461740e+00
-2.039322111280825744e+00
4.317977006589609701e+00
6.130333137243713537e+00
-3.365312008487831186e+00
2.715444294203007924e+00
1.821125331983023843e+00
6.720831498914461299e+00
3.589119330713079314e+00
-1.816966849324669786e+00
4.885833772552222065e+00
1.118841269672443950e+01
3.421543307202648432e+00
-2.930166630180979781e-01
-3.577270363931682962e+00
2.103710267228685371e+00
1.501402193084972136e+00
2.894039773441134500e+00
1.030075301078234240e+01
-2.359469475515087455e-01
3.118492073235113793e+00
2.961093298549439812e+00
1.740439841729312542e+00
3.398979619124747220e+00
5.992398859809437539e+00
5.513107302535007470e+00
3.182259367535940964e+00
1.262893803757177524e+00
-3.493263896292418402e-01
2.930466455373235135e+00
6.745205503137660763e+00
-1.371128032333005287e+00
