2.664539051518818980e+00
1.108279968718201935e+01
-1.435347836313108916e+00
2.522388817298323538e+00
1.098128698976231554e+00
2.211398991374238676e+00
4.619149703270305274e+00
5.474286979267684039e+00
-4.053364005590313290e+00
3.335259520118604382e+00
7.503295976436936687e-01
7.693436635470458640e+00
1.626044320446342395e+00
3.777989766173620034e-01
2.186536471549164862e+00
7.635131720563025581e+00
5.687995145247411344e+00
-2.034470697104009129e-01
1.287870800285459971e+00
-1.657277152451342106e+00
1.032112009695574040e+00
2.625216587825276893e+00
5.191494527397369829e+00
2.840831975090286843e+00
-2.726250236538147131e+00
2.002830577312245897e+00
2.551484589960858251e+00
7.829175286468922579e+00
-1.080117586975912092e+00
1.249460361085113907e-01
3.636353068046233039e-01
3.167991938206426550e+00
5.802042484812904632e+00
2.523229618954011322e+00
-1.371118363372419546e+00
-5.977664103715154553e-01
-5.073641794610072031e-01
6.850257687262813810e+00
4.604193161811260815e+00
-4.978958387569339727e+00
