7.253314733976594653e+00
1.789675261726275002e+00
1.727810777665036879e+00
2.043118104472773755e+00
1.635872436884922676e+00
2.558479416196139944e+00
3.858356530154249953e+00
5.307112362361539049e+00
2.855705147487659357e+00
-2.133206429299238316e+00
4.424177096841686918e+00
6.415400234420932435e+00
5.758739052767783306e+00
-2.751533215013230560e+00
-1.551983192316193749e+00
4.105362054662380911e-01
7.272182740561657255e+00
3.890873259004216766e+00
4.264669069738514118e+00
7.587398695915063662e+00
2.219877137168146941e-02
-2.689551820447341868e+00
-3.007560005038710516e-02
6.089309437073446851e+00
4.178905133543286965e-01
-2.053727995427873321e+00
-4.254885779548008840e-01
8.194740215925367721e+00
-1.476706160412116553e+00
-5.639871161469120153e+00
7.886904368493582451e-01
5.126045482577236134e-01
2.297251516906313018e+00
7.386726730587611200e+00
2.294338708909471336e+00
2.645702238354904701e+00
8.189201612924145834e+00
4.337122980640915948e+00
-6.425506453879839874e+00
2.140612014335040225e+00
