6.241854280638732710e+00
2.426795132828030610e+00
4.351974556169184716e+00
7.377767825352187891e+00
-1.630141797124700753e+00
-1.380439445153102351e+00
1.608337250226982373e+00
1.029458930592723043e+01
-1.561868554244254303e+00
8.908046431347461658e-01
2.847235129308471002e+00
7.250143781537381482e-01
3.024260951802730801e-01
5.919140406538480059e-01
5.539109958642994158e+00
3.555679934492992800e+00
-4.994235297192913592e+00
2.230102065739422379e+00
7.186136410939783836e+00
6.324972643282788631e+00
-3.742979212447128390e+00
1.987319397400061805e+00
3.740611052330404807e+00
1.635390429444528504e+00
3.028990840154180297e+00
5.344118347000939018e+00
6.698661905943784411e+00
2.729451624834088541e+00
-3.110965616412888046e+00
6.141041471789511486e-02
7.141491271906825755e-01
8.981703682048843618e+00
7.285985369923633215e+00
-2.620429922764661246e+00
5.470552071698599583e+00
7.935654865388078072e+00
-4.519008960826301546e+00
3.470867034788474914e+00
2.778611480118701405e+00
4.280527122015858943e+00
