-1.355214440708135903e+00
4.609276635306225778e+00
7.865183113892504352e+00
4.312620775450501931e+00
6.269820549606190951e+00
5.696082478217300959e+00
1.452325648539883662e+00
5.301056824331399575e+00
5.190440114120593584e+00
-1.489566384503601348e+00
2.080093352027462039e+00
-4.164654347316081862e-01
2.002384643175066703e+00
7.453230470429049959e+00
-2.383881212778285463e-02
-2.731576994315911833e+00
3.353433641990329894e-01
1.521843143810371890e+00
7.701164884348005835e+00
-3.577689513076645511e+00
-2.268016893784258414e+00
-1.783889412500839100e+00
5.230764098038150678e+00
2.376027268924994829e+00
-2.342038718841382927e+00
3.014456661547037175e+00
8.557156230238145866e+00
4.457496241274031767e+00
1.597626957756540511e+00
-1.616285748631479668e+00
-1.878163796251836493e+00
9.399160137261813874e-02
2.805539689813052018e+00
9.287108497600476298e+00
-2.418800434534833954e+00
-2.371853160225223967e+00
1.460840417554577275e+00
3.387055849706388511e+00
5.056499128415087085e+00
3.197857584083726668e+00
