5.243823720278836475e+00
-1.087022858348678733e+00
8.170439865146725822e-01
2.662083412687246131e-01
-3.407431316744514160e-01
6.071939945802312666e-01
9.107707106185521928e-01
2.129231566952320964e+00
7.950345517528172756e+00
-2.954206036964617699e+00
-1.648475411714618755e+00
-3.113370834501612006e+00
8.789318597227495644e+00
2.134327204619483442e+00
-2.507964990183703335e+00
2.419131809367201846e+00
5.473139555717500215e+00
-1.347562440711927767e+00
2.779210064402886537e+00
3.712935237099931562e+00
7.317476105821707044e+00
3.722313598548505187e+00
-8.386290932721737201e-01
5.427192084287753460e+00
2.570891755765878361e+00
-3.119699234392623310e+00
2.020959571476210748e+00
5.797256160980141182e+00
8.260100715036482910e+00
3.552573122219684354e+00
-4.988563421766059491e+00
-3.356591024540108714e-01
1.284200900991779637e+00
6.285021531922009075e+00
4.369322392908513430e-01
1.041678103439992675e+00
3.786755242081675910e+00
1.181773797110570001e+01
4.989775164392843187e+00
1.090988382160284598e+00
