3.795552538421767430e+00
-4.628491300299073963e+00
1.829982130491353720e+00
6.520467178657271212e+00
6.319675023568136041e+00
1.867813891160936546e+00
5.962792866715316720e+00
8.204407681336919111e+00
6.717169571303713838e-01
3.477387948516451388e+00
3.511092813321820216e+00
7.494018207905486229e-01
4.162341005080733680e+00
6.130282244504203781e+00
-2.799382811337902677e+00
1.040621584336486327e+00
1.392730933283323203e-02
7.831050957128676826e-01
5.644580830790796533e+00
1.906134278601073984e+00
-3.543716533164915194e+00
1.476921127263980837e+00
3.191327583483786867e+00
6.296313933022866571e+00
-3.600618297030135029e+00
-1.169343420752557261e+00
-3.753275580818395407e-01
1.925167053930821881e+00
6.626406603651637361e+00
3.195395669879645517e+00
-3.199457008571565009e+00
-5.320364982070979742e-01
5.567438909682621562e-01
6.201450814635913744e+00
4.152479255583573448e+00
-5.374816078347803838e+00
2.397691885047723570e+00
1.000937958348747436e+00
1.755014071592182034e+00
5.603806332542633051e+00
