-1.109415980669237856e+00
4.501635698187593349e+00
8.738029150499210473e+00
4.849109247176487614e+00
5.878529466766130085e+00
5.150856906937399948e+00
1.535512206811760150e+00
5.367425596830036838e+00
4.743079737638193905e+00
-1.665353595080033555e+00
2.537745875796919126e+00
1.415821967732798226e-01
2.178881862950306392e+00
7.443513760183699368e+00
-8.791305829716478115e-01
-2.263452176704884078e+00
4.075976856653780178e-01
1.859268025596203300e+00
7.475165807260008677e+00
-3.978673777020505398e+00
-7.469634332775931806e-01
-1.882861177650390738e+00
5.083950192953955671e+00
2.496492425237273771e+00
-2.187391088087105029e+00
2.701690127514361439e+00
9.142726854838539197e+00
4.007099018393364354e+00
3.588838930089658374e-01
-1.478588851773716240e+00
-1.513208538327831532e+00
1.079402853350538150e-01
3.009877349351878451e+00
8.944989331682872802e+00
-3.478439495309652241e+00
-1.262337415243889316e+00
1.291100126719664898e+00
3.847845508497730993e+00
5.328699996825109864e+00
2.524815465826253824e+00
