5.428469006658262153e+00
1.002265376034277011e+01
-3.584326870671439291e-02
-4.092913904843718420e+00
-1.032992497129970433e+00
-8.849676639169299364e-01
4.250026231348460470e+00
2.283318551766369886e+00
6.769495643310521338e-01
1.681795880461854464e+00
5.877006299004897905e+00
6.790387147389270517e+00
-2.267949777563912139e+00
1.780634411671509154e+00
1.357839708379877386e-01
6.504651975246624751e-01
1.451567034732664130e+00
6.744343729023325906e+00
-1.440233831174453361e-02
-5.842073046803688108e+00
2.216160915764107120e-01
5.905776630777051395e+00
5.088690467598333989e+00
-3.662329042278681390e-01
3.686106910960158078e+00
8.174520000055089497e+00
-2.750066150537460175e+00
2.828516932679830953e-01
3.098530458441195012e+00
9.939626346014978964e+00
-1.640491954677246511e+00
-1.504178651270547951e+00
-1.351046708649114469e+00
6.144632078499207006e-01
6.607738228113193557e+00
6.576492762243447032e+00
1.607645523292064782e+00
-1.387499280149891712e-01
-3.628401359550927019e+00
7.922501282569449632e-02
