4.060558317088802660e+00
7.985976121140454076e+00
5.816508065684725892e+00
5.612375794437662879e-01
-2.940765690076548200e+00
-2.276203503702456388e+00
-3.284034071237398766e+00
9.770975620504923853e+00
8.871326051763189779e-01
-4.710779671932772139e+00
1.689097002213469700e+00
7.155436673497770350e-01
2.838577520266445386e+00
9.501715822522408317e+00
3.701586895710248459e+00
-1.344016062537618517e+00
8.129298695650103435e-01
-5.897688826087217340e-01
2.903520062753733644e+00
8.170935169158662248e+00
3.200771175185309403e+00
-7.564847102549762670e-02
-1.005693334603809275e+00
6.389782486447273535e-02
1.620008525925582310e+00
6.607676396404277952e+00
-1.602910136191285861e+00
-2.555970414099614452e+00
1.272307969441504927e+00
5.189517784480467633e+00
4.967920439615763684e+00
2.480390178131660850e+00
-2.739714218381497091e+00
-1.273793072304467699e-01
1.009653019375372551e+00
3.833122187175331597e+00
4.779091033239310171e+00
-3.920039260182001772e+00
9.415641575618620696e-01
6.359083511048280180e-01
