6.417915552900582687e-01
6.682984487893842029e+00
5.100708948744989257e+00
-2.007869142112514105e+00
-1.479784086474697613e+00
8.462222758393496413e-02
2.633123928653785306e+00
1.005521856769106037e+01
-2.630845767977680438e+00
-2.056204421840400087e+00
-8.780050974375713801e-02
3.312977803737536586e+00
4.663293582691213857e+00
-2.806961828688504745e+00
2.256016440012523550e+00
2.773890903917775486e+00
9.545706669603672978e+00
-1.779263068296788486e+00
-5.861268352242197999e+00
-1.820369386728808436e+00
8.918299598729394262e+00
3.022483103936207449e+00
-2.854725227603570836e+00
2.294721422776362818e+00
9.507990745332676852e+00
-2.698686790282317727e+00
-9.425148900896718196e-01
3.288416199988258182e+00
2.283872080637865398e+00
8.714780397736350270e-01
1.205556803313784453e+00
5.022922332026007908e+00
1.184165314048654238e+01
1.372278147442207441e+00
2.680355571673440629e+00
7.131889074813283713e+00
3.760915740741262336e+00
1.583630936583847904e+00
-1.841634002007501714e-01
-2.390389974045763921e+00
