8.383441381482436228e+00
4.687408009484892446e+00
-7.394493616650170686e-01
-2.045810633619979946e+00
1.388965135347892454e+00
-2.018584997372111722e+00
5.128203478430582996e-01
5.737335013748277923e+00
1.548172484867183840e+00
3.993904602522911240e+00
6.318688716251907422e+00
-5.523672427700170307e-01
-3.672557045032416756e+00
2.786602011066949380e+00
2.920199655984813125e-01
6.383680731938749631e+00
4.593115729528127744e+00
-1.909069323443145061e+00
2.663663633890025917e+00
8.252257732752958930e+00
-4.099355939434459195e-01
-7.912586390119259461e-01
3.086432717709649776e+00
8.579779184791757274e+00
-4.106056963034290241e-01
-4.365868216470615293e-01
5.229217280270435086e-01
4.816010165688997091e+00
8.261854189960141426e+00
-9.133577016995609865e-01
9.240895690934802786e-01
-6.983672519497183817e-01
2.161782440328148813e-01
1.606806610235634647e+00
6.071496911093769988e+00
5.683033905001608765e-01
-2.134933423049957479e+00
2.213436883956839019e+00
-1.128055048061272325e+00
8.036332083892437916e-01
