6.068868998105318990e-01
3.524338920827172927e+00
7.425447361309805316e+00
-2.528834826664329682e+00
2.502889523917829706e+00
2.969060680235497962e+00
6.394199145979082566e+00
-1.700883087940681659e-01
-2.397392958161428389e+00
1.353109109734895066e+00
8.832422178782547206e+00
2.655220585981813208e+00
-2.796526611989100353e+00
-1.076578131304572139e+00
1.466336146079181058e+00
9.013302309483735897e+00
-1.704940921163916323e-01
-3.388830865648910340e+00
-7.711266722652990735e-01
2.840595854331780412e+00
9.776896990431421131e+00
3.132326936044299792e+00
7.197850646952936859e-01
1.287503068808658613e+00
1.052491127785857516e+00
4.395960718271424206e+00
3.842430791746047625e+00
-4.055500344800135437e+00
3.398034858665754054e+00
4.432778263363290172e+00
4.383628853330316488e+00
5.401984871457799819e+00
-5.692464507439478627e-01
-1.883777235478055090e+00
1.075625981064740833e+00
1.111529897814850010e+01
5.863725631567021424e+00
-1.331916683077808861e+00
2.755921561935419817e+00
-3.299368567541061115e-01
