3.627095574921482157e+00
5.633639100246267795e+00
2.619072222305588671e+00
4.807134755309061092e+00
6.088443759490493434e+00
-2.978519705260131545e+00
-2.272640557592874089e+00
-6.663989158807109847e-01
1.904908631711009326e+00
6.171649571441192528e+00
-4.878450341615437891e-01
3.534666327357889326e+00
8.175799412765289986e+00
2.895571676199579336e+00
-2.690033897602472024e+00
-9.508114356064785166e-01
-1.320321131957591154e+00
1.611033514369479613e+00
8.163295610790013868e+00
4.642054429386837100e+00
-1.947555532834503556e+00
6.856385975241621189e-01
5.786862618584946993e+00
9.528107034576699164e+00
-4.206990540815648272e-01
4.140729211902868911e+00
1.066092872794300650e+00
-5.279253777391690328e-01
-1.082828052923101581e+00
6.504159890286604906e+00
6.654385653210963092e+00
-1.063563103324954406e+00
4.086605903513509830e+00
5.470642824611814170e+00
-1.946836289203722314e+00
-8.200229125228757354e-01
1.282224602214958320e-01
7.203217094385171215e+00
5.115047687108745578e+00
-3.708359647755794519e+00
