5.900755023058770199e+00
-3.511992708919286166e+00
-2.338191029166655888e+00
6.000119737433484701e-01
7.671961541417418040e+00
5.322829166734494244e+00
-2.777481033148906597e+00
-1.364555558575471172e+00
3.492146885666508105e+00
6.930176580832766220e+00
4.239566071655398005e+00
5.251108025712447613e+00
3.227165523643976908e+00
-2.067467143431460652e+00
3.062797818654557247e+00
7.291421429413844635e+00
-8.492893532368728238e-02
-3.483074410780763852e+00
-6.912952772363534226e-04
-1.208346669300312648e+00
6.259911785454188582e+00
8.885576610171170842e+00
8.082653469986018635e-01
5.921808583501851686e+00
2.610411604913406514e+00
-5.781267449511093837e+00
2.988440202419728742e+00
6.604424421744162110e+00
6.289810717955380603e+00
2.397855368370826468e-01
-1.923224613115489978e+00
3.695297942250070911e+00
2.571366067782941744e+00
1.957719131422543279e+00
4.085973738168803493e+00
4.992575935027812051e+00
-2.350835594331924572e+00
-9.336361694961254898e-01
2.130855126814142242e+00
6.347252353517986556e+00
