2.227524932599295404e+00
6.123697630732692687e+00
2.799202128301010895e+00
-6.434867085173550549e+00
1.704348795566187125e+00
4.125081975857915140e+00
7.490996993521212843e+00
2.722797899236981678e+00
2.499195658064227832e+00
3.502965703439311795e+00
-2.152874986900671583e+00
7.264680943951948300e-02
5.519812692200777304e-01
6.375815919857148018e+00
1.706707070004379379e+00
-3.872792527510747096e+00
1.198072618650142251e-01
1.084409877370992703e+00
2.166756713604929274e+00
6.426002108024380099e+00
2.875678178224847503e+00
-2.603163315061120198e+00
5.257874018174678810e+00
3.412115078598878970e+00
1.650536870469812678e+00
6.123259313175574370e+00
2.196552223011634553e+00
-3.899300649538874453e+00
2.691792640668068337e+00
6.027320620472025325e+00
5.738467980853489969e+00
9.784895529484506360e-01
-2.137685897818607295e+00
4.179915003650810590e+00
6.453934245322656693e+00
3.014791165107742366e+00
4.129039303488151624e+00
1.182508616686338776e+00
-2.689258785948935415e+00
9.661137277604501250e-01
