1.046724259335844343e+00
5.256854431963262186e+00
6.995325586508059246e+00
-5.537530932673658590e+00
-1.903159911470246601e-01
2.086904070810190248e+00
6.977377287964436903e+00
2.361380430321527335e+00
2.876945997985514758e+00
4.396334802281928411e+00
-1.809552201213286304e+00
-1.538172932416629557e+00
3.465726183465967503e-01
6.090035179794022646e+00
3.698042717750378738e+00
-3.180859570886301668e+00
-1.421150165535154386e+00
6.302266693121085783e-01
9.891513106857529047e-01
5.750353780605850673e+00
5.244563210152656474e+00
-3.227469412654182523e+00
4.359117862273111044e+00
7.651277552788586789e-01
7.622603909045273518e-01
5.792995186688298048e+00
4.888440248631066076e+00
-3.983260566363224786e+00
2.572562768149630141e+00
2.897889138632232520e+00
5.632048989859031352e+00
4.552078620814052456e+00
-2.795349435905096325e+00
4.391458030256909950e+00
3.876140360119427086e+00
2.439338401000682666e+00
4.668259936137606481e+00
3.136233112837691905e+00
-2.941788014783160321e+00
7.766970196232504675e-02
