-1.686620588905539231e+00
3.662796701354189555e+00
4.463490765166406860e+00
4.401739199057946195e+00
1.401987854362208186e+00
-1.018035959941889335e+00
3.272998755026621076e+00
1.996543012897815661e+00
2.425221266901750550e+00
7.172971588702061752e+00
-1.525210821500083913e+00
1.320661446343231460e-01
8.862850272108996341e-01
5.486566722866241363e+00
6.974557308303190872e+00
-1.274009007991883324e+00
5.348447668656021392e+00
6.811816061801621913e+00
2.955583075397145265e+00
3.174332535482835560e+00
-1.483059158593367677e+00
-1.172524709704751755e+00
4.473228194505012301e-01
6.477158971356019812e+00
1.563501684038882900e+00
-3.274103285993287038e+00
2.302245763380960319e+00
5.459908236570034212e+00
4.932089373722113201e+00
2.617808878152164009e+00
-3.708275194705593414e+00
4.033738468649498365e+00
2.587517937774443499e+00
8.159180471845234095e+00
-1.215944222987131340e+00
-2.039791867218826660e+00
-1.430744263667451666e-01
1.549412488474796845e+00
9.980478684451806970e+00
8.658544716905248961e+00
