4.615928927537136239e-01
2.314306923156172147e+00
8.875601639869614701e+00
-1.910018995926868191e-02
2.151958661639479686e+00
1.086409545376390673e+00
2.008455211850608713e+00
6.448248751386258526e+00
-3.779690096209588734e+00
-2.258229782176877976e+00
9.124196662392110024e-01
2.040100040910422852e+00
4.949786292324034775e+00
7.980680028517808999e+00
1.247484708981349444e+00
4.467301817044407208e+00
5.500729313757585004e+00
-4.650699954309688522e+00
4.414541876855991198e+00
2.642069552786118880e+00
3.571773387893246721e+00
8.089474824737560965e+00
4.233158668014718629e+00
1.436420089160294289e+00
2.139647966241279953e+00
1.877481743825192284e+00
6.001558787462485611e+00
7.726215189160339669e+00
3.220361736004295761e-01
1.960888659619686614e+00
1.937524465668907236e-01
2.096446509351315157e+00
5.052493528810912515e+00
3.979055102316380932e+00
-2.706962672069382680e+00
2.283518615077733571e+00
6.809338195604955679e+00
4.914001609277671712e+00
-2.068547827586389776e+00
-1.016689667484248050e+00
