-1.588876791284123735e+00
1.899688664065524168e+00
-2.693999341169115880e+00
4.597195185932378969e+00
1.295786825052937408e+00
-4.805974537933988877e+00
-2.034346195966035165e+00
4.719202494458585306e+00
3.545045286758286451e+00
-5.134734083017947981e+00
1.008665636508598862e+00
8.106332239189185884e+00
7.777422413604555551e+00
-4.310430003572459867e+00
2.899107167313299538e+00
3.660868056357962974e+00
2.376372076813037193e+00
5.930916502268267720e+00
8.269648335748438939e+00
-6.971479830079565509e-01
1.347720926730366642e-01
-1.860496930008021854e+00
-4.527514995698650457e-01
-4.820265457586814239e-01
4.196266495631587823e+00
1.008029388244978009e+01
-4.546486465437923202e-02
2.192545628649028355e+00
2.181813720537022938e+00
-2.754076625579592985e+00
1.512667012231308616e+00
1.551090296967928550e+00
3.948254600786530677e+00
7.175130279236885400e+00
-1.371989307850695505e+00
-7.202594754781085351e-01
4.017824196457151942e+00
5.579047177226655663e+00
2.699174778802706065e+00
4.062658117478509467e+00
