-4.080374516532604190e+00
-1.452041244030259914e+00
2.749625741422887959e+00
6.793054756398719363e+00
2.651975734102605120e+00
4.464328663726655044e+00
7.505636659198143157e+00
1.361913029351522031e+00
3.239623328118634404e+00
5.547842936460786412e+00
-3.565737976530682474e+00
-3.038948891309843248e+00
-4.305257650664013336e-01
1.993114051032707890e+00
6.852615111945572046e+00
5.928259867574442232e+00
3.570852603990867902e+00
3.808425171460587677e+00
-1.570412439641112545e+00
-9.977632571751074986e-01
5.919121595326956031e-01
8.189888854136343710e+00
-4.603958038382119922e-01
-4.419614845850285967e+00
-9.634864003818353062e-01
6.656980678396025475e+00
1.308368459605056700e+01
2.355963062107112316e-01
1.398033745131965988e+00
1.114111804863076483e+00
-2.594365637291890181e+00
1.128597024828883022e+00
8.079414532912238656e+00
4.745804710657838932e+00
2.558662083955172140e+00
2.705933365807863922e+00
-2.324413832634271149e-01
3.633978753211167145e+00
1.027787969545049762e+01
8.528411792439547501e-01
