3.776020596227673387e+00
1.012123325833155896e+01
2.581578822791319894e+00
-1.479732014489627989e+00
-1.178434245764373278e+00
-2.076196020934072628e+00
-2.993624435608722489e+00
3.124521244672549436e+00
6.318489301255996615e+00
3.066487253888973141e-01
5.078297832942692658e+00
5.325096813668266371e+00
-1.230734541242593627e+00
3.055565511956285896e+00
1.305193578536708721e+01
-2.147289136743739668e+00
-1.732639829502128581e+00
1.636318448451183682e+00
6.783858587921668182e+00
8.211872316908923608e-01
-2.969727155023863308e+00
1.518072100124344903e+00
5.604609165046405828e+00
5.383658461914067495e+00
-6.966369321828706163e+00
2.062919140362796444e+00
5.228006563043787747e-01
7.795740750001640684e+00
8.145301224813014329e+00
3.354248625210816126e+00
4.852435894963781138e+00
4.149670586527848926e+00
1.043701436264423021e+00
-3.040373615028241439e+00
-9.309667676543824655e-01
-2.531188404808702996e-01
4.937061589133913131e+00
7.170438581027998026e+00
-4.148397053280424629e+00
7.656612279408524513e-01
