9.870021730008882166e-01
-3.976357519049195655e-01
4.888935335050259567e+00
3.802711444684134801e+00
-5.422296865118514830e+00
4.314492567428886538e+00
1.804810056677240260e+00
1.745620206330301905e+00
9.171981023493323448e+00
1.052392777450761985e+00
-2.286094519808933967e+00
7.731562566248902924e-01
1.895905601384884065e+00
3.674334904460893281e+00
7.488666330525938442e+00
2.606110244750807770e+00
-1.985545549614107452e+00
5.262278004568630152e+00
5.073883077601312408e+00
-5.794796886962926274e-01
2.486731092066468918e+00
6.793477612584762682e+00
-2.189689106699542975e+00
2.500714422676874271e+00
2.200551155770694045e+00
4.256479113702524408e+00
8.991027185848537329e+00
8.364391401092258205e-01
-2.689861193582340437e+00
3.446108381699272361e+00
5.991015125493052373e+00
-2.558108491780790139e+00
2.494390576879785382e+00
4.395835730174329825e+00
6.272664437908637147e+00
-2.200036961696152371e+00
2.653283019197793635e+00
2.350946392135838448e+00
3.686770486948674375e+00
7.191096708372972657e+00
