-6.520318513137622896e-01
6.465807802092686352e+00
1.969144020296022646e+00
-1.466910153778144821e+00
1.485854172665619144e+00
7.217256922970259225e+00
9.412193805993397389e-01
-1.181376235303374100e+00
2.833523850939021926e+00
7.254863443707162851e+00
-3.812310520922530532e+00
1.424908641211266813e+00
1.144704921505689810e-01
9.363700714356733013e-01
5.409690911628856291e+00
1.580470140836252479e+00
-2.205397409055426028e+00
4.634888729542627317e+00
7.340254639437808315e+00
5.364719941815493165e+00
4.907457923680798473e+00
2.021974410704344471e+00
6.990882431299290545e+00
6.899719735427822798e+00
1.359472668567481168e+00
3.747363895989947569e+00
2.368412867241538766e+00
4.321010452801725243e+00
6.995529882660684429e+00
-9.085920509855380800e-01
1.324899153114900585e+00
6.703685634642206459e+00
8.010467383791951335e+00
-9.150951685624031384e-02
5.336237296159345611e+00
3.043171907606623261e+00
-6.960914713007877452e-01
1.566638835968531707e+00
8.477865810929209545e+00
5.156055818172984750e+00
