6.353346198883712326e+00
8.018965543559616549e+00
1.362941816878465273e+00
3.210613468212715649e+00
3.736320497359388870e+00
-2.097070829718231888e+00
3.595088585804227410e+00
8.598065976622807582e+00
4.644676216446698369e+00
-7.028660935531620524e+00
1.463646472467373227e+00
3.145129132293777552e+00
6.089758589350030782e+00
2.378067347513976859e+00
-3.886904936037360314e-01
-1.041434691569397275e+00
-1.496233191903947990e+00
5.414098259803482804e+00
4.776410466438769653e+00
-2.010633102892570356e+00
2.821386999753789482e+00
9.406483145881907149e+00
4.218844114451842486e+00
-1.638692313781986654e+00
2.716183362069388846e-02
-1.777712311074686857e+00
1.226515185245196510e-02
-2.293947448906506370e+00
2.907680873486141238e+00
5.434501890864824603e+00
-3.749535273972856686e+00
3.083623439165059654e+00
7.621905061701510498e+00
2.825774926731953407e+00
-2.674687114614748396e+00
7.318839423256613408e-01
1.936125917771374327e+00
8.723247680219555988e+00
5.988114364223028341e-01
2.394528684669691376e+00
