4.481208947410644683e+00
-4.367419757799836932e-01
3.704588894744329508e+00
1.124352449772156781e+01
1.848137441677929482e+00
6.768131770390418689e-01
2.929979678984260705e+00
-5.926665820997679690e-01
1.814572441417090731e+00
6.210232426800464722e+00
-1.314173282864480763e+00
-1.052220915256073974e+00
7.039941512878562790e-02
7.598768882782480638e+00
-2.439458323575261378e+00
-1.123434386037317267e+00
1.549383958773026815e-01
2.044497660186471943e+00
6.356609815562140220e+00
4.617673899314047037e-01
-4.674977114528792832e+00
1.461936454995966805e+00
1.774657104827527032e+00
8.372624440548555924e+00
-2.663902141003231527e+00
-4.291836247592711651e+00
1.332205189523041344e+00
1.225748090879985153e+00
6.582119637374153065e+00
-1.516669198693915838e-02
-1.785579068996752561e+00
-3.764569880589277329e+00
2.875477037175892203e+00
8.384813147171001901e+00
1.651996525175569275e+00
6.120904052103464110e+00
-6.168082490326221023e-01
-2.129407201912431269e+00
-3.469700470889207633e+00
5.464304863451042493e+00
