1.325031946686112017e+00
-4.405643075180830648e-01
-9.912667121395485337e-01
9.360849051804200016e+00
-2.615799601820428255e-01
-4.522039282289143536e+00
1.814765219884116876e+00
2.876966343475819254e+00
3.119182159582061242e+00
7.505604301165426762e+00
3.316219551282076239e+00
-3.502278266185491429e+00
4.476648618579559979e+00
4.761162035767995349e+00
-2.574576737340410038e+00
2.299549539297857770e+00
7.624907652144744752e+00
4.911017362942271092e+00
-2.880233383851881435e+00
-1.198339488326040314e+00
-9.864184695054349916e-01
9.969802804900412818e-01
5.511424006495878380e+00
9.875668754078555267e+00
-1.041819736690974496e+00
-1.545861798698959122e+00
4.606786806733803807e+00
3.895732692576363121e+00
2.635951741461616482e+00
4.602526264005692092e+00
-2.858416355090518834e+00
-7.130413302557178090e-01
-1.128348837582537234e+00
4.268760952343823689e+00
1.039183324790180585e+01
2.257338533927862656e+00
-1.763910186542382075e+00
-1.431503395503641363e+00
3.064088358873704898e+00
2.196010726302465965e+00
