4.420114242990455189e+00
-2.677018332953033042e+00
-1.980763231828595039e+00
1.144306248964336525e+00
3.970190473043801127e+00
6.802156397338364968e+00
3.365730673486396540e+00
1.621130807898090831e+00
7.361908794890544172e+00
1.105806689096564988e+01
-1.058358332868173823e+00
3.221457456647955020e+00
4.332787527539018413e+00
1.664172342488776435e+00
2.267449158066820569e+00
-3.428726846118655969e-01
3.066106527440423335e+00
3.280695187068627838e+00
5.044088504113735105e+00
7.280456301964917110e+00
-1.008849434539821566e+00
4.053696642943800832e+00
6.590682267496867919e-01
1.039534235536899498e+00
1.407188867392594078e+00
4.614610036968861628e+00
5.279828791125038556e+00
-4.956271997750171465e+00
1.856339610829719433e+00
5.461696170346512780e+00
5.812159997725708571e+00
-1.097808800643893523e+00
1.040159159290089175e+00
3.370313606168842568e+00
8.833039899274785611e+00
-3.468679843622478831e+00
2.682046788572335916e-01
3.662826607611407770e+00
4.940455073931198093e+00
4.188251611108532835e+00
