1.354539978019372981e+00
5.960528043759266481e+00
4.919293130038274953e+00
-1.862340175954118049e+00
-2.427162400918010110e-01
4.710335464612925627e+00
6.459856235861341389e+00
-4.548762042908132130e+00
4.366793323252381676e+00
2.850171311656164441e-01
7.904784101951858322e-01
6.775937952442466994e+00
2.689428928448765355e+00
2.793672068171477285e+00
6.802227746507521822e+00
3.404404844190812351e+00
-5.158771572519470716e+00
6.379460256846183341e-01
4.604044061969997159e+00
4.492027909098499805e+00
3.943340151161155216e+00
5.922531614251313137e+00
-7.281750464622219754e-01
-5.626950771757635472e+00
1.984366403836030690e+00
3.127884269495844194e-01
4.946582082446349560e+00
9.304621697273280034e+00
8.622216249813650091e-01
1.280199382553852239e+00
-3.321795320843937915e+00
1.304491245976151070e+00
-3.315283807309902020e+00
1.522738715072671667e+00
8.833881373636186751e+00
6.149552798295900846e-01
4.381169312851854514e+00
4.598277718730350294e+00
-2.642370956007956462e+00
-7.306304101039567955e-02
