2.969889288604845579e+00
5.342368366508147837e+00
-4.857318618149448347e-02
1.515308611640242109e+00
6.664777041506035893e+00
9.203180997831292842e+00
-2.719012229916028645e+00
4.760680660660656649e+00
7.100967403466084349e+00
4.684494708496391269e+00
6.336467491120385986e+00
5.778546431289694141e+00
-1.382334666139586998e+00
1.162783527190563104e+00
1.652886444185472259e+00
-1.859426009546666148e+00
-1.470727328320914795e+00
8.774534983189271387e+00
-2.094721581690681678e+00
-2.353414889745471417e+00
7.266103537548568303e-01
4.194027024705253015e-01
1.654593861086651740e+00
1.162856637425795370e+00
2.944355749976117043e+00
1.086042947699808892e+01
2.543929163879576905e-01
-3.113019908487634435e+00
3.363387443800564203e+00
4.745410282739776164e+00
5.618825196191112425e+00
3.387166807125469692e+00
3.858405973554134838e-01
3.951492348483863104e+00
4.935879357764368258e+00
-2.343986804514227806e+00
2.600679233904371834e+00
5.335803463301473037e+00
6.609431808293123822e+00
-7.067163188203464674e-01
