1.270858057376774486e+00
-3.056776458449082523e-01
-7.938086177237919649e-01
9.324589254822864604e+00
-1.013292943089116216e+00
-3.942220692288615158e+00
1.483857844356520239e+00
3.463016063555378388e+00
3.890921194248652792e+00
7.437488940492153588e+00
1.760264943741448818e+00
-3.377658314889160796e+00
4.323383315782223235e+00
4.993921113363662734e+00
-2.571674586346449853e+00
2.231569755952317990e+00
8.141209442158979570e+00
3.553075421466785233e+00
-3.719257132110224351e+00
-3.378572935923175868e-01
-7.958843492845869561e-01
1.036400816321656260e+00
5.940171040649777190e+00
9.233659525611273011e+00
-2.929178953138226849e+00
-8.954730297581358078e-01
4.468159298270203195e+00
4.615560092669914738e+00
2.782785492746340683e+00
4.072731334422758032e+00
-2.929926758191516267e+00
8.206033080319889705e-02
-8.956591714298636209e-01
4.028650219633653329e+00
1.062233096018961476e+01
3.575597459897799091e-01
-1.929572014322594509e+00
-1.236213986444707480e+00
3.038285657945563933e+00
2.647612317295598316e+00
