-2.147889518602537962e+00
5.233794101741169325e-01
-6.068648043415846294e-01
6.276137500556560944e+00
4.440200318439663008e+00
-4.544983184385773534e+00
7.585129893233910625e-01
7.814343686147577017e+00
1.537328247777511869e+00
-3.008917551031480286e+00
3.157679397410911193e+00
6.971551346860651144e+00
-3.310804998327086857e+00
3.514292490733981200e+00
6.566746023952269695e+00
4.187926982055508063e+00
-5.343775959353900262e+00
1.625834128177927163e+00
3.974509999825835416e-01
1.172900341784456346e+00
3.855208538912488159e+00
6.625396042642655026e+00
4.865122500577366615e+00
1.284217586323687099e+00
-3.396092361152570072e-01
-8.536123399568252834e-01
3.184661020828529754e-01
4.032514390388801218e+00
8.793459117913938528e+00
-2.039478102418041505e+00
1.872547206367950690e+00
4.283075191074217969e+00
8.544034017941829262e+00
-4.175861282707166167e-01
-1.159471747059494406e+00
5.421992949684116603e+00
2.784051871264302314e+00
-1.211077260187048088e+00
6.184959712562970724e-01
6.980460107901239830e+00
