1.145091858927151485e+00
-2.725131666254323903e+00
1.449173894596779144e+00
5.183101280043765691e+00
3.238093593061034614e+00
-3.421962645542801607e+00
2.258072795250049225e+00
2.891808516210867985e+00
5.261398926891816430e+00
5.530086052965845766e+00
-2.711681164332168326e+00
7.495744670010469068e-01
5.045221491470202047e+00
5.991270449887634797e+00
-3.244145251843338240e+00
3.110673972565178858e+00
8.664124125718276614e-01
-4.362183333643978034e-01
4.339761705037650685e+00
9.165230485476659084e+00
2.197333645125924217e+00
4.816875582817628398e+00
2.075096245689906915e+00
7.767619139254308136e-01
1.808956535241047048e+00
6.104193994660073841e+00
8.795775643330756566e+00
-1.547736385964434636e+00
3.059209034614104095e+00
2.723601164610232939e+00
3.039628019908326095e+00
7.258929472586072684e+00
6.396295187001466154e+00
-3.071825621924598959e+00
3.869376202315355506e+00
1.786331512766500484e+00
-2.187506742908671864e+00
1.078489122640141407e+00
5.681766761457851089e+00
7.062711809257537610e+00
