7.615899875227549742e+00
-1.121850549705093014e+00
-2.428132374580493025e+00
-2.334158127014503842e-02
3.299828102990600254e+00
5.018227954068450458e+00
-1.905414202861401174e+00
3.068540024552403711e+00
6.228211724743823119e+00
4.805999802349744776e+00
-4.328028720016831699e+00
3.011511151397172625e-01
-3.459908142097660455e-02
1.132527938571416648e+00
7.134876906195818158e+00
-1.977512719697765320e+00
-3.884224032638719404e+00
1.221571698299837028e+00
3.583333650857570607e+00
7.692921332120557842e+00
1.801958833768624313e+00
-2.149230448119773484e+00
4.522048362972359570e+00
6.334154759690081349e+00
3.432270772056751351e+00
4.334947825982544245e+00
1.338230791141773013e+00
-1.976242944128305812e+00
2.946576977083261717e+00
7.714543173803347642e+00
4.677861330234406090e+00
1.047354387023326172e+00
2.023425058714536373e+00
7.353276576168169321e+00
8.279102650786555273e+00
3.225070442471321019e+00
2.414433196517040692e+00
-3.383864590147374951e+00
1.658860841439914191e+00
5.040467779670785298e+00
