2.674528074677893663e+00
2.757062174830965606e+00
4.979747708638105230e+00
2.415193595009952343e+00
-2.533261416139675148e+00
2.297190319353175969e+00
5.961632993887540088e+00
3.585664498756785612e+00
-4.475851096502795556e+00
1.644584061107592365e+00
2.028162240954920037e+00
3.768527380373168256e+00
6.287263425300661623e+00
-1.165310286573941534e+00
3.092108959799984014e-01
3.537750995397323628e+00
1.244843768648393478e+01
2.249781552985151478e+00
-1.554165143064696553e+00
2.434417073261689435e+00
7.611217505629358504e-02
3.407840813600498731e+00
1.038423281570369738e+01
2.048255153486827407e+00
-9.611657490188579844e-01
-1.768745191786126325e-01
-2.512117780653285504e+00
-1.544029940797669587e-01
4.058428049646000346e+00
7.441433156711867447e+00
-4.492193788674829769e+00
3.665629663120330672e+00
2.914369817846212740e+00
1.369515331838817795e+00
4.138732971323096699e+00
3.016096404344760895e+00
-2.410178141367796734e+00
3.572568262652494053e-01
7.795490775132853045e+00
1.413780241333778553e-01
