1.463676576991012723e+00
3.337872335107813226e-01
3.615657371435443412e+00
3.704952222638110193e+00
-3.036368633346762991e+00
4.810545906472444844e-01
7.818930140376942006e+00
-1.384814069058816877e+00
8.079207511869330727e-01
3.586246812064350920e+00
9.756683722444137175e+00
1.676104974293355587e+00
-1.179621813782051332e+00
-1.770917184413517864e+00
-3.834458114782851590e-01
1.904080902737800285e-01
3.996210375174108265e+00
4.570685097087766380e+00
-5.578726590569668353e+00
4.827496041499752089e+00
3.497421156180626767e-01
1.912246206757494127e+00
7.812307472946799614e+00
4.718464983501021948e+00
-2.611266967997220245e+00
-3.753039462859820929e+00
2.008225007708754006e+00
-1.139807613326212721e+00
8.410836279260616166e+00
3.994978284440601879e+00
-5.117698472637927765e+00
3.078111827143132917e+00
8.055994923998422763e+00
4.574305810646777659e-01
4.642238092002652639e-02
2.099536402772788968e+00
5.280103059979484037e+00
6.664450905972344685e+00
2.215573598492311946e-01
3.286078703648303900e+00
