-3.403934343002942953e+00
-1.008517051428497124e+00
7.992409839193096444e-01
5.913569491893667873e+00
1.375891577251094011e+00
-3.021055694329493502e+00
2.211300979686600776e+00
5.383868702077684532e+00
5.993916980178803477e+00
1.703605182196717749e+00
-3.372907850531674523e+00
8.480718813751870755e-01
6.056464858403963092e+00
4.024824921836831493e+00
-2.944975123652691096e+00
4.533690936846353381e+00
2.742364731813240919e+00
4.371911147995156677e-01
4.702482928298713283e+00
1.007846351008893038e+01
2.369169654531024793e+00
3.347214055577134140e+00
2.044802200527309211e+00
1.122769749305209119e+00
2.828980113174038191e+00
7.670698065056123838e+00
5.642690018997488899e+00
-2.867343777615413369e+00
4.193920821857229697e+00
5.483360126760525866e+00
4.910664574667001681e+00
7.163779167272132931e+00
1.398212567789848704e+00
-3.158722453967240718e+00
4.735680340197808924e+00
2.904773037108514089e+00
-2.005002565686800242e+00
9.795263798510343012e-01
6.740505122188614529e+00
5.686487133105345926e+00
