8.446587266700158469e-01
2.671504859630063677e+00
1.555255678324642121e-01
4.147626036390597015e+00
8.674193202143490211e+00
1.912037454385562052e+00
1.830638784979609912e-01
-1.528690040812771489e+00
5.073098279771762975e+00
9.610967026809424496e+00
4.778505425775604110e+00
4.819371496306988689e+00
4.171439942103355447e-02
1.343761949230562580e+00
4.335399969799062170e+00
5.825275996486494634e+00
4.100046764546830147e+00
-3.925110011524634568e-01
-3.579771838752499047e+00
1.731443741878727072e-01
7.108578771932689833e-01
1.967466055987927565e+00
6.799398523793247939e+00
4.701374550509407335e+00
-2.480015822853812502e+00
3.220685238034821207e+00
1.063401917731312274e+01
-1.016366031390809388e+00
2.094347555378746506e+00
4.449656841841173716e+00
-8.994995987813639848e-01
5.131487146556067414e-01
1.844006153012894833e+00
7.401693894763185178e+00
2.788302170149942860e+00
-3.304150153322626959e+00
9.054173031165426710e-01
6.195931501139607001e+00
1.151142631770956903e+01
-2.235572807062026435e+00
