-6.577607927845046110e-01
7.781911588299806892e-01
7.515048515492972037e+00
-1.027731735276688596e+00
2.657569275812578624e+00
1.832918695243672014e+00
4.459680401100886371e+00
8.260411431932901394e+00
6.285654025562757985e-01
1.155665287114491457e+00
4.402827669711504299e+00
1.743758613175059979e+00
-3.837066781110129443e-02
4.025090460430618577e+00
4.818211714319323491e+00
5.959183190305851419e+00
9.270440484277560955e+00
-1.862720843690073513e+00
1.548484029725241573e+00
5.516405431843827145e+00
7.649864528094475702e+00
1.927863556954473090e+00
2.255082867612398179e+00
3.923158694204111008e+00
-6.090245030968668427e-01
-8.539570545703343285e-01
7.661505846769673944e-01
7.782221762045049118e+00
-1.942150316070538008e+00
-3.876966258577901225e+00
-3.634984707135413551e-01
7.428132254198186679e+00
4.650216415290924665e+00
-3.123303748473777564e+00
1.682616059127675978e+00
8.462160444415342653e+00
4.990638743712387360e+00
-1.968045233965182383e+00
5.474213139697025277e+00
2.683995985195445133e+00
