9.800714634813134651e+00
6.275340660314174812e+00
-1.106042373825618874e+00
2.543091651896670413e+00
-1.036084725781413196e-01
1.819007203709629428e+00
8.043583726121445565e+00
-2.897651507431156515e-01
-1.273136676549047053e+00
4.458045014559670172e+00
1.147928559319446329e+01
4.528420302273780784e+00
4.124689667900848455e+00
2.790719752755922212e+00
4.298715677111858424e-01
3.330734806656904912e+00
2.085765528955429549e+00
3.835323792862551429e+00
8.126822395706566837e+00
-1.093124894781231093e+00
-1.422630295682470569e+00
2.846111151621692592e+00
8.706908877146823045e+00
-1.729789378258874022e+00
1.488122151590705711e+00
-3.330586230604636322e-01
1.444888637159603029e+00
3.822993231683015303e+00
4.878886302941916497e+00
-2.308723674435016804e+00
-2.265009234281408546e+00
8.000047486879495739e-01
7.709918433337322519e+00
4.725876900221674504e+00
7.516719412983685622e-02
-2.572285589588962917e-02
6.105555468834068300e+00
1.703349914019669065e+00
-1.729687205951259132e-01
2.221870208876629782e+00
