5.351789664501497512e+00
1.062177672858694422e+01
2.503872037617643098e+00
7.479554680045118475e-01
-1.256165876683771110e+00
1.907680450843017628e+00
9.564623197377663644e+00
2.807240358080528075e+00
-8.236180790659403783e+00
1.157843324205707791e+00
3.261747343266037991e+00
5.242316622436884899e+00
2.706157898225145075e+00
2.989447185860645728e+00
2.469525643605240184e+00
7.456195130181382524e-02
1.937084192095669399e+00
4.154232936814682198e+00
6.757271706184604376e+00
1.346018805967550858e+00
-4.408554806386544733e+00
1.286079307929132387e+00
3.219502002562257381e+00
1.032135305867868880e+01
-3.540963080538057639e-01
1.973831464772741517e+00
5.083844897818049269e+00
3.695154200758441920e+00
2.001036474872910365e+00
4.595733588037453465e+00
2.932409894908204251e+00
-4.633619136720690257e+00
1.447491502061459601e+00
-5.080253816575661663e-01
4.639780014068046299e+00
5.428734339309277068e+00
-1.178849163258075983e+00
3.737034637197460096e+00
6.896442251722554317e+00
1.612281284213722965e-01
