7.814635424041717071e-01
2.466883576143394652e-01
2.741651527882194017e-01
9.205317394482582571e+00
-2.150392686997030456e+00
-4.839490935009768680e-01
6.712004307171891559e-01
4.894528917169578719e+00
7.043100850380539235e+00
3.358389364354756879e+00
-3.452467630884333616e+00
-1.717990361661562382e+00
2.758444195227288009e+00
5.454805576412436352e+00
-2.224649517229114526e+00
1.911508381112351440e+00
8.889658356167148057e+00
-2.149986920603950136e+00
-2.736876659212418073e+00
1.019679987503825824e+00
7.307909588302966553e-01
1.863749177529228085e+00
7.259062666767359673e+00
3.377881957740686225e+00
-6.677321044543971240e+00
1.088080333197704919e+00
5.737996752948978596e+00
6.270838583318306014e+00
1.970789842824632876e+00
1.879751715354122554e+00
-2.115307788809191791e+00
2.010713663567326392e+00
1.259699490042347492e+00
4.555592400630188443e+00
8.955175960568357851e+00
-3.926643768217653374e+00
2.500455667934614379e+00
1.197607516524177157e-01
3.264451263054084063e+00
4.023636061694159771e+00
