6.486760771070585463e-01
4.306133501576354661e+00
5.796453238356852999e+00
6.788116517490015989e-01
5.568309780704176148e+00
1.085033318504529731e+01
8.588770591986669700e+00
5.647794501372982445e+00
1.007479665978897598e-01
-1.615078221826581562e+00
2.987430826971748221e+00
5.330080453108998917e+00
4.634236171955191885e+00
3.363624811641603429e+00
2.918872315163665299e+00
3.696287952921238240e+00
2.553960729197698676e+00
4.023347909611837636e+00
6.802896774587778417e+00
-2.525833188053536738e-01
-2.487572106090619073e+00
2.738127233120252857e+00
1.012149043209754851e+01
3.514135913485365581e+00
-1.617517565532965218e+00
-3.893242545998361059e+00
-7.764674481649863624e-01
3.313179120199742034e+00
3.369957245086791620e+00
-1.785987735374366669e-01
4.219231588639252295e-01
7.781146155440074708e+00
4.099170022063003960e-01
-4.300974312240430919e-01
5.796100141375968295e-01
4.139037631606074186e+00
7.782922546657398577e+00
3.753738654586673107e+00
3.423011956491555097e-01
-4.889944542678734130e-01
