3.358700640951374439e+00
5.365170110935833847e+00
-1.567173008853871785e+00
1.765713631396105265e+00
4.139961182978337817e+00
9.279585803487032436e+00
4.428723518923149527e+00
3.807962563042665671e+00
8.403504695472342689e+00
1.916568716468739941e+00
-3.216764748053019041e+00
1.078256890785434408e+00
2.649174536656202505e+00
6.034074494865607541e+00
-2.514643764695085881e-01
-1.850473827649787850e+00
1.730929766955539240e+00
8.469163316796290530e+00
4.435330510888710442e+00
-2.804210419319759673e+00
-1.696754025123499376e+00
9.671619445229365786e-01
1.033147594821763882e+01
-8.903509013741373046e-01
-2.469076227900042664e+00
9.778219548954632245e-02
5.906668005795870258e+00
2.882308020111534752e-02
-4.138315938406266770e-01
2.316260367974545820e-01
9.176038813635344127e+00
-1.708274094423217759e+00
-2.986181776498222362e+00
-1.277938078848504633e+00
3.643926235669049163e+00
7.915850470785302129e+00
3.774827401593898735e+00
2.724078374878312836e+00
-9.445298020369192749e-01
-2.616725194538128463e+00
