7.376208872449257825e+00
5.049810249462805878e+00
1.475240163378976899e+00
-1.494902621382156349e+00
4.262726214435162753e+00
1.130825542038855147e+01
7.062580778677903126e+00
-1.633707294498181750e-01
-3.554051965034226601e+00
-2.738619011539339954e-01
-5.819335275162460519e-01
-7.115808478785607960e-01
1.319325243591154662e+00
7.960235240536594148e+00
3.528950825641371747e+00
2.936299934820836732e+00
4.852679331127575324e+00
4.669890153599742355e+00
1.147981603501903702e+00
-2.848513276821126539e+00
2.897538149274878627e-01
1.463336376328352895e+00
8.704984732017745586e+00
1.562987684131742938e+00
-6.276127900001241322e+00
8.791627783548996433e-01
2.408844156388822544e+00
1.204066390294011635e+00
1.491510934729457505e+00
2.297547010532961842e+00
5.620298378209258594e+00
8.792947039684312571e+00
-2.187779153453326547e-02
3.207513352364828485e+00
4.387470974390253353e+00
2.985294846314964889e+00
3.936849032578170426e+00
1.420782745006048842e+00
-3.722070646811500350e+00
2.516128677743685760e+00
