7.538166726852552735e+00
6.033703599186670985e+00
4.718618836795995364e+00
4.548098655636487742e+00
-1.166323600048428721e+00
1.472898773946399231e+00
7.435657074106765130e+00
3.241271633721159340e+00
-2.541799337523559910e+00
6.428157677191419062e+00
6.366554861093155715e+00
2.908323024700468551e+00
7.237633425863305270e+00
5.341664927734890433e+00
1.488602169082933413e+00
2.920014910980648359e+00
-2.874029654856691818e-01
2.274436838325240018e+00
7.876877293185140516e+00
4.618980328077432418e+00
-1.812901128289853947e+00
4.246227104713695688e+00
7.746234243793312935e+00
1.888454355890356373e+00
-3.946069892848737548e-01
-2.006600294529212736e+00
8.416852992214119977e-01
1.793423511612006749e+00
5.233361995724666649e+00
1.896999924490056832e+00
-4.507797197990729643e+00
3.595756594160040009e+00
4.270617790983220807e+00
4.060035898555118372e+00
4.742322408539873635e+00
-2.056016636274877296e+00
5.350079245250033644e+00
8.427607997999243816e-02
-9.000865400341007128e-01
1.757543584346924703e+00
