3.279201783331636033e+00
2.731707504748254411e+00
6.450477162330244596e+00
1.156430515554445870e+00
-3.115247720424068056e+00
5.921366240888168431e-01
3.903682764993292587e+00
8.104390943654616208e+00
9.440245457009789343e-01
-1.770167998660236552e+00
1.070539551625438790e+00
7.356054324431011260e+00
6.002023002257256046e+00
-1.649245526107892656e+00
6.323823783386874453e+00
9.825002075748324737e-01
-3.399847468797531636e-01
2.994021640765048842e-01
4.950623246527166899e+00
2.495316360014944834e+00
-2.652304602863445382e+00
3.698885447989934239e+00
3.037951198238588724e+00
7.333938629708952384e+00
-1.443276210537938198e+00
-3.601965310435759626e-01
-3.940936681385176499e+00
-2.051502886949552185e+00
4.707540911463200750e+00
3.126948848158791705e+00
3.773213535835306054e+00
7.703937283767830380e+00
1.484367107282612785e+00
-4.310822345544528922e+00
-1.424235474770394916e+00
-9.653586639666554836e-01
3.624830773229574810e+00
7.881519469736748107e+00
1.499994523769931032e+00
5.213952455993171142e+00
