-7.387997245128554713e-01
1.727719430158012326e+00
5.843403164800182736e+00
6.011367066245437485e+00
-2.075085868823679291e+00
-1.568237791988705387e+00
8.552128098971601977e-01
6.122166365262343035e+00
-1.355943944348128483e+00
-1.179242508748135965e+00
-1.105574294778531641e+00
8.097579221396793869e+00
1.641843060245357977e+00
-3.399812832173295440e+00
1.631320851937102079e+00
9.432691617151541807e-01
1.792624761395430699e+00
7.200959758853793247e+00
-2.416788195046493559e+00
-1.673882254330918973e-03
1.221881749250926408e+00
1.132234700730284871e+00
5.078998506158946213e+00
5.219064875290271743e+00
-9.312385937668943292e-01
4.453869462170797711e+00
1.078378553285061692e+01
2.280682595744301988e+00
1.969113914326593218e+00
1.096718520146008125e+00
-1.947136719403645300e+00
1.095474981164788364e+00
7.759243152639702323e+00
-4.071650335566617152e+00
1.194275393255879170e+00
-2.095323433124673507e+00
5.501970447883891779e+00
6.991362799792672611e+00
-2.412478070541684172e+00
3.442324824240957870e+00
