9.763070032356008232e-01
2.111040493459567013e+00
4.952738010783408029e+00
6.496503235658726005e+00
1.611143600203687409e+00
4.428609684030530680e+00
1.061685762144275991e+01
7.070977323177518592e-01
2.658090428007798600e+00
5.466469336292594683e+00
-3.371525924613806513e+00
-2.096861434054748674e+00
-5.160678374341536034e-02
5.196294477885124330e+00
6.990545345189945081e+00
-2.431398127997808967e+00
-2.547184644376232932e+00
3.008693240184043272e-01
7.465591250221567776e+00
-8.882231916038929587e-01
7.861213853474788849e-01
2.130485222945641244e+00
8.188287913859850775e+00
-1.950703958770555024e+00
-3.558231163692620047e+00
4.480421304525832871e-01
1.590493336492214249e+00
1.227612367787486169e+00
3.337303670404189404e+00
8.038891338000768272e+00
-2.866110747820276305e+00
1.076680461454755156e+00
1.192339610382176646e-01
1.611720516304396167e+00
3.533181454329440641e+00
7.994241681465791061e+00
3.896869224618102479e+00
-1.298245078913473405e+00
5.598097148126737643e+00
6.861274977205432890e+00
