8.635123742827643056e+00
3.796877322751201156e+00
-1.858193778646183292e+00
-5.768123839428545008e-01
3.411027167625761525e+00
1.256280271625907119e+01
-9.898114012541883167e-01
-3.913133605542294724e+00
-1.690362730351130605e+00
-1.226314783425949545e-01
2.035349733787960580e-01
9.242088924851728227e-02
1.712771667623508742e+00
8.604264029011513770e+00
4.796626559539716617e+00
2.106158683196480030e+00
5.153482892158108619e+00
3.677681086682707434e+00
-1.182319108199129110e+00
-1.781124144934075781e+00
5.593090406769888334e-01
2.579696796516211421e+00
8.222216553370818914e+00
-3.842288019252302789e+00
-3.772491585282474968e+00
-5.113918314546295196e-01
3.181197070709604002e+00
2.273959924014387735e+00
2.129581083848105294e+00
3.691212793292824479e+00
7.486240751826753304e+00
6.302313873266438549e+00
-1.501624606702499864e+00
3.798128261012517992e+00
6.100774252295457778e+00
3.417862362722921876e+00
2.853392201225223523e+00
-1.027360057600934934e-01
-2.696326052915143379e+00
7.330999197625577279e-01
