-6.088704855014889228e-01
5.377928014315542349e+00
8.052109988333180368e+00
-2.239433653538758229e+00
6.139953426343007337e+00
6.288454296867994842e+00
5.286008846144764739e+00
6.589777793551000684e+00
-4.704009904952882515e+00
-1.364232242375920556e+00
-1.877844071920262703e+00
-1.140232423572135279e+00
8.286013357434990567e+00
3.145476414214515959e+00
-4.511781842867259584e+00
-3.930403461466820958e-01
-5.098264188908262495e-01
2.276605223320272042e+00
3.851042607189451683e+00
4.548946296621846130e+00
5.301511579423697107e+00
-9.747668356629991815e-02
-3.861652227692003336e+00
1.738975506602760124e-01
1.057016336362018416e+00
5.709074287682568638e+00
7.529742206249428804e+00
-5.302402370417748756e+00
1.652996501385754824e+00
5.415791073705373826e+00
7.176515729802789068e+00
2.718714226034490089e+00
8.429512559034663122e-01
-3.001754760766710994e+00
-1.768695563405932036e-01
9.426509373423159754e-01
6.059662409362321256e+00
1.272120789055798618e+00
-4.241156527088175920e+00
2.955335449625375421e+00
