7.006127981979037855e+00
-2.602232135416822967e+00
-1.623056750571365558e+00
-1.089028591903015986e-01
3.437582224531939179e+00
4.929929415370230217e+00
-1.624364451959499966e+00
3.137710869926316093e+00
6.872421111906315438e+00
3.258747468197280561e+00
-4.689616746433620698e+00
1.123166724353155344e+00
3.743451679574507640e-01
1.391317552145420411e+00
7.056235511507016334e+00
-2.743843308902387701e+00
-3.012247013925883898e+00
7.415912547550460587e-01
4.081239228790844997e+00
7.722042563718054531e+00
5.102402127997519576e-01
-1.938078691076464022e+00
4.256973435457356736e+00
7.183712722871833378e+00
3.509275900833770834e+00
3.802593339095965863e+00
8.490727365899282120e-01
-1.693699956691419928e+00
2.695472021523873885e+00
8.303359084451624739e+00
4.232543324898696113e+00
4.194997859560203879e-01
2.291688038619139167e+00
7.918110771899728562e+00
8.353670752820704593e+00
1.825363907327077317e+00
1.642502973741003514e+00
-3.073097547320473133e+00
1.504687177092853601e+00
5.685976902209551653e+00
