-1.448969549433259285e+00
3.523050809171510700e+00
7.111609477996777784e+00
-4.380110770525361907e+00
1.347634769469916227e+00
-5.169804624008527139e-01
1.987934359073666890e+00
6.227103104578397108e+00
5.786967520067606507e+00
6.508867029729189291e+00
7.521956971954255167e+00
3.891844250155752416e+00
4.018566745994816891e+00
3.174251880602112497e+00
1.193436761130898249e+00
3.640065600741423157e+00
2.439249283985858996e-01
8.681494013366229945e-01
4.148253490923234921e+00
9.677833725532083875e+00
-1.878132523471517601e+00
9.682697396318502570e-01
3.640166006842320834e-01
2.350599415582525609e+00
8.608708975001743369e+00
5.321042402844017083e+00
-2.198312313037246835e+00
2.254093224808591422e+00
-5.558923116801716136e-01
-6.333909432239381854e-01
-2.423886354702786683e+00
7.675844633367288949e+00
-3.166899448136654138e-01
-3.514671419211280678e+00
-3.359456663288412082e-01
2.702407690006909391e+00
2.241357121999120405e+00
2.290639931850015909e+00
5.528138542383246090e+00
3.148738430157227430e+00
