4.747357894389917732e+00
-2.624812230248615430e-01
1.698724657349820755e-01
5.231855985322536817e+00
6.512581771251069185e+00
2.086540159838867481e-01
-2.321840145083115203e+00
-2.060517288939157421e+00
-2.552091517517047325e+00
5.212101801469942508e+00
4.131128799557377995e+00
-3.859708001447887504e+00
3.565294235209822027e+00
-1.069233541190407616e-01
-1.229650260270776785e-01
4.873405114390762627e+00
6.977090195459949129e+00
-5.332143356800133738e+00
2.022069423520818532e+00
-7.440596204770820732e-01
-1.493987552980069689e+00
6.947310422298341059e+00
-9.483621568674247548e-01
-4.155003566286199934e+00
3.138503296715235980e+00
2.552925213199780385e-01
-8.423633546000153238e-02
2.741981864178330675e+00
1.023136542667408477e+01
4.092741619727688906e+00
-2.449840063584568295e+00
2.218654789821369100e+00
4.329394866386168772e+00
4.062531657814124841e+00
5.533067975708204855e+00
2.560053358316454641e+00
-5.020261585804524529e+00
1.099171850964421271e+00
2.720052319987531497e+00
7.002916640791268854e+00
