2.346194322473337923e+00
6.498768332676056581e+00
7.015169776926926559e+00
3.752207915215675094e+00
8.157235398248827707e+00
8.577423137812884235e+00
-6.428772007335970429e+00
1.613385345461860076e+00
5.567263133177104972e-01
1.863676805835851047e-02
2.900613694976825307e+00
8.613204234609943555e+00
4.281085982430589354e+00
7.366225710059661758e-01
3.577242074160218888e+00
5.432278589787003398e+00
4.763637575510133004e+00
4.536226994727141637e+00
1.477536775207277886e+00
-3.423454997991148829e+00
5.317829196867923658e-01
1.959435995220580651e+00
1.003818323021679326e+01
-2.304814074540093571e+00
3.041985805769134021e-01
-1.149483392144408977e+00
-1.252099095329940681e+00
2.608640871677744499e+00
4.817815897418056714e+00
-6.390576711732498527e-02
1.652803255128025839e+00
7.943486361150121411e+00
4.000937138887611932e-01
5.773523051823520325e-01
2.050560325306405307e+00
6.583915438789642138e+00
6.358418300816929047e+00
-3.102132326875639556e+00
1.252620162770036849e+00
1.204013790731581990e+00
