-3.528523043933855075e+00
1.860724050393459672e+00
4.592362343794697210e+00
8.545741497143454879e+00
1.530437698467299823e+00
-4.621032046726979203e+00
1.532297037022010811e+00
4.822254508465746881e+00
-3.455055065738252273e-02
1.638240814282521329e+00
9.018196917609656582e-01
4.873947694930128804e+00
-1.142766270664877126e+00
-4.299317308778706881e+00
-1.354044514319432624e+00
7.397572152025302827e+00
8.758174688528683305e+00
5.262106062412898133e+00
3.295902442145416167e+00
-3.499580870749965933e-01
3.242713908976459614e+00
1.401972699587272109e+00
7.296576440384284767e-01
2.314558392744927584e+00
7.009656900378826272e+00
-3.614989138262479917e-01
-2.610015595417290335e+00
1.628482620304114059e+00
1.033957912420818026e+01
4.622755599746239952e+00
1.192198659718830683e-01
2.321382990891126763e+00
6.162606892821372639e+00
3.559868600983036036e+00
-1.582538409936604662e+00
5.313694004513565439e+00
6.387023690541065335e+00
1.403698524793346225e+00
4.321816047401883409e+00
2.936024417862152625e+00
