3.067156740098327394e-01
8.165682288247567699e-01
1.438165495919908832e+00
8.909204218620114801e+00
-1.289622568569563033e+00
1.665560250549055432e+00
1.862600663697651981e+00
5.881447997528514549e+00
6.688575792262706265e+00
-2.237513978575398799e+00
-2.722184437852489314e+00
-1.405398127460659063e+00
2.034480868876003434e+00
5.594740786399401422e+00
-1.496548837579962044e+00
1.910361751405524000e+00
8.569567109016954731e+00
-3.642250889083553211e+00
6.104397515597601576e-01
1.300205135702161785e+00
1.780317680474412079e+00
3.209052707157034501e+00
7.032593277358467176e+00
-2.344793620240073206e+00
-5.413923104439099632e+00
-1.665912078727194379e+00
5.829655692720680626e+00
6.989536009030940633e+00
-2.346641345685014923e-01
1.797794488084211162e+00
-9.238296667349493729e-01
2.504292128514630456e+00
3.384227057085515078e+00
5.960208674926472661e+00
5.719071151748618576e+00
-3.650176813071045689e+00
5.090625813222562357e+00
3.749656102453241324e+00
3.638230557547775579e+00
3.941766112765917818e+00
