4.681471935877191126e-01
4.059715849015070432e+00
5.738537478859108809e+00
1.766336018434878086e-01
5.417363725554835696e+00
9.460198263552531017e+00
8.120108118786291129e+00
8.193447342054364313e+00
2.220003995608617497e+00
-1.789374556150080897e+00
3.047705838224595176e+00
4.596337552499179857e+00
4.448830787063148051e+00
3.530368525883337938e+00
2.849081260770525148e+00
3.652409503778454525e+00
2.251639047460196608e+00
3.623143662106982799e+00
7.034364647581049290e+00
9.893673489541184862e-01
-2.801369608368871500e+00
3.412233933593203261e+00
9.491484290644505606e+00
4.686053822690507964e+00
1.443269249353673622e-03
-4.436350139637792012e+00
-4.805229372505344099e-01
3.311640002622874945e+00
3.160061472573002295e+00
-1.230094148290156314e-01
1.885738271112223086e-01
7.767885490558986028e+00
3.716765304751743493e-01
-6.186657865648892418e-01
3.916420509172475750e-01
3.874174832076551223e+00
7.284838605541690271e+00
4.448435500947486965e+00
1.216046195055791923e+00
-6.854553651933009695e-01
