6.074752772934989054e+00
3.242471363225435166e+00
-2.164504762431956220e+00
-6.423377187568254376e-01
1.222608392792023935e+00
3.212393776763205366e+00
6.024720738406166731e+00
-4.233793931415077982e-01
-3.235141639023879190e+00
4.730612943284150385e-01
8.771560535144525161e+00
2.859126357153173981e+00
-4.452990139676789916e+00
4.277003083040459286e-02
7.466539897670859460e+00
1.100100907504338199e+00
-2.026157748414781246e+00
1.032854649554092896e+00
6.871037371133398075e+00
1.169161247810324572e-01
5.753844782713883887e-01
3.579906635084217914e+00
6.415097543926575163e+00
-4.121424757220339963e+00
9.171578449924080445e-01
4.917233646154676840e+00
1.513604723095514304e+00
7.433090837025705389e-01
3.518941271444300245e+00
8.176128324454827734e+00
-3.583930892736521212e+00
-2.728766411218705445e-01
-6.909028926344477073e-01
2.233256137072406611e-01
1.426526044994708586e+00
2.423258666050835064e+00
6.620722085619613395e+00
9.617972049844576432e+00
-2.058450238097609297e+00
1.899411817234191391e+00
