5.723767720749362020e+00
7.314234761220759218e+00
3.439592512589080275e+00
-2.520357885760092786e-01
6.159027406321219367e+00
1.026683508313879045e+01
-2.363976698290606304e+00
1.129302429339361646e+00
-3.738426353438019323e+00
2.537047748395063973e+00
9.043709991263361170e-01
-3.138780995709321009e-01
7.844046834964214732e+00
-8.885440600224254748e-01
-3.518826047861028705e+00
1.290977915260762332e+00
2.445662924744795408e+00
4.097869296788499760e+00
6.765214003805940735e+00
3.976220641523658728e+00
-1.079448111581968295e+00
-1.882106207576727419e+00
-1.118674733553226774e+00
1.516144250884312872e-01
2.504585492354691745e+00
6.866888497980346173e+00
-1.632849550083124601e+00
-5.158183060255152164e+00
-2.166991820476632302e+00
7.740414380990910281e+00
4.876134829629022782e+00
-3.594219515896351247e+00
2.990178379534154995e+00
-4.088437313792299133e-01
1.051702130050146344e+00
2.814352223127915664e+00
5.778568394291073496e+00
-2.771205857610385515e+00
-1.372191849721635437e+00
2.189181137576764691e+00
