-9.229477745453394277e+00
2.024474084181931310e+00
6.369623933677444061e-01
2.763050723870460690e+00
3.279488004551670333e+00
2.577860434653181709e+00
5.699509087285036024e+00
6.743391105322226409e+00
-1.917146929001909639e+00
4.268493246736372981e+00
8.792320915468378573e+00
1.550375459781023757e+00
-1.685393588278300658e+00
-1.102466551550461249e+00
1.359354603635696268e+00
3.856664682829494595e+00
1.062139071916512556e+01
5.660011806737557105e-01
-1.603458430864453499e+00
3.104902702797325720e+00
7.206375973360775511e+00
7.473409661890354272e+00
1.221226546930269441e+00
-4.553069446719585578e+00
-9.584993361968749959e-01
-4.328561746923253462e-01
-7.752325626984841733e-01
3.132477349998483263e+00
1.106031605655442007e+01
2.419984077168250813e+00
1.074147163544994177e+00
-5.115245942124505563e-01
5.332074245358019438e-01
1.666145180614430288e+00
6.112383927794079241e+00
6.805615745381754067e+00
-2.864430731577387590e+00
2.518808644268294206e+00
1.210589459437000315e+01
1.494354165963001080e+00
