7.911136911762580048e+00
9.395260596591477054e+00
4.307019068720864041e+00
-1.212996409826293753e+00
5.186152288584718661e+00
8.248641478446703701e+00
6.741639393453069395e-01
2.580656415651214619e+00
-5.053905164718115739e-02
6.583173763830930669e-01
1.282597751236528083e+00
8.175991904690256717e+00
7.487397908757797538e+00
2.617611821295385610e+00
3.332912040969343792e+00
-9.768524948633767746e-01
-1.919396337587169210e+00
-1.209040000360437128e+00
-5.940806302483785384e-01
4.999308080586435388e+00
8.420722156485316745e+00
-8.332449636928630499e-01
1.019655672210131980e+00
5.847990509499516598e+00
2.799095976023812771e+00
-2.826719452461076809e+00
6.839817769005038350e+00
3.510912270143560665e+00
-5.871659342941067949e-01
3.773757682956739412e+00
8.946493133799123143e+00
-2.223530653698924109e-01
2.295149126758728175e-01
-4.179635597091911348e-01
3.096863321157702131e+00
7.845708402606393683e+00
5.060131180311348231e+00
8.392189136898035029e-01
-9.736469868907289271e-01
3.677824120626728366e+00
