3.823817316867994087e+00
3.659473505293064033e+00
8.805160091700321434e-01
4.776028375055639152e+00
9.647835225810487358e+00
4.153936833399072270e+00
5.620900140162350844e+00
7.625962046365472702e+00
3.483660044899689279e+00
6.596409518444098730e+00
6.886174013989529108e+00
-9.678272993773515687e-01
4.860202305163798364e+00
3.869936696049628200e+00
-2.276869823151568717e+00
3.792571781806532094e+00
7.179059886856013151e+00
6.897100646669332313e+00
6.808650607488027084e+00
3.464774160897730049e-01
-2.291046010222172136e+00
8.241737283522528879e-01
-2.400818509512075427e-01
4.352097555162777187e-01
5.498972012412663091e+00
9.664537528720220649e+00
5.764314890028457983e-01
4.997751656748183002e+00
9.582520897789894576e+00
2.245189821020205034e+00
1.669303728979988799e+00
-3.317330027182681107e-01
-4.972695095249267894e+00
1.290774499651922702e-01
3.900063001516602679e+00
7.272707970263291521e+00
3.266687074556552606e+00
3.641286308500528257e+00
3.933073446955988928e+00
-1.849799517358490464e+00
