-1.147735230317626254e+00
2.213263300475243334e-01
3.321597305014441837e+00
8.140047658230930239e+00
-5.660473569256204485e+00
8.830668364421115912e-01
-3.284280959270685418e+00
6.645222382209874823e+00
2.959011310701447517e+00
-4.798226374841289221e+00
4.132101393957289481e+00
2.711550870789893430e+00
1.473968274385144550e-01
-5.328735991117753423e-01
9.902478919357454723e-01
7.596100375877732347e+00
5.620097457699683829e+00
2.082282413684249267e+00
2.727288183414019684e+00
-2.846193429395115881e+00
1.977447639124421119e-01
1.772019150219135142e+00
5.325884247535132232e+00
9.862075354503362590e+00
2.046846628957575742e+00
-4.079549172276840108e-01
5.047804328917862904e+00
8.553283032276772779e-01
1.649790184443451491e+00
5.186072313475379225e+00
1.043880140156822378e+01
-4.195865845231759650e+00
4.197163760200666727e-01
4.678097129277169586e+00
4.156716215128444247e+00
3.952711126567445277e+00
2.700145351450272901e+00
3.067733756735337991e+00
4.697948361850349919e+00
-3.643306627894574046e+00
