5.381391554832789526e-01
-6.364126720956152228e-02
-4.066435127998319077e-02
4.011207565702834543e+00
8.715029704620366857e+00
-3.608495199890819460e+00
4.062826347381469638e+00
1.763475960644407703e+00
3.144328651407013897e+00
9.784650356795726367e+00
-9.808873537389340980e-01
-1.229587853575776712e+00
2.052809282419863379e+00
-3.189022740111691623e-01
2.303910226839303022e-01
6.798686787178326085e+00
1.621562549432074452e+00
-1.511995740338803573e+00
3.369222463408321211e+00
8.699888739235301927e+00
1.974246108353301388e+00
7.195426812344011269e-01
-1.400344915118781675e+00
1.087706350914964260e+00
3.449712173418812089e+00
5.762677553316339463e+00
-1.302480782076658183e+00
-2.805693474020737099e+00
2.227415257410917171e+00
4.968069419969336487e+00
6.684083655390714362e+00
5.389237958833722253e+00
-2.143621102824734059e+00
2.876596481834695851e+00
2.095128733510391417e+00
4.469484208955766036e+00
9.253163254158266682e+00
-5.629461187376212372e+00
-2.205139134072338081e+00
-2.421072229498139328e-01
