8.788172102141029285e+00
-1.298973854201946221e+00
2.548824032124802574e+00
7.080176651511990826e+00
5.355188644519591534e+00
3.378955981194787239e-01
6.011404247486492602e-01
5.258720056850255675e-01
1.944070595632663156e+00
2.267842849814095452e+00
2.429189185867333567e+00
4.414386606794477252e+00
5.553248230101707428e+00
3.450764371185258472e+00
5.037424989895505689e+00
4.901254464404608768e+00
-5.027135519592443202e+00
-2.836324049983444784e+00
4.406124852688703825e-02
1.081221644425324646e+00
1.046509982561964947e+01
-8.745778046522239002e-01
-1.546331614322847381e+00
2.476092174523360612e+00
2.509154445250324716e+00
2.221301025604122792e+00
2.876612331292589531e+00
5.600302439111142228e+00
3.905144241370419600e-01
-1.985123939976374263e+00
-7.559727014063480910e-01
1.045213407838647512e+01
6.141028400223916606e+00
-2.783448527561609431e+00
6.010213833462872302e+00
3.145757636954075842e+00
3.120473810818552574e-01
1.098127131885880736e+00
2.475000828157905897e+00
6.599802720278058921e+00
