-5.476094019510673316e-01
2.210203615216204120e+00
7.699638841960795510e+00
3.298671511587649263e+00
4.459033460443049712e+00
5.550677240387456024e+00
-7.234549522272891442e-02
3.761868121399705611e+00
6.000382013836984996e+00
-4.927403022571025026e+00
2.064855376362197514e+00
-6.919603346430235336e-01
7.416122965205670603e+00
1.290027154676733068e-01
-1.496814832828768926e+00
1.521468807442950544e-01
7.892739218902439013e+00
5.223050511080648661e+00
-4.151966856247984339e+00
1.322406061865222249e+00
7.778234353475232510e+00
-6.241791372217424527e-01
-9.639693626255694259e-01
9.846914984119411463e-01
7.078615146552083459e+00
-2.608585630927646726e-01
-2.183958631989255217e+00
7.536038267327166418e-01
9.602952401429156737e+00
5.485631022484906083e+00
-1.429468405422483324e+00
5.728527755474381866e-01
-2.710467053754018529e+00
1.499384410464744966e-01
3.585862046055959595e+00
6.576170558742314043e+00
3.012427456852933449e+00
-2.920237340613094368e+00
-4.870394339287295260e+00
3.106532785910400829e+00
