-2.868844320926164038e+00
3.951674649673193596e-01
8.134613305786428938e-01
6.455976580950852473e+00
2.339865497347410894e+00
-4.083967850291340795e+00
2.792626594086975889e+00
6.584331388710948918e-01
-1.196606811826359529e+00
3.585885225009933119e+00
4.644892491596344541e+00
-6.058630556567675685e-01
5.550742086084892613e+00
4.869198759790754671e+00
1.643749432948405920e+00
5.427670808731583030e+00
1.446485240889539226e+00
-3.097424072444959098e+00
5.306793450684052615e+00
5.347135798937784124e+00
1.271502448006837316e+00
6.980135306330057965e+00
-1.876713575732676054e+00
-1.650456073568172255e-01
2.773140594515350443e+00
3.687700592481778283e+00
2.232623846812268109e+00
5.057414957459225313e+00
7.032747777235138109e+00
-5.197207914317925948e+00
2.253507702374760946e+00
2.623554705029622180e+00
7.563196635705605075e+00
4.877894466004046414e+00
-2.186820645921657480e+00
-6.314390811630798961e-01
-2.308130158558499456e+00
-8.716296367958867863e-01
4.225333418846935807e+00
7.590846273369362684e+00
