4.708154240556701176e+00
7.621913499348566212e+00
4.975499394150132204e+00
2.964398509809616500e-01
1.078781162727990184e+00
5.905812631258896772e+00
1.545406127926397755e+00
-1.137712455188609084e+00
1.446256031367835204e+00
9.679194986200855055e+00
1.278623045705582495e+00
3.368600801038554859e+00
2.174135058841985657e+00
2.442133388727209642e+00
7.198334348922029058e+00
5.415404830432983818e-01
-8.491057846079906879e-01
4.568375750151592918e+00
1.062811309998600251e+01
1.905826158463288289e+00
1.973456730341004217e+00
-1.549780998552604538e+00
-3.470231619377592835e+00
-1.553601389795051579e+00
2.385114509899845192e+00
6.657734588467900672e+00
5.530145845584785391e+00
2.791617054328956460e+00
-2.455490929694261304e+00
-2.856685755064106047e+00
2.564983317784694794e+00
2.392693775830652125e+00
2.359621772829914033e+00
3.887024807962780493e+00
5.842909513927316389e+00
-2.069360404326241465e-01
-1.128115719247010817e+00
1.210110767923577413e+00
9.033687811750223062e+00
4.014344231088696091e+00
