4.482574953572926901e+00
8.094659746717548288e+00
2.568288253899697171e+00
5.385941586606148412e+00
6.180091035306560343e+00
-2.794743277664889725e+00
2.689671568047823591e+00
1.347291451177617949e+00
4.904313569467661615e+00
1.158490334536081434e+01
-1.280148055104214144e+00
5.826172421392097345e-01
8.836950441734388040e-01
2.836599128777835599e+00
7.030499734679141355e+00
4.290177435187263910e+00
-2.582389128201460160e+00
-6.484341192930861975e-02
-1.354440539063925586e+00
4.882229027597274618e-01
2.338529658289250968e+00
4.964735866744979020e+00
6.364723944116968291e+00
-2.260247827303355272e+00
-1.393033225252685803e+00
-1.185849277255341255e-01
1.078915933658516302e+01
3.170776876484093787e+00
2.625068720235927522e+00
4.432623092553378719e+00
-5.109124645596332392e-01
2.064439148179722405e+00
4.895500544100582552e+00
5.788008453327663894e+00
-3.608301065947420394e+00
-1.266681121603348004e-01
-7.218429524014610132e-01
6.555718567990907353e+00
5.114170070717975136e+00
-5.425709196274924651e+00
