9.225166613263105830e+00
4.774462412023346758e+00
5.414827286925240735e+00
8.113213621138763543e+00
9.359698261276949705e-01
2.111492669814690526e+00
1.614891556286325747e+00
-2.909404336909995892e-01
2.488458877854476725e+00
8.648443162216997493e+00
1.982553990431928370e-01
-2.673821097742899777e+00
-2.533786183956119875e-01
3.897486291592541230e-01
1.907544266349287643e+00
6.642544509215958293e+00
2.522941066960289191e+00
2.209009126549975832e+00
7.935331805802836591e-02
7.361717623011870826e-01
6.061362568764995906e+00
9.381997476439220662e+00
-4.132157278561376046e+00
2.324387922247321381e+00
-1.790212439740847872e+00
-1.282936523260793216e+00
7.524715305804249077e+00
2.118089675581963149e+00
2.243900361284145717e+00
2.454446538963224178e+00
6.750990179807464742e+00
-5.097724157078550311e-01
-2.497401855823035977e-01
1.823622769154302992e+00
8.780507417222967348e+00
5.165981227904691941e+00
-2.087437078447178074e+00
3.563794556011253833e-01
-9.366780764958867467e-01
9.006424115120642560e-01
