7.101966473728923646e+00
4.634125151812105159e+00
1.988472796924069197e+00
-1.936201414261106424e-01
-1.313736048504021703e+00
1.790859435139336986e+00
3.908256921849989074e-01
2.605219972494847713e+00
2.009147576092227716e+00
-4.970800349393094564e+00
-2.689685290837187104e+00
2.929503428953503796e+00
1.145290044029183996e+00
-3.246869517108315062e+00
-2.853106399725185760e+00
5.527870867074047290e-02
8.535900495278601952e+00
9.320740501259947575e-01
5.876929791478944232e+00
5.172005003101107334e+00
3.915205719245839155e+00
4.024992650442212216e+00
2.348301052186299920e+00
4.719878925159399330e+00
7.854289154528842687e+00
-2.286456703938580803e-01
-9.758681694171753573e-01
5.545342461646138865e+00
4.264802685647230973e+00
-1.401455074395485223e+00
2.708050586251709468e+00
7.748850717038798130e+00
-2.994341885491402344e+00
-9.102633539692995823e-01
2.829920189095603833e-01
3.068458139637361137e-01
5.571965919403191414e+00
6.071687902125474601e+00
-2.076987241249490523e+00
4.148396739897454388e+00
