1.947961220920508829e+00
3.248487031891918342e+00
8.569800777889788890e+00
4.832269967748975326e+00
3.446872994900967768e+00
4.255646357565452398e+00
6.474720940551050852e-01
4.170217167797321878e+00
4.394304742605481096e+00
-3.973762549142613842e+00
4.206463916141268022e+00
3.983525805022468447e+00
6.792213908986058257e+00
-9.158696717801033671e-01
-4.583605236289704510e-01
1.237258249095223583e-01
7.936505580234825885e+00
1.714453369568144092e+00
-5.317577996392258477e+00
-1.982773754319850923e-01
8.069948978964298192e+00
-5.333200337674073310e-01
3.879678756502601411e-01
1.465156968944026028e+00
7.093653557541053978e+00
-1.229429676273387617e+00
-6.673237041675161851e-01
1.218435871932116270e-02
9.605473112386642143e+00
2.838376542400055769e+00
-3.739183733095890361e+00
2.910377447201450529e+00
-1.104491075391461186e+00
4.780092387693136158e-01
4.224987534379160081e+00
6.901015429525418021e+00
-1.210575799374470130e+00
-2.797164542176445057e+00
-4.162801381931024558e+00
1.862779621293725318e+00
