3.811532530826302612e+00
-1.535428469657150297e+00
-2.296397786639559069e+00
-9.709715339894013919e-01
1.064369830883697254e+01
2.242276965767089791e+00
3.369515830610718243e+00
5.945433172535040001e+00
3.371673533892354246e+00
-1.491217126762664824e+00
2.851317662596580593e+00
3.566430695791499961e+00
6.757743149929182458e+00
2.979104369459576684e+00
-2.557923455859964168e+00
2.922942498615255680e+00
7.893811652146740521e+00
-1.449592251001745602e+00
-2.026699444700447383e+00
1.393975995576687832e-01
4.520199432727282307e+00
5.970500255175692494e+00
2.829646224436906943e-01
3.959470385324759700e+00
5.904733084285942901e+00
-1.546271268233889939e+00
6.406367279914471524e+00
5.116008524538181668e+00
3.031161053833996366e+00
7.937566204757331434e+00
7.176157074685795001e-01
-3.284407015650313344e+00
2.062129557319119844e+00
7.064332569391394978e-01
3.226360492264537694e+00
6.293416264784232439e+00
-2.654130203246876651e-01
3.316983282238925579e+00
5.318745760569601799e+00
-1.714146356302505891e+00
