5.521303574363829014e+00
1.536072178550329292e+00
4.188211050435032057e+00
3.915718262312938069e+00
-3.437803952545938291e+00
2.252437534218430848e+00
2.590333688149461633e+00
5.175160703024337394e+00
2.821116119684966006e-01
-4.303693896651946460e+00
-2.247105382816611541e-01
7.562226059752430452e+00
-1.797645139362541666e+00
1.645793271302223193e+00
-2.398005439596238020e+00
3.014217133084485134e+00
4.748144772834426597e+00
-3.681320933188518829e+00
-5.660237672391800201e-01
8.670102113806402500e+00
-4.460291543887131560e-01
-5.758573865595848496e-01
1.169273268019714429e+00
8.162736275328059676e+00
1.749195182027250883e+00
3.817628812965275564e+00
4.232858861714126064e+00
4.953305439473760785e+00
7.349473628125075209e+00
1.569850925490564375e+00
2.952000002020505498e+00
4.598689710529689556e+00
4.903980668538391541e+00
3.137247965849386144e+00
-3.969136814772649569e+00
2.652745978952461003e-01
3.103034617627603797e+00
1.096966307467116941e+01
6.866732073364261169e+00
3.750600820058392681e+00
