-8.245282200310312115e-01
9.028937427225244283e-01
7.534710554295381613e+00
-2.452172111467318394e-01
2.941454798321453179e+00
2.527462151175820182e+00
4.956120445821505349e+00
7.952105281947037696e+00
-5.152471553088551481e-02
1.346692778071446162e+00
4.582056948535203844e+00
1.777875925052026629e+00
2.020149162636772078e-01
4.166318500437186323e+00
5.770834725969484325e+00
6.777245304775576962e+00
7.608648487418331108e+00
-2.819380600442863649e+00
1.955446786902244938e+00
6.181670006627915548e+00
7.619821443347000844e+00
1.222371716068822556e+00
2.250728302862241570e+00
3.892788983377212464e+00
-6.991349486502075328e-01
-4.964599748913964272e-01
8.196338019178748269e-01
7.745823599306051577e+00
-2.666677196712933906e+00
-2.827103667570324497e+00
-1.149204234972718286e+00
7.247109740037781300e+00
4.140641988377639748e+00
-3.588342373310716482e+00
1.412374505494092825e+00
8.848202595626652567e+00
4.067736772917725396e+00
-2.097125552873859711e+00
5.663407311613991801e+00
3.096119992130933696e+00
