-2.723463740199022709e+00
2.219577055510710384e+00
1.161155718349706945e+01
5.505412110493576039e-01
3.681677616042989265e-01
6.754583192102679767e+00
5.087146617525410974e+00
-1.404691211559481845e+00
5.806964943420633851e+00
3.395868568361803508e+00
-2.915942456711915654e+00
2.451026687401848925e+00
7.669842877361636724e+00
-3.018103324174523094e-02
-3.470931157134728551e+00
-1.277259197184092310e+00
-9.067771041354066863e-01
5.883211989287205235e+00
6.570989203329461681e+00
-1.927356904210700161e+00
2.925337126340362026e+00
5.999511729004609606e+00
-1.545100044583786802e+00
-2.464648881699543992e+00
1.042007745461819734e+00
7.649520230309481583e+00
6.553864979537658009e+00
3.204379932248587082e+00
1.924691150226404357e+00
-1.312233945995802120e+00
-4.828001024089795812e-01
3.055448385869566685e+00
1.016349765430448215e+01
3.969467310456350262e+00
-7.109938033945243374e-01
-6.608298870748287035e-01
-2.173055229159875701e+00
-1.320404308473857258e+00
5.069232902370244709e+00
5.641111494121904713e+00
