-3.494445094215120839e+00
3.681994173485649391e+00
2.905676207950854906e+00
2.803358587921275014e+00
5.021574099354404463e-01
-1.938334176192723968e+00
-1.337380764333992555e+00
3.287320515591510173e+00
7.660420381098807852e+00
2.078888935401455473e+00
4.682737748210319850e+00
3.119801977810449767e+00
-1.633647965488490561e+00
3.985233265761535471e+00
8.470730360839345607e+00
2.860250653165358870e+00
1.394986228329548439e+00
-1.100402717039550948e+00
2.700387342425385029e+00
5.837939642838614773e+00
4.028169131678050796e+00
-5.933224866694867039e+00
2.549955168777136461e+00
-6.045777833591633454e-01
4.399033306193742554e+00
4.330966368282989087e+00
-3.471543387538444048e+00
2.135018889785517793e+00
7.808844918000469981e+00
2.807023420961429760e+00
-5.377149939675804902e+00
1.456666106533241800e+00
3.377914392974031621e+00
8.113576952187665725e+00
1.545277711973349843e+00
4.884026282295819144e+00
4.951503755473114055e+00
5.917346255232430074e+00
1.043587466231664074e+01
-6.423520267860094446e-02
