4.249997639058758381e+00
3.893114937768934247e+00
4.682353470178491683e+00
-2.071650812911145501e+00
-1.292264840451449182e+00
8.758095895045173163e-02
4.841060712111832309e+00
7.044625038404401351e+00
-3.270798768786865818e+00
6.715382508303784359e-01
1.162933810995395723e+00
8.075929633961209220e+00
4.062930400902901695e+00
-1.059687368464686363e+00
7.067894262858661847e+00
2.622841939117074972e+00
-7.525610448191270008e-01
1.078639572056774076e+00
5.534152195338699620e+00
1.305241766465976117e+00
-1.696732915030866984e+00
3.333664395326092045e+00
7.127502184824961340e+00
3.305373744904661404e+00
-2.961297747620047716e+00
3.179607353676379145e+00
-2.330327972153749982e+00
-1.772120826804219895e+00
2.896669561620079048e+00
6.982209807731685203e+00
5.672931440361338673e+00
3.324822848833307809e+00
-3.783038962268647776e+00
-1.585592971077432134e+00
-4.474454243925354846e-01
-4.723581567008300897e-01
3.247820484060868651e+00
9.370389523085053796e+00
3.689813458693166570e+00
3.929969334445348128e+00
