-3.537417648709992868e+00
-1.513011010230887576e+00
2.398483340397486785e+00
7.205186349535866341e+00
3.283578094986529639e+00
4.616191986812078873e+00
7.274052762564028995e+00
1.270732416004371146e+00
3.305445428456744050e+00
5.066916807456803618e+00
-4.182952147883317373e+00
-1.927531947864524309e+00
-6.292472532984734190e-01
2.018007772342076400e+00
7.330262213589107567e+00
6.290525480082282073e+00
2.976946599604559651e+00
3.109173933857454220e+00
-1.712341268236225789e+00
-5.479859237635104074e-01
5.904938755416841989e-01
8.179221476104286737e+00
-1.428992823209463081e+00
-3.701877747481072678e+00
-1.642188667355644727e+00
5.952245228549862155e+00
1.304139440735216482e+01
-1.525946090150230861e+00
1.903812223869593812e+00
1.254409976718218189e+00
-2.273285289300924106e+00
7.966835352025120054e-01
8.306440317388441130e+00
5.183482175032398942e+00
1.820267467786153448e+00
2.521526625600990723e+00
1.660081672593803348e-01
3.770379824357434906e+00
1.015883541847756177e+01
-1.451560549105267439e+00
