-9.400808872710268993e-01
5.888730249605699463e+00
8.334288031973317246e+00
4.736783596645162575e+00
5.028331683332210034e+00
9.896041605345007319e-01
-1.386157981136026729e+00
1.287597306345651615e+00
5.582983401324322692e+00
-1.872112157263842613e+00
-2.406642282705825142e+00
-3.605692903495772317e+00
5.192096259986689333e+00
4.283521464298537751e+00
5.079223473456352389e-01
6.172005195220381379e-01
4.269380065439117189e+00
1.230909152604766188e+00
-3.669278677323774218e+00
-2.515044916524265428e+00
4.532628807216871891e+00
9.031308521499330499e-01
-5.062058417720928460e+00
-3.708792921139792753e+00
7.739238582471108963e+00
1.228522511234090953e+00
-6.174890047112822078e-01
1.534351524675979794e+00
4.956578067089944639e+00
8.745552559504686130e+00
-1.683272405269157779e-01
1.476593660034175581e-02
4.220508288820046694e+00
4.195828737531478225e+00
-1.051720967158599418e+00
3.045709139250278419e+00
3.190638837649998116e+00
5.174685185244744190e+00
1.200733106425530927e+01
7.292045726430739228e-01
