1.072125605844595597e+00
-2.734314598640024574e+00
5.180962784155713763e+00
5.169933786469524506e+00
1.825795182387800253e+00
4.343221724983038712e+00
6.947669060071926417e+00
1.458740514191220861e+00
-2.024373847557875972e-01
4.324236378260222224e+00
4.854782102017115797e+00
-4.151461947853994694e+00
1.854599265971225597e+00
1.777461155911400414e+00
7.028824313817358949e+00
8.953755956599326327e-01
-4.420053971848144414e+00
1.916030079292268207e+00
2.666829600919911947e+00
4.937590382923232823e+00
6.788454863934490824e+00
-4.195387736815705537e+00
2.431741009613995530e+00
2.750588150337234694e+00
5.933051611226096256e+00
8.740061079113974785e+00
-8.162440504839940658e-01
-3.245133979057744367e-01
6.251737463175782494e+00
3.026694601289535047e+00
-2.677740961854214063e+00
2.698934800626534569e-01
1.136595270773944932e+01
3.251333965650939350e-01
-1.070149111865110969e+00
5.581945747620901344e+00
3.478195025723289202e+00
-2.684390820682176493e+00
6.469890009743914927e-01
8.633586365477686542e+00
