4.913098766478698920e+00
2.278056212432926220e+00
2.381499917459789728e+00
9.437774699224291908e+00
7.248638357505748253e+00
2.181232513547429530e+00
4.358726711332866266e+00
1.833553908288036549e+00
3.613486228955942181e+00
2.025021059014020963e+00
-3.811460596671345513e+00
2.421057679917958616e+00
2.037490878659433680e+00
3.453340257329982954e+00
9.551660810399727808e+00
2.758887593156653217e+00
-1.944183664717485938e+00
3.398051231753864698e+00
2.853704519578482146e-01
1.265974181227392359e+00
2.651625286039470453e+00
7.286442451160280775e+00
-2.227518398184412440e+00
2.713793860794991630e+00
-5.120074058109793658e-01
2.186858425881941237e+00
1.240566134335909787e+01
2.417364841900654593e+00
4.921046040798988663e+00
1.525094331755108001e+00
-1.860395875853334768e+00
-2.173767243712313169e-01
8.543026560022788374e+00
4.360936267016262136e+00
-2.427170353170486905e+00
3.530350949392470294e+00
4.565958713333933439e+00
5.730365628136262046e+00
3.616233667409092689e+00
-5.092035398372374289e+00
