1.634291974563714778e+00
6.240548845148124357e+00
4.281336230873064252e+00
-2.474990715414879805e+00
1.540226771291789559e-02
4.790507768859329829e+00
5.852317881147437006e+00
-4.117112303077927749e+00
5.237704582714338031e+00
1.376058491285906626e+00
1.079557008312691746e+00
6.882154789651197646e+00
3.298560306934487762e+00
2.962507162812431094e+00
6.794356419309072415e+00
1.742849738104065072e+00
-5.242442742546523426e+00
4.944658467349890008e-01
4.909847741739175042e+00
5.154020320441305536e+00
4.195441396077204566e+00
5.139263901082066432e+00
-2.147194173226682157e+00
-5.003753791033359377e+00
1.784369096238785479e+00
1.214428659118931275e+00
5.239532194110982921e+00
9.190312267082418884e+00
-5.807864239287857666e-02
1.345547453546581895e+00
-2.896686498575519852e+00
1.959395753265821050e+00
-2.709925665416752061e+00
1.021925331803436476e+00
8.977000712011539818e+00
1.769018328364316828e+00
4.316852817690801203e+00
4.137992430924133380e+00
-2.889144132796584774e+00
4.537742538682669746e-01
