4.804402750183369264e+00
4.614408355745487356e+00
3.742943238599564015e+00
3.706741158611022158e+00
3.255932940874462833e+00
5.860750967658310273e+00
6.531774724486383299e+00
4.928956922235387395e-01
4.268755803887889222e+00
6.647030002318867759e+00
-5.477187012295122059e+00
1.608018035906601195e+00
5.768657656748611195e+00
5.863138912106521383e-01
-2.694447370666266384e+00
-2.644207340692730224e+00
4.531054329717927764e+00
2.060944454977239548e+00
-2.987986459097720537e+00
-6.718672303288526493e-01
9.095792261466614903e+00
8.042940191930904703e+00
-2.969621275021017581e+00
2.134291721755377402e+00
2.284753229318096324e+00
6.262517433652663001e+00
2.215430915257161903e-01
-1.473648431872111697e+00
-5.307032497890486200e-02
8.222341219597241846e+00
-2.841555901157710728e-02
2.640505472677394216e+00
1.076157310001425449e+00
5.602710771408176527e+00
-2.135509576252072883e-01
-1.795259391785346548e+00
-1.720921500200641940e+00
2.761314998855898928e+00
1.073045057144412873e+01
-1.397360975979035302e+00
