8.827669784211991555e+00
1.220296424111882549e+00
-4.281833591151454677e+00
7.723804826814301139e-01
1.023926398870406018e+01
6.454175616529774118e+00
-1.915005053027956761e+00
1.292874828220099470e+00
-2.353779159237641583e+00
-1.397763274366037090e+00
5.541860594271938112e+00
1.854527798436008457e+00
-2.679302326883234109e+00
-9.792378443077990324e-01
3.507107338878055813e+00
7.744838896053810373e+00
7.192744068701940607e-01
4.367047573072286859e+00
2.987247373312721610e+00
-4.534415543271408389e+00
2.256421579176507652e+00
1.949414121405271150e+00
3.169539797532588743e+00
6.869373146914460548e+00
-7.667884213233524537e-01
-2.160437833433809907e+00
1.081445811932523871e+00
6.980224871424102417e+00
-9.942698638935248967e-01
1.856439050276677660e+00
1.603526904639239525e+00
8.432158661534955968e+00
1.009739796149315305e+00
9.230775459654436688e-01
1.710770146411054737e+00
3.889020276639127083e+00
6.486397003791922522e+00
-5.396017168654773100e-01
-1.749240691109274159e+00
1.122365613092009884e+00
