6.942971314594475807e+00
-9.023666777654782978e-01
-1.995025966595382894e+00
-5.787677581668502214e-01
5.998377455766147115e+00
2.489609038337504465e+00
2.139989954714843101e+00
5.177664908092481255e+00
6.243936397998442800e+00
-4.755284869095151024e+00
-1.718196304008863251e-01
2.026527281616439691e+00
8.567639983415295646e+00
9.683609154461533919e+00
1.721158504759472962e-01
-4.544210025176168344e+00
1.048812465972988495e+00
4.935455790130060194e+00
-4.249828303946372454e-01
2.065449223098319464e+00
3.401067439132011039e+00
4.974931811060304909e+00
2.037209739223358351e+00
-1.241711457883947878e+00
4.389949255219582014e+00
6.926318865292620863e+00
4.866657755860999579e+00
2.592690709996258391e+00
-2.061947600383408741e+00
3.942111211016616767e+00
7.282886950232421164e+00
-4.105525128115727895e+00
3.530278071556780528e+00
4.508317315187063024e+00
4.996200669259598826e+00
3.893372281669252200e+00
-8.519381491019963892e-01
-2.217485496157110436e+00
2.826142008252420457e+00
2.078790436080799608e+00
