1.554319904314712675e+00
1.712729500803383598e+00
9.535005570804164776e+00
-2.827341442828950058e+00
-2.940150794893062525e+00
-6.771910033634627180e-01
4.603284753146028585e+00
4.535090527737732913e+00
4.754914122576909818e+00
9.227374697666355985e+00
5.756029682936206981e+00
-2.299109978997387227e+00
3.776550438737056758e+00
5.684925076566194058e+00
-6.842841522662310716e-01
1.589818969216203470e+00
-4.931823845450087340e-01
2.456564127046784840e+00
5.015327128743173546e+00
4.342592494945196613e+00
-3.483031695223271385e+00
2.283698479110275681e+00
1.870236587558505192e+00
5.459072704199848580e+00
8.121106838615718360e+00
4.159077787395967896e+00
1.154278498484891280e+00
-2.515155189967223759e+00
-1.533011760217715125e+00
-5.610861237955648839e-01
2.178185320971487204e+00
1.017339162282620357e+01
-1.031680446073794721e+00
1.291193911885676782e+00
1.072892902860954845e+00
-1.620291432609759219e-02
1.787419170079711961e+00
7.991865563474107148e+00
-2.794124177082424776e+00
-5.229248683974110357e+00
