3.775722110047811331e+00
6.707326259555601133e+00
2.982142397437421988e-02
-2.967798689508937215e+00
-8.087994664526818034e-02
5.328760432662098978e+00
4.115667735789833692e+00
-2.087339383970367113e+00
6.144962377039302481e+00
5.757846156321798858e+00
2.423165556787312269e+00
7.124073171259751369e+00
5.064376879034813150e+00
2.972358028234412863e+00
4.840703549192082455e+00
-3.005488368661554333e+00
-2.665907358240771519e+00
-1.646048147791759231e+00
4.442302077081752287e+00
8.231018631783213024e+00
2.741832433746618225e+00
7.136090630364594345e-01
-3.689200788497218664e+00
-2.551649858262785120e+00
-2.416734507451997679e-02
3.073281335280538151e+00
7.641102458656424012e+00
5.648495975510258837e+00
-2.794483089804304488e+00
3.953677804857776312e+00
5.012759458785849553e-02
3.508472751902348197e+00
-6.063701562716526938e-01
6.671790558876113941e-01
9.305444179659676962e+00
5.476183848072338378e+00
1.572026300666238718e+00
1.975940127235163546e+00
-2.377864301915191714e+00
1.504906019915932314e+00
