-4.076545215088567264e-01
-2.523007707994447735e+00
3.923824383024756113e+00
5.318593060449187782e+00
1.517611347207413974e+00
3.789448850344677933e+00
7.705078518359933959e+00
1.495000591744091833e+00
2.979179741029185813e+00
6.440143762527696047e+00
2.300044866069345106e-02
-5.489549608814569659e+00
3.361401660743402742e-01
1.339921698973287612e+00
5.760501362191325470e+00
4.313831306524488873e+00
3.919103626973296617e+00
5.829505333936831235e+00
2.897473022817404487e-01
-2.277138764173329832e+00
1.349478987880324166e+00
7.894892344032732545e+00
3.468564245826170733e+00
-4.655696652429424987e+00
8.368296145600843117e-01
6.461628698668757664e+00
1.144434078285987333e+01
5.419393449532140750e+00
4.219993020387565963e+00
2.046292754046058704e+00
-3.619851330259297395e+00
2.431129222104853049e+00
6.793602143184741315e+00
3.170295214515152615e+00
3.842925234822909264e+00
3.772423329699642114e+00
-1.186287492307715574e+00
3.647595513151847157e+00
8.704283452752605399e+00
6.830705488586446883e+00
