-1.617691111422901562e+00
1.123051962569132423e+00
7.797127213824434300e+00
2.023241693096745841e+00
3.084467410643468632e+00
4.461244511352220776e+00
6.474669914656847602e+00
5.376213817707937714e+00
-1.885307874869136979e+00
2.118251462538799146e+00
5.396285590894780881e+00
1.800399636725336983e+00
8.595236596115196637e-01
4.835585089895825028e+00
8.746053309171706758e+00
6.344278358179680666e+00
3.172418332701669730e-01
-3.713986272145609391e+00
1.302700610042849316e+00
8.295980243615572292e+00
6.203151022115484636e+00
-1.383083753974539531e+00
2.793215450373080611e+00
4.143039588153469843e+00
-7.911801926356094583e-01
5.164541498607574388e-01
1.529357637538619086e+00
7.426971878686082107e+00
-3.124667251268823609e+00
8.800624300615822460e-01
-1.142086495862188134e+00
6.711023134751008534e+00
2.762697699524781836e+00
-4.528814761153918234e+00
-2.023723651992832551e-01
9.225405949424555274e+00
2.015828913445011139e+00
-2.059025786701835781e+00
5.730072617108729283e+00
4.064887568983933441e+00
