7.247408613528856236e+00
-7.492751756077616898e-01
2.495217930762964276e+00
3.280917523652944645e+00
7.405832567956696977e+00
1.035206375571891080e+01
-3.474999440760596636e-01
1.491896775095458594e+00
1.021788472005031423e+00
5.536841778730192676e-01
3.411939395332202807e+00
8.566882740480476599e+00
-1.291466077271112844e+00
-4.702128923644600889e+00
3.348569790911408439e-02
-7.138741807412600782e-01
6.654687563392576166e+00
1.571445329848060402e+00
1.063093807145258085e-01
2.301613895680075128e+00
5.842568507700076630e+00
1.152107860036579945e+00
-3.325105455973130120e+00
6.592017631275465250e-01
8.681815176026101977e-01
9.676503402916379670e+00
6.951823137294778299e+00
-3.048119964081821287e+00
5.202677885248906620e+00
1.978596717270524330e+00
-1.395517201134276464e+00
1.313350025362885476e-01
4.229770314533914943e-01
3.838545750503430387e+00
8.417767978130637374e+00
-9.361894697105603569e-02
3.604070157158086651e+00
3.934740140788895335e+00
1.833846361630898425e+00
3.502868307870099063e+00
