-2.547927968367382223e-01
6.769934960327637918e-02
4.161399678901587684e+00
4.801469192267619590e+00
-2.783905246277540879e+00
1.501003151892862597e+00
2.283646415990809420e+00
7.429318796124322333e+00
-2.002393975935723880e+00
-2.414175653370821628e+00
8.415268961058590680e-01
1.696717111858001337e+00
6.690842318801778710e+00
1.060363122058495922e+00
-1.128529009981210196e+00
3.590342560144090811e+00
9.884363113959814484e+00
5.757892111448413175e+00
5.078743350059587769e+00
3.544517655993412841e+00
-2.180991562552848873e+00
3.969726246794490709e+00
7.423856954165223954e+00
4.771102968480161799e+00
4.483355824725172134e+00
6.607275258635165738e-01
-4.467900544292953136e+00
8.299162905004916491e-01
2.601478759656211892e+00
1.023906116617812145e+01
-2.125634708401022088e+00
-2.445772871884040356e+00
8.778190344253629096e-01
-4.690348519489358492e-01
3.309912301787041766e+00
4.074848156849472325e+00
-2.222262972985804996e+00
6.835999345378399594e-01
7.700358981775381473e+00
-2.792868953856010084e+00
