4.174055819815548851e+00
2.847611995007699015e+00
3.188651871379802216e+00
8.613128803583693482e+00
-7.922522361206468799e-01
1.381755963277377486e+00
4.198134603581528346e+00
1.059379277854723078e+01
8.395384222848129241e+00
8.721754427770841978e-02
2.385889317341459037e+00
2.150479997106090835e+00
1.138764060797907041e+00
2.431271948199900113e+00
2.808373612222747617e+00
-7.888480683455504350e-01
2.658667276868652563e-01
1.150138674009933304e+00
4.050867681317103397e+00
7.982969786002787060e+00
1.479622270027349806e+00
-2.203515224916799298e+00
2.647951465853366493e+00
1.101231850541377533e+01
3.733950261261004822e-01
-3.845809346758842784e-01
3.402906686708481843e+00
2.122121825275196105e+00
5.417451926010440344e-01
3.101734637063193745e+00
6.565858772762726225e+00
7.775529224548349827e-01
-5.107903763540616815e+00
8.501389039673528103e-01
5.004783222840135437e+00
5.646290271108390435e+00
-1.432203820044805287e+00
3.144620139666479464e+00
7.187584394833577583e+00
-4.873942046421298357e+00
