5.498471609185755504e+00
1.074807818775874502e+01
9.450912574230864172e-01
3.285135338650896908e-01
-9.524407478873161415e-01
1.778673896087892947e+00
9.653111125870712073e+00
-1.883190178714141960e-01
-8.041498953515034742e+00
7.418056994814066218e-01
3.870210132245889501e+00
5.537457593336105433e+00
2.761937901824206953e+00
2.887290193359254520e+00
2.402817822283310978e+00
2.631179301596663356e-01
2.147413834277575706e+00
4.716396178010255902e+00
6.562045807208127357e+00
-3.422634807340051433e-01
-4.082730641771817659e+00
1.066508166709825511e+00
3.941924020828310837e+00
1.004908394160713137e+01
-5.798665232313986451e-01
2.244929549492420406e+00
5.472753920607885014e+00
3.827351742703795967e+00
2.114715643925745514e+00
4.620465626163298367e+00
2.098728669460814711e+00
-4.451636788378879217e+00
2.046993660440134644e+00
3.111714629193038650e-01
4.737880531290059594e+00
5.356942417384497723e+00
-1.037868063545277497e+00
3.818385963815318807e+00
7.130760487435111372e+00
7.955429770691271329e-01
