6.818390408168451877e+00
4.174970289021792347e+00
-3.043870388102960955e+00
1.211727470957483010e+00
4.315785814064829751e+00
6.324309993515822015e+00
-2.716442840311205753e+00
-1.098196060284974740e+00
2.303099546089999894e+00
8.794441885912759105e+00
2.479109739345800367e+00
-2.774017846655859598e-01
-2.923856729772963181e+00
-3.662517137243706533e-03
3.222566850275161432e-01
4.337021949064678417e+00
1.011366731834431398e+01
6.876846011192117913e+00
2.471296279819451269e-01
2.310515212320913836e+00
6.787460806982199557e+00
2.198266725501024421e+00
-2.406809261332652383e+00
4.125563130967893066e+00
6.459577956155887257e+00
1.838358750482747661e+00
5.154491976533776665e+00
5.884078327158437816e+00
2.954302708876298311e+00
5.714183111411610838e+00
4.011802169167159704e+00
-4.008077027486151245e+00
3.028912131439373656e+00
5.215067663950772037e+00
9.385830735856791618e-01
2.491404879490981994e+00
6.436265356380365787e+00
-2.444003938311176682e+00
2.816581607940530141e+00
2.578660692754925599e+00
