-5.436844561636656747e-01
6.915769355202320057e+00
1.966145022891145677e+00
-1.741828828446374766e+00
1.077922422444589801e+00
7.768982053810820965e+00
-1.294494836386369252e-01
3.766372011168723777e-01
3.268160008301119746e+00
6.341138102314197056e+00
-7.037584310515242469e-01
4.847851199044416859e+00
4.395318383527132333e+00
2.705265498798249180e+00
5.092104595901558284e+00
-4.382175382103187244e-01
-4.760027768881275878e-01
3.124582156330544702e+00
1.152264751515319041e+01
2.607358679248628963e+00
-1.260194865512683227e-01
3.954823617332634544e+00
8.951269156001639971e+00
2.235774992639838921e+00
-9.761842532926118254e-01
4.174852478248366694e+00
7.153828337308275387e+00
4.859679980735564619e+00
1.096439043030524640e+00
-2.051287736202653367e+00
1.145169912744131047e+00
9.268803993816128184e+00
4.621560813574749460e+00
-1.347216475891434007e+00
6.140546655282320465e+00
3.565225639524397749e+00
-1.554206690519116307e+00
1.567130518072804790e+00
9.724342971296227489e+00
1.743532616089710885e+00
