8.657066645212747602e+00
4.510750625294775995e-01
-3.397442890820538963e+00
1.853336750521833720e-01
7.200106159537359218e+00
4.822917181650997698e+00
-2.380725835798648049e+00
7.242170425611861084e+00
5.948707617921525248e+00
2.304312288616716220e+00
2.830495158173954362e+00
3.402356835205100349e+00
6.107037864418369821e+00
-2.787513800617563930e+00
1.670000544982400026e+00
2.064623001680541581e+00
5.314963473264769256e+00
7.633075441007367345e+00
5.201531959912382153e-01
-2.703844301836917374e+00
1.717577072771582780e-01
4.529770768052709951e-01
5.817445266234626544e-01
1.557221342808940534e+00
4.444392143333348422e+00
3.556862846111615628e+00
-3.885681000896917592e+00
4.341048834568385750e+00
-1.273445801598738214e-02
4.469798967984202065e+00
5.252715120026108409e+00
-1.586970377870501769e+00
5.596499760238967447e+00
5.972295097303939926e+00
1.726333650453068635e+00
4.116197364101981115e+00
2.176513862489367401e+00
-3.408025440545197515e+00
1.294367955732639075e+00
4.727375374707442290e+00
