3.543820388574761560e-01
-2.147213964474902759e-01
4.627583774938270889e-01
9.491305853774449020e+00
-3.596661015668745964e+00
1.218047770995686285e+00
8.179532649123696375e-01
6.189318969639076684e+00
6.727909506271257278e+00
1.373612991790223337e+00
-3.785953830671696885e+00
-2.445980183948948117e-01
7.488272533058928371e-01
5.427248251969187365e+00
-2.526099718365339530e+00
3.827362954480941770e+00
8.224049985472516866e+00
-3.129892403493591324e+00
-8.679849609753824691e-01
9.524991643341340630e-02
1.205392936415538463e+00
2.344366460823514853e+00
6.314134198274995668e+00
3.535157334246383787e+00
-6.796826590436620741e+00
1.384232534247244351e+00
5.542731756602194970e+00
7.430873498196515214e+00
1.028460972970297371e+00
2.865597887693009937e+00
-2.444988792224430441e+00
6.873078786659019279e-01
2.694883656720700404e+00
6.541738663666693654e+00
7.644098449865794898e+00
-6.110535532899055156e+00
3.223710645973037803e+00
2.148174007179988187e+00
3.308826286115325477e+00
4.690549603070824247e+00
