1.255492631289377714e+00
2.402892912895449484e+00
5.479278369928897163e+00
3.346121706864988887e+00
-1.922599998519511022e+00
-7.598523161588710551e-01
-4.468110971581275237e+00
1.128003343428424454e+00
3.910484353924595702e+00
-4.917620657780108040e+00
-3.133455160204868140e+00
6.189134171676449192e+00
1.323970455554904113e+00
-4.648493381403814517e+00
-2.624950425685409705e+00
1.081665929702742268e+01
1.009113516676434230e+01
-1.008739731462141354e+00
-1.155782548985631486e+00
-1.185043257800955541e+00
4.629642738616492892e+00
2.673965578118691955e+00
2.524698801854792674e+00
2.338308639023730873e+00
4.920819613566032480e+00
7.074958209751670779e+00
-8.646257289082844855e-01
5.831542595613882440e+00
1.539643338860632538e+00
-8.170782436073762423e-01
4.680560360847325185e+00
5.728332586994147491e+00
4.230911563598520608e+00
-7.041163277434847600e-01
-3.709591491642355798e+00
-4.469009431508529362e-01
4.303686889928344250e+00
7.928335361657036451e+00
-4.482049186869058732e-01
1.865641253761404883e+00
