-1.456691612908791011e+00
7.331436413615838532e+00
3.329625680913999908e+00
-2.356025235232955151e+00
2.260742815134468842e+00
6.735924468267017851e+00
7.029342280459585091e-01
4.343751443387179334e-01
3.323457796035074185e+00
6.448100387398130628e+00
-3.207417540512065735e+00
1.648164425475954209e+00
2.286529084841237403e+00
-5.194918279253937232e-01
6.796732963024572527e+00
2.251972715210468490e+00
-1.483193446043027164e+00
4.329015167287274757e+00
1.007116347602600293e+01
6.587256957400343005e+00
3.040611647506283877e+00
1.207927168623249115e+00
6.767022003486922621e+00
6.032521306792896887e+00
-1.547872265809242531e-01
3.709560078571337627e+00
3.732746526294378420e+00
3.658752114708286651e+00
5.479807117635846936e+00
1.170038217995774676e-01
2.861637996656621219e+00
8.182950181789909294e+00
6.380396269126114461e+00
-2.283685865556977834e+00
6.680593908244839341e+00
4.590171250900990429e+00
-5.012105576752846625e-01
9.533856739306421080e-01
8.715384109380689637e+00
5.196909617731842346e+00
