4.854607017311965977e-01
9.372442395626569223e+00
1.456031170531144614e+00
-1.956385190586211076e+00
-1.661220746460861930e-01
6.566626700176167120e+00
3.871843844711309046e-02
-2.574107948674408952e-02
3.700906402946867679e+00
5.670751752730051720e+00
1.506433510425965405e+00
4.998894888613802934e+00
6.519976752139514886e+00
2.464480383782242878e+00
3.125275985981680105e+00
-1.644594883862686707e+00
-1.770198344048645733e-01
4.511402864482285224e+00
9.972312567607749756e+00
-1.413453467511481820e+00
1.243710352875287084e+00
3.738870498516993823e+00
8.765144095352049192e+00
-2.876721931232670837e+00
9.982643197568448201e-01
4.372049298829474573e+00
9.045174716502710766e+00
1.740487048148288807e+00
7.218847576398101928e-02
-1.054174613954223627e+00
3.987646031935398461e-01
9.993133572382980390e+00
7.891407080695247434e-01
-1.503112989888019335e+00
5.149751352031709750e+00
2.584457496201670423e+00
-3.699514579950901272e+00
1.334903057573686436e+00
1.127765962732231841e+01
1.945444323291234845e+00
