-4.737143142233078308e+00
-5.008466112910747725e+00
9.598849024112663386e+00
7.788189204434093682e+00
8.194685749328897151e-01
7.028339467955075470e+00
2.860632205178783583e+00
2.466109052539078306e+00
6.931941658241274062e+00
-1.052497625073800291e+00
-3.069746187501043888e+00
-9.890426737866623297e-01
7.100828571558085223e+00
3.392717137869624366e+00
3.762428069349701865e+00
2.614532276511880138e+00
1.855901886133006329e+00
5.607055162068779630e+00
3.447992722110738040e+00
-5.693433582348790267e-01
5.023977443230761786e+00
4.427043041127642908e+00
-1.548134395945225616e+00
2.061855246529781915e+00
8.159343660911728691e+00
4.140396432464412690e+00
-5.460062432104212604e+00
-1.067223340962053069e+00
2.762893687703628309e+00
5.103256645202728592e+00
3.970564581260124015e+00
4.444333071897693443e+00
4.517657774500406731e+00
-1.843342211808285835e+00
6.870068291229371127e+00
4.810016292977513430e+00
1.539195563294901703e+00
-3.969817109873824412e-01
5.917776405179537846e+00
5.405295502547105002e-01
