4.870046470901464808e+00
-3.236955430630088948e+00
6.423378229781807391e+00
4.420539537222939686e+00
-2.280976433913134704e-01
1.285371926351683181e+00
7.611137439719506403e+00
6.291204916584975493e+00
-2.631784241971068639e+00
4.798511742743868602e+00
4.694405349846578979e+00
1.751911418446450819e+00
3.939678033390065615e+00
9.617691458887311029e+00
-2.573165004892619678e-01
-1.444612256561268016e+00
3.968311600428626296e+00
2.996140824630992405e+00
2.431694927286492280e+00
7.949845529219548013e+00
3.399421432676006827e+00
7.177554975284474725e-01
5.055781410528739528e+00
6.773318110353828914e+00
-3.184811792349222515e-01
3.384147257606478387e+00
4.383987853097687903e+00
1.757436498890475818e+00
-1.181927408032815929e+00
7.083943479077552396e-01
3.713627338625223651e+00
1.015115200312343369e+01
-1.509151848744541446e+00
3.406257923313155800e+00
3.270420470795094126e+00
4.281368017285579697e+00
-2.068226519997014012e+00
-3.204266961662546542e+00
-3.819591156837773838e+00
3.581344933150186538e+00
