4.346352097739232256e+00
7.558586651073906815e+00
2.999658889252454053e+00
5.564753784549897553e+00
5.261060461484179385e+00
4.066287904681329834e+00
3.957852820853759113e+00
3.503975039132515290e-01
6.766702510480545385e+00
1.763180185619980245e+00
-4.638217999390607638e+00
2.529653312633611151e+00
7.770280845567199890e+00
-1.523361240326237542e-02
1.750969264387489677e-01
-1.436648141715823890e+00
2.960891929557938340e+00
1.352892377517132205e+00
-2.216638909754556686e+00
-1.330225575281925199e+00
7.263006667560198082e+00
5.451092494684403711e+00
-3.697821088715514737e+00
1.761109693290845435e+00
8.888840323532742005e+00
4.685401189384599263e+00
-2.110277253856352342e+00
8.579612272434878895e-01
-1.118455240821766949e+00
7.827689739956885440e+00
3.129858329105240866e+00
1.935188229689879247e+00
2.598749008121883808e+00
6.174304317664404351e+00
9.346431039618918746e-02
-2.020958706542785421e+00
6.687709566776492975e-01
-5.025504532730595830e-01
1.291114450745362063e+01
4.543720240444326208e+00
