2.198215812528382163e+00
4.113027056447973173e+00
6.489913648524553658e+00
-1.260655297436942268e+00
2.000516225099703060e+00
5.558691853507374603e+00
-1.180814163880980622e-01
-1.937050979383000415e+00
2.266273275783844188e+00
6.103712281604116718e+00
4.317523619660978085e+00
2.058871883540267511e+00
-3.358332910360244838e+00
2.066278720147677550e+00
5.668769262081383431e-01
6.352606735680907057e+00
4.395416908493657182e+00
-5.047908986000766873e+00
1.188373418231573053e+00
5.433900791973142574e+00
5.395086469729322154e+00
2.209586906978133758e+00
2.553032944804989324e+00
-1.345185095991263458e+00
8.506109893300199953e-01
1.862972758828606024e+00
6.400413805532394029e+00
-3.940502521295009331e+00
-1.694104065947887872e+00
-2.159136945861478640e+00
2.731676874537348976e+00
5.199802605743628625e+00
-3.677338201438598464e+00
3.538104824059865372e+00
9.032373195918416142e-01
4.200066191552755401e-01
8.826617575697493834e+00
3.893053157236495032e+00
9.399298034155780801e-01
1.578485282838747006e+00
