-1.931711728255481875e-01
-2.129062937586085891e+00
1.632384615768013303e+00
3.213508678536333818e+00
-2.533421848678185651e+00
6.664611726963978189e-01
5.561234157589122873e+00
2.795701598321747028e+00
-2.927044271657011976e+00
3.028975238676655746e+00
3.517446422728016664e+00
2.851412598515669750e+00
6.495235791906602607e+00
1.471265166328146190e+00
-3.260158481162324318e+00
-7.707932320653693159e-01
2.722374384158144700e+00
8.348019427567464845e+00
6.080021954940868945e+00
-5.643652224223192349e+00
1.000425325290155154e-01
4.244301803166004916e+00
1.798122542909053045e-01
2.450131459258872546e+00
8.585052137070901423e+00
2.930771814327799873e+00
-3.309909335069844971e+00
3.866209770869645013e+00
1.214910254738620843e+01
5.496480407840260263e+00
8.065097168922904514e-01
2.397143038348069410e+00
1.829229946975442278e+00
1.774313568130689855e+00
-4.344818037542616529e-01
2.395218871928278537e-01
3.009831706995084843e+00
7.897738419431675538e+00
-1.792101156294009678e+00
1.072864633469332363e+00
