-1.279797701739776583e+00
-5.453567976307857057e-01
-3.002290029985733355e+00
5.448396466451606024e+00
3.412058718732753348e+00
4.315599664207736552e-01
4.659497937802636436e+00
7.640464151748105337e+00
7.359506220731194537e-01
2.800200709954364875e+00
1.348119967822363563e+01
1.400191297369862697e+00
4.841658069422347666e+00
9.338915165786543682e+00
4.953599634599448187e-01
-2.627897913969488908e+00
6.754530174779792562e-01
1.590112041966169620e-01
3.656910920707732604e+00
4.167173619093813564e+00
7.292453383185878657e+00
4.615687222828922742e+00
-1.146216741849120258e+00
-4.204654161787923505e-01
5.972462073955350448e+00
1.232588231354852759e+01
1.474205241754316553e+00
3.004791551064989630e+00
4.720471756131633612e+00
9.779666256220028719e-01
3.428367166673452537e+00
9.090169540378266078e+00
2.725108772634404986e+00
-5.372446419578866816e+00
3.492751659919505869e+00
3.564975511324030677e+00
-7.728962882754929486e-01
2.391077520642073573e+00
8.362639666213874889e+00
1.293373173782757846e+00
