7.902837740102469866e+00
-4.523635972064399269e-03
-3.368624676813446461e-01
2.347221278885120554e+00
6.440032087150915352e+00
-1.919729884232091788e+00
-3.230405513481565460e+00
-8.690297453085438217e-02
5.090872869615849616e+00
7.011195412593308696e+00
1.132410987393728696e+00
-2.305517787315700673e-01
4.194315032329269499e+00
6.882383329098914260e+00
2.417119827899921525e+00
-6.560945865317152625e-01
-3.230813009632993449e+00
-2.740288596361464712e+00
6.620954105469873063e+00
6.593675355502656821e+00
-1.928918300271134756e+00
6.546313920921924989e+00
2.136180310409233396e+00
2.415602630689848596e+00
-8.268800206083632975e-01
4.016079502981661165e+00
9.203762368384946768e+00
3.619408336090755629e+00
2.436816494872770633e+00
1.054938901202821189e+00
-1.516660915828720868e-01
3.511709114231325035e+00
8.756673592863087663e+00
1.453892404032826713e+00
2.020331816686463000e+00
1.378696560965537943e+00
-4.100064742769074400e+00
1.295997288559324501e+00
2.319612990627488269e+00
3.194152863045057078e+00
