9.601243179279999040e+00
5.031632432544294709e+00
-3.811772692545607910e+00
3.274791080695278023e+00
1.866242770389593630e+00
-8.292458634826038733e-01
-2.053258225197556186e+00
1.136730731480688927e+00
8.849796587222805044e+00
4.307089774550155070e+00
3.034260341836378494e+00
1.272240075917023816e+00
7.071356291379427006e-01
1.319777617028636163e+00
1.120014784261913299e+01
-1.524029694408958413e+00
3.528751184450963585e+00
6.502926444981189213e+00
2.639237689029454881e+00
-3.903269564362270128e+00
-2.196366072334808572e-01
6.083027121329054321e-02
7.057675439245403304e+00
-2.213383966370361833e+00
-5.094138505699547181e+00
-1.521346072488826140e+00
6.172004004515397213e+00
9.650715792964838613e+00
-2.618837424122812396e-01
-1.528447663880256879e+00
3.816335159035639357e+00
1.567533304730469146e+00
-1.992059658669843802e+00
2.492677004384218353e-01
6.692644676854249131e-01
-9.283095268415175738e-02
4.225913895773593332e+00
2.069984223253217959e+00
-4.606822586261172248e+00
7.521394122869480281e-01
