7.797478610881717564e+00
6.035967998625183739e+00
-1.472226802918650268e+00
-6.380617281042622047e-01
2.350420802097350048e+00
6.071646767124943445e+00
-3.116716215212270935e+00
2.075605160378223069e+00
2.544302942632756359e+00
8.513667696131292928e+00
5.051689247089254931e-01
-4.555041219540812314e+00
-4.916529731690915672e-01
1.673133605662243006e+00
7.578868869891516091e+00
1.663979482297289536e+00
-4.903805139475861274e+00
3.395530113052926957e-01
-1.052374278171296085e-02
8.426162861703520690e+00
4.104667288583518925e+00
-1.346619364248924811e+00
6.077311255473608398e+00
2.669327402811380701e+00
2.190665974258161341e+00
4.559115008479867726e+00
4.958274373282769432e+00
-1.919664712927517947e+00
4.294449311773295364e+00
5.426918066581547961e+00
4.730153252565200361e+00
4.526293854633847147e+00
1.546538624101354120e+00
7.557513645648764822e+00
5.772470541899372698e+00
3.509005893372054707e+00
8.029789764061197488e+00
-2.817331103801782533e+00
8.391449065965742582e-01
1.996167565190425375e+00
