2.858670631108366944e+00
6.626280289133523738e+00
-1.577454413068802186e+00
1.039103156954563900e+00
8.415510884847339668e+00
4.970011402507281240e+00
-3.318358281338818827e+00
3.491234395586925832e+00
1.033981609612822083e+01
5.975454472423854746e+00
3.487058871832334095e+00
2.661018356776852833e+00
-2.032254399968678182e+00
2.402348127122738042e+00
3.143771186850318422e+00
5.652429922691295516e-01
-1.714198505503237824e+00
8.378665287584166066e+00
-6.207146325652059676e-02
7.004361471432574149e-01
2.653222089580307141e-01
5.842995351056883280e-01
4.686927498069936249e+00
2.881041145641558998e+00
4.360532262988813024e+00
6.165342735414863995e+00
-5.143038428498264203e+00
1.628698986437628449e+00
2.758082008115432693e+00
6.196897484050584382e+00
4.335111694637055813e+00
-6.321908905135922296e-01
1.486215447670175216e+00
3.696500926198813541e+00
4.799001532546780524e+00
-1.723672999801365124e+00
2.405959748639320939e+00
7.283198431452809096e+00
3.135081574693219686e+00
-1.029598279171865638e+00
