2.112797576403246946e+00
1.145451647111937588e+00
3.565517942332305346e+00
3.630887907138289350e+00
-2.549336043826025744e+00
-3.673873208298627180e+00
-1.521776064696942043e+00
6.128198482010453141e+00
2.998437385094447905e+00
-5.287417511778146340e-01
1.573120018814964327e+00
7.425634360973664805e+00
1.434611229476893346e+00
3.539714994173968510e+00
7.151989181727013367e+00
-4.910319035364921092e+00
3.938881904204335482e-01
1.058309006556926946e+00
3.118617709467344845e+00
5.932435793256829903e+00
7.388008552854880229e+00
3.482437007454229239e+00
-2.894949921512142588e+00
1.423241840309978468e+00
1.664708907925643633e+00
1.813429290451192610e+00
1.919547646437418376e+00
6.402971461057193281e+00
4.854802046182024711e+00
-2.555475838162614810e+00
3.081286397365353036e+00
8.667526792204572672e+00
-3.785900356991793725e-01
-2.383436646517707924e+00
-2.293988582956223432e+00
5.795369302560444247e+00
4.085357147272977940e+00
-3.176462713499156543e+00
1.191321142392660404e+00
9.211808114055124008e+00
