1.160134326135960681e+00
-1.875394170881161671e+00
6.925703476719465179e+00
3.355882823468976373e+00
4.661055195743232793e-02
6.037405706653213855e+00
8.082778335280447202e-01
-1.503704465300765625e+00
3.841431953784907982e+00
1.101258839260768951e+01
1.194590165632742063e-01
-2.335542507602340390e+00
-1.250716640082190079e+00
-3.022681591736950946e-01
7.041611780463708392e+00
4.037270671512976250e+00
-1.952959988509317402e+00
5.622021095548599412e+00
5.893165659153696723e+00
4.600858934149565371e+00
4.386754798643338837e+00
7.825725167663215132e+00
-2.005054513934980243e+00
-4.199586318636857385e+00
3.752977515878442194e+00
7.123059791121654216e-01
1.906331153032473580e+00
7.320209780127675536e+00
7.052945597200642069e+00
-2.525672522032438749e+00
-2.413797670193646105e+00
-2.916401842612316830e+00
4.251078754925661785e-01
-1.686793777477758161e+00
4.993274415951882261e+00
3.086301310539021792e+00
1.388395700635115082e+00
1.742048044063788215e+00
9.978120874699030196e+00
-4.294933968420394876e+00
