-1.720716836021509710e-01
-4.486586358777060468e+00
-1.717615054171602207e+00
1.086124394173946328e+01
1.837890344198823689e+00
-6.888257945966129725e-01
4.997708586279698828e+00
3.704166335338919591e+00
8.411318602126248711e-01
2.798326604314766097e+00
9.755802827816605571e+00
-1.025206510648315028e+00
3.121911242610462267e+00
6.779865127037261630e+00
6.271215468019479822e+00
4.338366408302899657e+00
-1.855896701146638961e+00
8.998353655756020641e-01
-2.802213331646127292e-01
4.285588018001435628e+00
2.567499266431354066e+00
5.620192208551689106e+00
5.216814122886414218e+00
1.282430214380532618e+00
4.263969958362021195e+00
1.090541353639283528e+01
1.700658576144473910e+00
2.203653951937701638e+00
2.400971345395679801e+00
1.722625519574314812e-01
2.461031948802476776e+00
6.849470768099597429e+00
1.092307042980289822e+01
1.027026036073859006e+00
2.512673273749619796e+00
2.584239845751568510e+00
-2.914659615133633697e+00
4.562962575725990177e+00
1.807479535530000625e+00
4.271963884149993618e+00
