-2.716926316544512332e+00
2.275778735658326113e+00
1.143779810514893391e+01
7.953969479354413563e-01
-9.360654814250226607e-01
6.466044016445132492e+00
5.170775449291392434e+00
-4.558676374667777864e+00
5.367430078231040014e+00
2.828879835469771287e+00
-4.140390752034136312e+00
3.711274870146994864e+00
7.148668075159633872e+00
1.250427540339681620e+00
-3.804119379933847078e+00
-1.472549195170212322e+00
-1.062152432716777728e+00
7.650019736675497839e+00
6.003988569251858642e+00
-1.705741703396060016e+00
1.811242689903304726e+00
4.704126668731854366e+00
-2.290862817513990013e+00
-1.784781356305949584e+00
1.097494658437683235e+00
6.456984210735445373e+00
4.102112859013903545e+00
5.194067024876708238e+00
2.019830243708615303e+00
-1.052982100850504033e+00
-1.678002398827760810e+00
4.022669186178198686e+00
1.061717891600753028e+01
3.589636285578464481e+00
1.080656741060176618e+00
3.296321720882771089e-01
-3.636769835851801247e+00
4.272384768185466530e-01
3.646296168576129482e+00
5.321401187137772659e+00
