-1.053472430852249175e-01
6.852619230703904663e-04
2.837342098567478210e+00
9.248312063159513485e+00
-8.171488519158512931e-01
1.838789572515246551e+00
1.582686983812656489e+00
6.196875475959648050e+00
5.491562810661490879e+00
-3.426237244184067610e+00
-2.975464605028411924e+00
-2.019788579736705447e+00
-2.237728339503086694e-02
5.050685706943949249e+00
-2.144404239015808011e-01
1.870360434790844906e+00
7.052785726309068970e+00
-3.865026749213334778e+00
2.424294242226960439e+00
1.750008482855658576e+00
2.940092238530960689e+00
2.158330021605780580e+00
5.583891191327206016e+00
-3.980022253419317479e+00
-5.062473199170901772e+00
-3.349661877840015123e+00
5.417605922067370905e+00
7.851191159113076523e+00
-1.297057084795405046e+00
3.649495309757663009e+00
-1.688516649228059885e+00
3.364740859802664907e+00
2.039314186392264361e+00
6.853296902654392397e+00
3.720092353940197327e+00
-9.301224554878300133e-01
3.858925932690838945e+00
5.981189803339425737e+00
1.753362402616846616e+00
3.626201445442935878e+00
