2.743385555944537924e+00
1.877239789203505982e+00
2.415547684773864834e+00
6.070269036386845229e+00
4.188255141965845141e+00
1.460133254496303934e+00
5.505971001339608151e+00
1.016839538150037114e+01
1.175762521303637564e+00
8.153900590506272250e-01
-2.927877555646481778e+00
1.789329671237573693e+00
5.388772851395497554e+00
2.934964984016460221e+00
1.825248009869590682e+00
9.283906691128827049e+00
-9.654942819086579364e-01
3.530839144819912789e-01
2.978361579974297957e+00
9.320073515145734788e+00
1.593181927149058819e-01
3.378170141648568769e+00
-1.487302097289944225e+00
2.668012434455847792e+00
4.323708754254119491e+00
2.031297765885255568e+00
-3.148801827285494959e+00
1.411813321503733842e+00
3.254254972144126068e+00
8.323093397507895119e+00
1.098367302307983406e+00
-3.171846719257234604e+00
7.974439728087892032e-01
5.167829862300157728e+00
8.227576893244833656e+00
8.355367339689750983e-01
-5.337165044660358681e+00
-5.134690225965353072e+00
-1.085856484543999523e+00
5.032330619854880283e+00
