-3.575104728348990513e+00
1.414031351601159781e+00
1.340019605428483196e+00
6.771975165550437659e+00
1.979509885730504681e+00
-5.105286919571074833e+00
-1.886115251828072159e-01
9.030155288546733772e+00
2.893495907713952708e-01
-2.797806867651911222e+00
2.319076301694910747e+00
6.585130175160600174e+00
-2.086020676820047548e+00
3.886782099056742545e+00
7.229140584319976526e+00
-1.121409032510813641e-01
-7.053044096621357895e+00
2.601115981169089153e+00
1.699007210369363641e+00
3.211761365018968029e+00
5.149497504104521006e+00
7.837924239529360904e+00
3.418046077856517151e+00
-1.451570074180246195e+00
2.626531204123273566e-01
3.128845010873526622e-01
2.019865957616818086e+00
5.360970692973967999e+00
7.744366272505771143e+00
-2.538935410364052014e+00
3.303283914557563872e+00
7.313635527177932971e+00
6.325819420779558833e+00
-1.528660151458552052e+00
-7.415471385247487390e-01
7.410349706668654335e+00
4.031156075509786163e+00
-2.023823749254676230e+00
-2.630356436589311731e-01
7.921654488516174375e+00
