-6.353970592848812160e-02
6.073969223410363938e+00
2.451290591522771400e+00
2.172500392692886084e+00
1.724286795371174241e+00
8.532994093067397756e+00
2.237114999646255820e-01
2.411749668807736668e+00
4.977230989621913793e+00
7.807513281115130432e+00
-2.739364822368469454e+00
1.365836901053126828e+00
5.355203278549584667e+00
5.654978351836570383e+00
-6.911314979470808417e-01
1.668641531386943155e+00
1.835503557729795676e-01
6.256362625924289489e+00
6.092617131424920451e+00
7.504216194766148984e-01
7.537139994113412733e+00
3.936969829937785992e+00
-9.342228137266194166e-01
1.529966588941283456e+00
3.229951398612973534e+00
6.746113945369518916e+00
-1.472122823973362804e+00
-3.671923389535702853e-03
3.492707586800906761e+00
1.282994783614218814e+00
3.658822759549666959e+00
8.017452204789529802e+00
1.916741194128311898e+00
-4.014002793772924349e+00
1.047883476419357862e+00
1.815201249965621599e+00
3.261500415196144864e+00
8.213154500851858941e+00
4.887059883229710522e+00
-7.492266211368846740e+00
