4.790284306671913406e+00
7.464734197026205997e+00
2.939930689439763878e+00
-5.174237681117306309e-01
5.911981864643489182e+00
9.113304867561577538e+00
-2.304854649667213984e+00
2.518689085631833358e+00
-4.355320353920341780e+00
2.036547547508005263e+00
2.000264630157324142e+00
-6.831936996889060865e-01
5.724853852999576276e+00
-1.019009261641751429e+00
-4.189085960852994006e+00
9.152930463101704994e-02
2.831946663081577498e+00
4.076414768344998052e+00
6.548951686350390489e+00
2.500648066222739718e+00
-1.101456353055699999e+00
-1.279413547397780793e+00
-1.887648062931707393e+00
-2.930552062516240674e-01
3.334198837843675545e+00
6.732849121672077608e+00
-1.403240424153323174e+00
-5.660282380018016646e+00
-2.429412091421147224e+00
8.229329094408406320e+00
3.950445740498281566e+00
-4.138623233285099623e+00
4.742231143372110935e+00
-6.982099318644463537e-01
2.071607090034932597e-01
1.133864473112671467e+00
5.530231010304916595e+00
-2.356163552948007833e+00
-2.367875799309954843e+00
2.208817698238008997e+00
