1.253216094618441190e+00
3.675756822177850935e+00
7.119531985139213148e+00
2.052117969105685447e+00
5.985281825374880071e+00
1.361628017575518612e+01
6.464381543225507620e+00
-6.012806809587929457e-01
-1.666385596092056831e+00
-1.714931562239116358e+00
2.894337561477147158e+00
7.073717607333865232e+00
5.045459231760546892e+00
8.518348761784317880e-01
3.058465557907064536e+00
2.365250917312640144e+00
2.465391686541385852e+00
4.303780380773312153e+00
5.367082635065345997e+00
-3.432774001187667068e+00
-2.770639226746782313e+00
1.527964169050547216e+00
9.161312298320721581e+00
5.230853044308498845e-01
-2.723861994575669687e+00
-3.533815314098736504e+00
-1.266613459350107718e-02
4.110020817786859126e+00
4.970751578927345093e+00
-9.223655798966168273e-02
2.707176666492804085e+00
7.212486990449241908e+00
-1.297516837853673666e+00
2.929980648099185236e-01
-5.132262349811685942e-01
2.712312878117161929e+00
7.091817347167363117e+00
7.812214969029767087e-01
-4.933282328370394709e-01
-8.451107930988841499e-01
