-3.064052720235364458e+00
5.308339917243325434e-01
1.013602433985532691e+01
5.764150868758453061e-01
6.197900661368940689e+00
2.450387378592435272e+00
2.522307332776172917e+00
3.581547394578507681e+00
4.506357880138668115e+00
7.117369624111928861e-01
5.125822465692963625e+00
2.200181276844219269e+00
2.965054094421271991e+00
5.641928101339553692e+00
5.864120136399877392e-01
1.987871286763422063e+00
2.603159039742522829e+00
-1.702341626680970998e+00
1.997390311291264098e+00
-1.316481573994079390e+00
3.557284341696775432e+00
1.775716945598349028e+00
-8.312671819828625352e-01
-1.863618116011332759e+00
-1.784664028288162285e+00
4.258045534911949481e+00
6.006079785099176505e+00
3.871085880374385724e+00
4.157949465115970966e+00
-3.652210016030172923e+00
-1.867521423591539831e+00
-1.428933605256610173e+00
8.232153407550958590e+00
1.901323210172257250e+00
7.377467002078075264e-02
3.586211517241365332e+00
8.068294907966329532e+00
-5.177770742209140131e+00
-1.757434483839356076e+00
-1.056829039553921712e+00
