6.607059498611411286e+00
9.272259493927668572e+00
7.379486287338766992e+00
6.495954559762052938e+00
3.374325603210069247e+00
-1.750405146245209931e+00
2.184369381225706785e+00
9.439823446840936327e+00
2.769042939988004992e+00
-2.089497998744551222e+00
3.477994710391162592e+00
1.661943447787379569e+00
7.307668871292760215e+00
2.083420354486208659e+00
-7.652519324761510866e-01
2.296981668657341213e+00
1.234024627684902953e+01
-3.425125870947164586e+00
2.886237341409162660e+00
-1.995592770128795657e-01
1.562981939769152673e+00
3.899221398378283965e+00
3.379596771525426036e+00
6.154729697496949647e+00
9.225983101910596673e+00
3.189898480600987352e+00
-1.146126179965051062e+00
6.218525273607387049e+00
8.931776921966420701e+00
-1.696407361036657457e+00
4.697938066776147004e+00
1.229278506788443082e+00
-1.565833000594202051e+00
-5.988281447311405437e-01
1.381508575200745881e+00
9.322579870944961655e+00
9.293568586638523144e-01
1.060183174447701715e+00
3.934569107798181253e+00
4.793026599317692593e+00
