2.741161305550622984e+00
-3.989974252048021364e-01
4.333985330308296469e+00
9.181483282275936020e+00
5.016918969142467155e+00
2.691281018242925427e+00
4.200349841180971211e+00
-1.658902282720865706e+00
4.372625479712126673e-01
5.376728108320019572e+00
-7.943886076699997467e-01
-3.190410480297853013e+00
1.135831217396323867e+00
7.963045350449819537e+00
-1.633624849062864648e+00
-5.574301919666307725e+00
1.953106261465297200e-01
9.100991885571593221e-01
8.116277249134698835e+00
4.255342558506388428e+00
-1.212742781585552265e+00
-1.395189788728501412e-02
-3.536462100597843605e-01
9.185922411361111983e+00
3.765848735690939364e+00
-6.580987430031806973e+00
3.272625425776019004e-01
-1.704060147432826966e+00
6.062683310763608446e+00
1.738838993294475888e+00
-2.802821033246641225e+00
-3.032855744545644328e+00
7.915286153369824440e+00
3.999956217893593013e+00
-1.339412943052969984e-01
5.400400239552548776e+00
2.514598355194883172e+00
-2.798408389276139996e+00
-1.713290179075112274e+00
1.035471758780764873e+01
