4.454037634481824881e+00
2.185420718002468732e-01
1.884577508774218035e+00
6.516265493460251079e+00
8.091915459801851895e+00
1.527174109560370363e+00
-1.028405979766951361e+00
2.210820003478277229e+00
6.496933583509919785e+00
-4.276711136426752269e+00
3.177827169692456710e+00
5.402130881070697832e+00
7.771900572587894018e+00
4.353589675091083855e+00
1.333995344365469737e+00
7.692810997822064678e+00
8.251072371736574596e+00
1.168896540645315341e+00
-4.916674403571168916e+00
2.588737968764928787e+00
2.534936526609094187e+00
5.747035360983735686e+00
4.086633451120723848e+00
1.562837712736598217e+00
4.778680142019132049e+00
2.061640376443333977e+00
-3.189965166585198464e+00
1.943070011743418313e+00
-9.665627890780401632e-01
5.267696069417418414e+00
1.916874727872670547e+00
-2.706761961584986498e+00
1.042859941324342232e+00
6.760555447091958214e+00
-4.026741925189054605e+00
-1.407580660645021187e+00
-4.496387972683616674e+00
6.418490614142866590e+00
2.213629552760024932e+00
-4.553525553128710435e+00
