5.362758294148689764e+00
5.182611742159711987e+00
-4.583951428464761335e+00
5.200166243287854151e+00
3.346948467561837059e+00
5.261171138517628521e+00
9.214981723781132672e+00
-5.577204475464121458e+00
2.339605572009026968e+00
-1.745324605959966302e+00
2.238347071642039943e+00
9.200037847946644476e+00
3.960780400499380072e+00
1.534020010235912501e+00
-2.026479028911003510e-01
1.297509630840099515e+00
3.115908534114788520e+00
6.149734932693641021e+00
1.181211049469768071e+00
-3.055889104015012236e+00
5.520738058646040836e-01
-5.834961300953577235e-01
5.371907696845785729e+00
8.163502587517724507e+00
-1.507010654320504184e+00
2.822132202884676477e+00
7.859216753045311421e+00
3.094067318504569730e+00
5.915005321122790427e-01
3.391982248335736916e+00
4.777835456953249960e-01
-3.112893668799747715e+00
2.611856590381276266e+00
4.109180920430579143e+00
7.532810627044344010e+00
2.334568096872379872e+00
-2.758352279966165277e+00
2.385894945657928368e+00
8.986452899499743907e+00
2.939919046677614389e+00
