6.174901849421060795e+00
-5.996538501109572650e+00
1.664483290193799370e+00
7.615821406543192396e+00
5.677828776206405692e+00
5.085514178338608193e-01
-1.024868097746522100e+00
-2.101039619636877021e+00
-1.593310614658822288e+00
7.202845265162438615e+00
4.237718957697586220e+00
-4.064616568384155748e+00
3.627793305528919099e+00
1.056651968830711574e+01
8.172545435792075708e+00
3.425033504116698158e+00
2.936203983151752350e+00
-1.412174928867342971e-01
-1.519207251867678465e+00
-8.234866543086263313e-01
-8.307532121273597525e-01
6.719100795564928674e+00
6.503439258719840410e+00
1.465445117825400767e-01
5.677155549488576369e+00
5.100179855864753975e+00
3.224974313363116352e+00
1.287784641284750675e+00
-1.104497411478113866e+00
-1.245251878620211583e+00
1.118935391503496080e-01
4.335981064798013485e+00
5.873251838742940656e+00
-3.667130652593260542e+00
2.224970820169578811e+00
2.775884494974756866e-01
6.066019696779821224e+00
4.422300894585517561e+00
-5.287441238623863393e-01
5.102778511692989127e+00
