-2.778275888536320348e+00
4.964158920882071335e-01
1.087261246493131139e+01
4.390662089986297367e+00
4.214673897908915556e+00
2.306578983039706543e+00
1.771493577302994060e+00
3.441321886482911374e+00
5.865125663864739991e+00
1.172304454077382596e+00
2.660488167933378278e+00
2.212222913344632946e+00
4.731651356234360506e+00
5.085777891085582425e+00
-4.378508624693442375e-01
2.923974507086232855e+00
3.844626516502987812e+00
-7.975230549052523266e-01
1.636260433991480578e+00
2.530997025198935102e+00
2.504814928192989676e+00
-5.293475322412658501e-01
-2.647405929712897787e+00
-1.239259196343008629e+00
-1.030320985429895586e+00
4.737319356999181608e+00
5.613525375962137076e+00
5.310280227260493646e+00
2.935358495013180580e+00
-1.524305532178352074e+00
1.969241525514025870e+00
-1.029848797643141634e+00
5.993694462504588039e+00
4.667294987268170381e+00
-9.642935300781529939e-01
4.688404557138991180e+00
7.537348146603135568e+00
-4.977006490089163293e+00
1.540485213022569466e+00
6.676786259093530074e-01
