4.061592834727636436e+00
8.251567936080792975e+00
-1.595778599180737167e-01
2.229081455560578906e+00
6.867388310422760433e+00
9.668031289316020960e+00
3.250055293052696470e+00
4.173005147599678111e+00
6.649740268755407691e+00
-3.938480027129032113e-01
-3.417582109956540215e+00
1.164348099503204725e+00
4.210342803399450773e+00
5.903898383417181428e+00
-9.998240857456917041e-01
-9.838863770177123103e-01
2.426457438533899946e-01
8.135229045984823770e+00
2.279770304885287757e+00
-5.360369270132303576e+00
-6.476958093630662550e-01
2.619464197665876681e-01
1.015999698951079999e+01
-2.461732896153996375e+00
-2.459997973382787695e+00
-2.560520068544777095e-01
6.601169265463241231e+00
1.254336662023313842e+00
-6.573685155568632643e-01
3.562143594900024635e-02
7.853919818717179702e+00
-1.976120777171930687e+00
1.248461380576960655e-01
-9.237463751919783306e-01
5.122582327210749575e+00
8.788667244109404919e+00
3.250412089650652536e+00
-7.612177192972731099e-01
3.088595294520546375e-02
-2.934711296806788994e+00
