1.613115107830943140e+00
1.552709718240211423e+00
3.496570596924439833e+00
7.706901435749180962e+00
5.086517470061988178e+00
3.172450827965398457e-01
7.198491057818074967e-01
-6.157903763652293749e-01
-1.379805422875593601e+00
3.762329623347410834e+00
7.117702442276626407e+00
4.062239356270502810e-02
5.581283977018909326e+00
5.611302149185367405e+00
2.875872373424682493e+00
5.104323075662934528e+00
-4.299350548725486831e+00
-3.128478195944024431e+00
-2.729912812634364361e+00
7.855042665755779474e+00
8.554187363773946284e-01
-7.997175140366099555e+00
2.263133965251915569e-01
1.279458772049208770e+00
2.789516380243405869e-01
1.609863389086141128e+00
3.187769000060100666e+00
7.168199111212572916e+00
7.240916295396839786e+00
-2.211658227862260517e+00
4.257523205631603247e+00
4.923308197177628465e+00
3.097138437475978279e+00
4.158198813036184660e+00
1.641460717913841627e+00
-3.273323266686959165e+00
2.280782185860733779e+00
-2.016593538383434137e+00
7.694379023762269121e+00
1.072118099719935280e+01
