4.874290686424931351e+00
9.344505620043648264e-01
-3.762700622503815318e+00
-4.570192173516118839e-01
4.187980317229206051e+00
-3.862787162242590222e-01
2.067004473524257868e+00
4.472883778996168402e+00
1.039050736534644770e+01
-1.155389949420950302e+00
-4.019239788590362572e+00
1.951369767010032952e+00
4.694544140007716138e+00
5.903570852886984355e+00
1.082618569028505995e+01
2.731049771885859290e+00
3.293121819677234274e+00
3.189638482507060946e+00
-3.041747173078549693e+00
-1.145760852231146654e+00
5.657447463279404731e-01
3.251790928789385138e+00
3.679066137598672181e+00
-1.774258845075746827e-01
4.961983146867680716e+00
2.929362068955907450e+00
4.786525653702064176e+00
7.421913178741226247e+00
-4.343701327115669031e+00
3.638497591022767708e+00
7.915688923663964260e+00
-6.548273436006976311e+00
3.899881977691826984e-01
-1.576360163670802450e-01
3.932549217118494145e+00
5.302307392986110202e+00
1.954953078096387742e+00
-3.462650562679804533e+00
2.313197717857407021e+00
-1.920140054112382533e+00
