1.630019646336013928e-01
-5.902668187201254746e+00
1.769366018838678833e+00
5.600668166533969483e+00
5.650854368232237412e+00
5.574288322097522563e-01
-4.573016707330991304e-01
5.847138008139527443e+00
3.919747656925487433e+00
-3.720774450487279505e+00
4.615299142723309878e+00
9.022524384475222092e+00
-1.854765719574905880e+00
-1.561894810270932243e+00
1.571115146195422474e+00
8.481108995452624200e+00
3.777511125751685794e-01
-3.037691355924677428e+00
5.850866120485199717e-01
2.424505154497174075e-01
3.339699823146731195e+00
3.449083634215475147e+00
4.910650875045435626e+00
5.412236596574405034e+00
3.059912929888904287e+00
-2.339176506412315781e+00
-2.844667431302814631e+00
2.508843495592275374e+00
9.582506235621531587e+00
2.176073385756892353e+00
-1.723775505735424929e+00
1.156903899643383582e+00
9.284321396572144280e+00
3.263894745424202437e+00
-8.237720304535540716e-01
3.891847736756215426e+00
1.292328951937293136e+00
-2.022659902026465728e-01
-1.087802425075313106e+00
7.527836564695859600e+00
