5.357085656676569663e+00
3.641738744092081426e+00
-2.361124359173619069e+00
-1.665864504954478464e+00
-6.848190956628339432e-01
3.451845852997780462e+00
5.785474736039852850e+00
2.767223282113187466e+00
-3.944889172660925869e+00
2.447477930494321274e+00
7.645648921664458086e+00
3.503204456927687449e+00
-4.168130297011184204e+00
5.973119679041749563e-01
5.131119893528133247e+00
2.993147825705292142e+00
-2.751092719435757061e+00
7.579396525263177864e-01
6.977477479262899962e+00
-9.365385025356507409e-01
1.852126999170056187e-01
4.215040357680190475e+00
7.955787978338704214e+00
-4.132232148610331279e+00
-1.080690549455217253e+00
4.577540390307902385e+00
1.740027940254313954e+00
1.259307187404143935e+00
2.880774991116840766e+00
8.476209232748736611e+00
-4.099890386226477723e+00
-3.389524033792768343e+00
-5.935131273432734389e-01
6.059817738022954536e-01
5.606187421682297112e-01
1.878889219908349784e+00
5.383301303910046798e+00
1.060229698606018545e+01
-1.545725701409808028e+00
2.453823321510905320e+00
