-1.448026762798969580e+00
-1.119002386339596589e+00
3.192922587327587269e+00
6.810892793083050734e+00
3.401617859498508700e+00
3.370436486607109039e+00
8.369297715789445036e+00
-1.027757680333754253e+00
4.004751608547319819e+00
4.143677058259883417e+00
-4.872663747024546410e+00
-2.909275161168787260e-01
-6.898270589778919826e-01
2.115194334118619679e+00
7.407942929768144502e+00
6.695969004481902687e+00
2.535649560408847147e+00
2.280999026019129516e+00
-1.413945577011861410e+00
1.537107775568500756e+00
-9.619337822279059314e-01
7.823684574785992218e+00
-1.196536269627858085e+00
-2.396631626193317821e+00
-2.919987116342794398e+00
5.026230492678501527e+00
1.434650468336491258e+01
-3.131657412325547174e+00
2.236637426498020886e+00
1.788778021598502299e+00
8.142876610152818273e-01
1.645890417107220838e+00
8.140092841316906913e+00
4.583960720201329941e+00
1.248610496534773073e+00
2.956716501837544087e+00
2.480687104610989291e+00
4.183860849486253031e+00
9.681666607124709500e+00
-3.468099346180963494e+00
