3.544772925219076276e-01
5.109946324868734457e+00
4.596594865663144347e+00
5.315231968789916550e+00
5.307368832512938894e+00
4.555137794564289244e+00
-3.009233108995439387e+00
8.901463196231385044e-01
6.610820356940067200e+00
-5.411384272287681485e-01
-7.541696302746231595e+00
-2.303504044417676866e+00
6.763585655354760640e+00
1.000734710987346121e+00
9.697276221811717001e-01
-7.717128935470012330e-01
3.483462077274759761e+00
2.353648851831887434e+00
-1.892632498698082921e+00
-2.897151697834594142e+00
5.072050577347663847e+00
4.287913253688316217e+00
-3.939974894703538677e+00
8.770505108237651726e-01
8.433689191620707959e+00
-2.352002467768582461e-01
-1.665903176282585996e-01
4.125711051049160361e+00
3.480002642728009743e+00
9.389066865859707178e+00
3.062012442362754605e+00
1.057698412151223621e+00
3.998499588646401204e+00
6.585891083021842007e+00
-1.466001310018932857e+00
9.282428883941300501e-01
1.796315416025331624e+00
3.234470133488812849e+00
1.148676297014833736e+01
6.101454949551646578e+00
