8.835318622236425057e+00
-1.111610133618562646e+00
5.093217551811276778e+00
2.915558966046327249e+00
-8.808035092557456314e-02
2.981941917693712529e+00
6.505185524305199252e+00
-2.145580821639181845e+00
-2.605660710943974223e+00
3.820365847687112737e-02
-1.254869642162266263e+00
5.580008604175496600e+00
8.388724163600951300e-01
-3.324353218104860286e+00
5.626991471641560771e+00
3.142493938233836825e+00
3.403718307664419740e+00
4.773143082331388953e+00
-3.561477533565040599e+00
-2.544079964494287971e+00
2.275125405378895849e+00
5.429218285958031132e+00
1.698088947147004424e+00
3.802200221426777382e+00
6.759010023225368258e+00
1.023854741392504986e+00
-2.956759679414537878e+00
1.710732656977975719e-01
9.739948455484164214e-01
7.063339397320952395e-01
4.061092543034042990e+00
9.833560927097991566e+00
-1.483707704188321541e+00
-9.069740823653293926e-01
4.730783361633672968e+00
2.870443746707970423e+00
-3.357305403430805413e+00
8.764357330346274066e-01
-1.267972089320752449e-01
6.790813303117323230e+00
