2.498965423865704860e+00
-6.082507813048275480e+00
3.453700834551765020e-02
9.606073004079350497e+00
7.744168206236501817e+00
-3.566668547370983156e+00
-4.474041833901734933e+00
4.999972686405838029e-01
8.557512065337450125e+00
2.609379795048596407e-01
-2.366089969978088625e+00
6.988229428921876263e+00
8.213706445208481810e+00
1.995619323169411929e-01
4.594592318699552536e+00
5.615521072186319351e+00
-1.695175774762669008e+00
1.463910046535213727e+00
-1.510747578052576978e+00
1.415694406060291843e+00
5.643175652367975914e+00
6.914679772411002290e+00
-7.799825387436766233e-01
-2.227192464627785640e+00
8.825986684661469850e-01
7.181090019761153798e+00
9.821071684660908074e-01
5.278052862862402606e+00
5.193178348736887884e+00
5.273871208424805168e+00
-6.639971809314154427e+00
-1.902017353384526821e+00
-8.762645154956563154e-01
3.918420972229146315e+00
7.171172238828764200e+00
6.812165659493554792e-02
1.287250984634240147e+00
-1.021064743515827544e+00
-3.591935227125795382e-01
4.391145711497519422e+00
