-2.773399959752996802e-01
-3.246006417587087522e+00
-8.896605125743048958e-01
1.980998841530128285e-01
6.553518422811586142e+00
1.649008426930012927e+00
-5.815655663109543738e+00
2.274076032218753651e-01
4.520173033964947074e+00
9.336770546696390838e+00
-4.474786410955798210e+00
1.987313929096520271e+00
4.622510525091497735e-01
-3.771324614860465108e-01
2.041811033759305616e+00
6.506082587186879707e+00
4.628318815418970722e+00
-8.519466300297871442e+00
1.866449559119944368e+00
3.613280066859918982e+00
7.863956282386374674e+00
-2.637035510244793102e+00
7.406372013319613146e-01
5.060712807721065687e+00
1.062349410246273429e+01
5.675529578662660946e+00
4.343936859045296472e+00
4.180276706558237798e+00
4.175795487487802937e+00
8.609421686539378005e-01
1.047944104969735779e+00
-1.280198184009306406e+00
8.636124775999285408e-01
9.657429941558087094e+00
5.484267929459177182e+00
3.204717823808346910e+00
5.116098712174962593e+00
1.502319578900681352e+00
4.191053879053965758e+00
8.949449052784673952e+00
