8.380411383140044634e+00
3.670729729349497816e+00
5.824074985620736555e+00
3.488186508880356307e+00
-1.206930056712189225e+00
8.545228717152539843e-01
9.278712578520993404e+00
-3.121042895667451411e+00
1.075138638312086448e+00
3.904979960427751529e+00
9.285947283144086128e+00
1.250867982837707171e+00
3.403341617913475670e+00
4.539488733165958356e-01
-2.925081993184259321e+00
8.906353174056533817e-01
8.500050641526549100e+00
4.591961976638851084e+00
-4.402923925295359808e+00
3.405600383859698432e+00
2.889950172910119575e-01
4.432428128868802775e-01
4.808703775593939689e+00
8.916409374091987416e+00
2.530384215063514297e+00
7.359301023950546750e+00
2.496566009510929884e+00
-2.986468124792663215e+00
9.337073552000827448e-01
7.355122394333841740e+00
7.117897505666849867e+00
6.338402082252153624e-01
8.566191451247350264e-01
4.163555969335593687e+00
5.106078390189009220e+00
-5.388522616742776883e+00
2.559100716132814313e+00
1.660616112140206768e+00
1.609813384368548039e+00
3.917668422403578710e+00
