-1.551766667328148053e+00
5.045857507314231327e+00
4.801411087950325118e+00
3.049167106391393878e-01
3.775250226580064705e+00
6.321596088540321290e+00
-5.810579320002515757e-01
2.209087159996242278e+00
3.387194964725807722e+00
1.062136904488107980e+01
2.012026725952066997e+00
-1.910990717247855297e+00
4.954226207196917642e+00
5.487979796949192135e+00
-4.678560290981730874e-01
-1.783188365450488533e+00
3.692113321339874910e-01
4.459397678328199888e+00
6.411094736387537907e+00
-1.979430551497583624e+00
7.713108170674946251e+00
2.530723812603672407e+00
5.740757562720983920e-01
-1.181539178849239757e+00
4.393438964703302307e-01
7.903160305727988444e+00
-2.781587995952400139e+00
-3.259699747886377175e+00
1.358659282828639459e+00
2.002957288428640625e-01
3.471528893702993557e+00
6.935892015656211385e+00
5.467913203169597836e+00
-1.837898710379299860e+00
-1.022701551752965149e-01
-2.698567591584563718e+00
-2.630894763118440949e-01
6.196592113816929981e+00
1.121524159749547245e+01
6.022515237318374348e-01
