5.314518598327144794e+00
-4.638202788827912926e+00
1.665097721669206443e+00
9.082144062400130391e-01
6.134644970303749112e+00
7.632996692379149906e+00
2.869864487010560072e+00
5.307488527477523199e+00
1.115315973702173169e+00
-4.135143728318374734e+00
-4.811066731799038543e-01
7.418449249384661215e+00
9.143019716655816254e+00
-3.712581540937077929e+00
-5.586815788780518766e+00
-2.240922521710843329e-01
9.568234709132323879e-01
3.834855177310310559e+00
3.494148264826062888e+00
2.924972145545788216e+00
5.144692405471023910e+00
3.227956157626410860e+00
-8.175373594226226226e-01
9.521145869455063804e-02
5.205603841233616969e+00
9.940159858487410460e+00
-1.289254398575214955e+00
-9.243883995665571618e-01
6.915699603189435773e-01
3.441056574654906886e+00
6.209200307067420432e+00
-1.619600763996958737e+00
4.314119246337512870e+00
8.902010184679784999e+00
4.160126985581719339e+00
-1.907723567394077335e+00
-6.552840590665062193e-01
1.377746513076818946e+00
2.284631224050207354e+00
5.553378297739748781e+00
