-7.436267706166882485e-01
1.130581502012998341e+00
8.388862589473951914e+00
9.763403939238870510e-01
2.982867061203440251e+00
3.119124128649994887e+00
6.130866784866408459e+00
5.007976198192885420e+00
-2.238424783756175263e+00
2.340263845767768025e+00
4.910974285575601783e+00
1.591838402250406181e+00
2.858804665443927528e-01
4.516790327357695034e+00
7.506649240156055392e+00
6.769390880695906887e+00
1.812996957775605766e+00
-5.207817543570604002e+00
5.535892389844225825e-01
8.128559126263338541e+00
6.781511653072932688e+00
6.852207933948695207e-01
3.546082115719203287e+00
4.551258253756455652e+00
-6.127729141076169173e-01
8.306390101347770338e-01
1.063436385010057883e+00
7.469301914342622695e+00
-3.666071157760180554e+00
3.502074696901433803e-01
-2.045462404939951462e+00
5.374946320912881603e+00
1.983983122145000833e+00
-4.020189535265773273e+00
-3.734670200221335001e-02
9.407620215735173375e+00
2.868608209458618052e+00
-1.497939605343584279e+00
5.002679291312209564e+00
4.380971551410935305e+00
