2.676096289373802950e+00
5.188477199391179795e+00
1.018219366913554857e+01
1.288494640751810305e+00
4.832427265032450237e+00
4.741416540605763785e+00
2.436887008264410071e+00
5.291302844268964023e+00
-1.777421890150888029e+00
2.958013735691905621e-01
-1.882328974565205426e+00
7.814841092841643189e+00
4.043786485937104658e+00
5.109600301639982689e+00
5.383886234417156302e+00
1.517734580793934418e+00
-4.227276135965772674e+00
-6.464660058362827755e-01
-3.167701127768062785e-01
5.171760062487883225e+00
7.065250410854154950e+00
2.141620874189952062e+00
-9.770126369018339307e-02
3.594459942393565477e+00
3.971425925834254578e+00
-4.994918476418139797e+00
6.718013452799523222e+00
9.751145866674457707e-01
-8.682300251490451259e-01
2.466360277910260912e+00
8.411027855532383413e+00
3.991398450066409698e+00
5.200120928341245286e-01
-2.827886326133831396e+00
2.806011482575760052e+00
4.576583150391948962e+00
6.013143440729766809e+00
3.808172865345127001e+00
-3.112269791327999968e+00
2.557380659138725143e+00
