-2.067013744843150924e+00
-1.742888311036796534e+00
-3.085405693330215193e+00
3.912007825211679002e+00
1.119819905122294301e+01
-6.804869364930485887e-01
-1.566623853408959821e+00
-5.966061323233717850e-02
2.316273145456060334e+00
1.122161878997344076e+01
4.297803763073465788e+00
-9.842923122192241969e-01
-4.295262295030520261e-01
-2.237165437879702345e+00
-1.373789474339166539e+00
6.725686221052199265e+00
7.309119320229766625e-01
-1.428499272487685712e+00
5.795525040426694474e+00
4.436579179860501654e+00
4.479026333952822014e+00
3.233767404421090230e+00
-7.775872367787441952e-01
8.096870361176782271e-01
1.273331612231607401e-01
3.817410089181897170e+00
3.019187641708671599e+00
-5.494655481363212246e+00
9.339417560791458683e-01
1.244443988155848224e+00
4.734526811221252629e+00
7.852857450784796356e+00
9.268034627253618485e-02
2.124098286383796719e+00
-9.801717830484832916e-01
2.770976675694563962e+00
9.094070385687716751e+00
8.144490871325704262e+00
-1.510126890636766417e+00
-2.672814963242731157e+00
