1.507066861768778132e+00
-2.168815311163287962e+00
-1.981978132840979401e-02
1.035947853709700439e+01
4.777050462947537213e+00
-6.794958234669588037e-01
-1.451240084083244453e+00
-1.413591835809389075e-01
-7.417908261570779205e-01
6.933592900246423163e+00
8.676656765528671045e+00
-7.356892523997210498e-02
1.209171419751246424e+00
4.173400493956379798e+00
-3.613442626819050929e+00
1.281041025896904717e+00
2.445125092996772054e+00
5.304903949679179220e+00
5.420333308665867378e+00
2.488731032102654339e+00
-3.681239009988805932e+00
9.852213704944925432e-01
8.385988737588510045e-01
7.989887266087924544e+00
9.602421617564283807e+00
2.729305486370426248e+00
4.595844878115841858e+00
-5.482003879979469030e-01
2.421718822125766835e+00
3.561458763834722152e+00
1.519093781896160067e+00
-4.687648972880841036e+00
1.953070302035219807e+00
2.923412061165038267e+00
3.237123150795815807e+00
4.240429653003790378e+00
7.934331079441485635e+00
1.791621101203361155e+00
3.743119243702504040e-01
-2.300943773109840329e+00
