9.775857668291996205e+00
1.249148122230493207e+00
2.709165281664637437e+00
-1.586563528158925873e+00
-6.441909111577033276e-01
3.721450643981771833e-01
3.538035950490647785e+00
7.431695966497660066e+00
-3.141109227021112171e-01
2.373854937207248383e+00
5.089661859238177932e+00
4.364784846757730818e+00
-1.042654413516689971e+00
2.218470230444903102e+00
2.826933831468147140e+00
7.105447118581610155e+00
6.569146624119245104e+00
-1.381777269046310153e+00
1.131985033096585935e+00
1.496904455866993944e+00
9.036283383541752201e+00
4.084252891523107110e+00
2.200517797414990040e-01
5.989455795034955843e-01
1.479549977707910635e+00
6.717484039751473013e+00
9.870517115544672038e+00
-1.840329342970088211e+00
4.383228221491515697e+00
5.614933603334183232e+00
4.614686048847804756e-02
4.272129849263350820e+00
9.999024669075685878e+00
6.421614588451783234e+00
3.582196230436566431e+00
4.193129535068054636e+00
3.345562598402432641e+00
-5.995167878947817997e-01
1.119425099996337325e-01
6.886422245678026854e+00
