-3.482623156619125138e-01
8.271762994749790820e+00
1.079998082021400796e+00
-2.295316973442006692e+00
1.251435211704722938e+00
8.958746273802228544e+00
1.184948603762800534e+00
1.438657340966567499e+00
3.479632232754756416e+00
6.501837906027934544e+00
-2.069636962848084016e-01
5.207766701275901688e+00
3.915214560749751715e+00
3.730394804573717860e+00
5.267953914542815141e+00
5.138607441270389709e-01
-1.539853839155563398e+00
2.860312650801022372e+00
1.202237376454481321e+01
-4.533606187624672490e-01
-8.878431788044116590e-02
3.236621756205959599e+00
8.883125940185230718e+00
2.988776274517689568e+00
-5.276403230018844592e-02
5.419091240426832101e+00
5.058914216379028161e+00
2.905522460245865801e+00
-1.400348705792433979e+00
-3.306282165543448226e+00
-1.717376204214223101e+00
9.929408935831252947e+00
4.598727573810641900e+00
-1.987497553718280630e+00
6.682994934713473612e+00
3.655247265229514486e+00
-1.819735518283130293e+00
1.872136469918004087e+00
8.312332164613572161e+00
-5.752250486657661810e-02
