-6.128905565212223294e+00
1.693825900234738446e+00
6.836543207278246825e+00
2.428515890568088587e+00
3.530609779886776933e-01
-1.665822165985421655e-01
5.474721919732859376e+00
9.511578183234828288e+00
8.998609028630084605e-01
-5.352241989587961157e+00
-1.826372002901807345e+00
3.533527927976293892e+00
3.692814207185145747e+00
6.522797282094066063e-01
4.767774570353573438e+00
-2.548491861318117557e+00
-9.434705749156733212e-01
-2.425169222573800631e+00
7.553512149834307188e+00
7.820996568047532627e+00
4.944347519198649010e+00
4.207845669811673517e+00
-1.649985311380092190e+00
-3.882584904318093222e-01
5.547000302335637123e+00
1.043846942782228382e+01
3.842280863780829669e+00
5.794620471619176705e+00
4.265125756390179212e+00
3.014971421160642429e+00
4.181856858977718971e+00
3.947891499795492809e+00
7.857995268145810952e-01
3.664700887913142857e+00
1.659513048312614147e+00
-1.079843425768717946e+00
3.316802816657552722e+00
5.312306046375743662e+00
3.051786841546341833e+00
-2.023938644511131812e+00
