-7.323866901448290445e-01
-9.443353360768503846e-01
3.735678430826853358e+00
5.291575157032835541e+00
-4.727251707512446721e+00
7.952121156943821045e-01
5.788506177298434530e+00
-4.545351762943328211e-01
-1.759146353553446840e+00
3.306033422533410704e+00
9.355349658827378789e+00
5.310896074413324897e+00
3.999829599683632608e+00
-2.216099524836664170e+00
-1.560412474414520911e+00
1.310835336220640190e+00
4.262460135483477686e+00
9.715188031774635746e+00
-5.590524585692246973e+00
-2.142753206314838454e+00
-2.383155408883452786e+00
8.862171495065447324e-01
6.236018933855127955e+00
6.130224763212659411e+00
4.007897175495571673e+00
-4.598863459342029891e+00
-2.366437882053539887e+00
-3.707757184110958004e+00
1.001398524144819291e+01
4.455576999691858830e+00
-2.968757626231606661e+00
5.897347334852980794e+00
5.341959148667683621e+00
2.751524863781016794e+00
-1.318633863566674114e+00
3.684152971296517087e-02
2.593418006020607791e+00
8.464155492297656735e+00
4.630742607428982582e-01
2.292705562192285829e+00
