8.431300638998781238e+00
-1.948984342143202930e-01
4.892605428936537493e+00
5.946018908011844850e+00
-3.402782151516967613e+00
-8.159525611378498633e-01
1.476897599961465080e+00
6.881255329305154156e+00
4.954715768736500436e+00
-5.484963856276415584e+00
1.844168307870963863e+00
4.798783769515164721e+00
-1.750742686238726531e-01
-2.172088177592173430e+00
-2.317321049079652973e+00
4.654282911293315728e+00
3.991406926072544437e+00
-1.203577051304849155e+00
-6.112648063556116451e-01
7.057285454617238329e+00
-8.009116048125992648e-01
-2.400236334628107926e+00
1.256113975132944649e+00
9.703798096287290065e+00
-1.656879957072442178e+00
4.205566919616783750e+00
-3.143299044679757070e-01
8.301744779900919191e-01
8.340533974136166151e+00
2.059538885003201258e+00
3.588928466064903233e+00
2.301904702883621034e+00
3.951048034151884991e+00
8.035732864700065647e+00
-2.507338368033147802e+00
-1.547697732582191232e+00
3.011303778501595030e+00
8.790820122469694908e+00
4.335206133597033329e+00
4.642100851626921099e+00
