2.423321624118091488e+00
9.772655863174852797e+00
4.856079710025451135e+00
3.246469924609416413e+00
4.613645304263495062e-01
-2.901281206639735100e+00
2.833180932050197942e+00
4.386492654434531957e+00
6.294051150361497093e+00
1.763313619688018807e+00
4.418015157704184404e+00
1.066717140612657921e+01
-1.992119248225196371e+00
-1.988281051442626124e+00
-9.927589481146698036e-02
7.864755029369066008e+00
-3.412357785852742076e-01
-4.318709689047816269e+00
8.892882338763609118e-01
2.766644173693317388e+00
6.341462818026720960e+00
7.950999920144928623e+00
7.639153010493200391e-01
-3.136352637165296664e-01
6.358328524803910753e+00
2.302117923862520232e+00
-1.572439507290869898e+00
2.839738587202411679e+00
5.966119981096389857e+00
3.175512692719706820e+00
-3.717839383936833109e+00
3.353404342206387501e+00
-1.776300356100577682e+00
7.319122176559225146e+00
3.696349605376561431e+00
-7.422383294806851328e-01
3.445559440739984769e-01
5.338742577826403490e+00
2.482248813448850289e+00
-2.750119849677548522e+00
