9.979600925260061928e+00
-1.782759252889003498e+00
-9.965120961056442850e-01
-2.034794947029801904e+00
-1.990713200526083693e+00
-9.956542065020153043e-01
8.268397745203335703e+00
6.133695564944336098e+00
-2.486751151616405142e+00
-1.392959599950552407e+00
-2.444617474065219120e+00
3.024212160851633691e+00
2.542365297843308891e+00
1.421782343508381619e+00
8.307679498097062520e+00
2.825014055018656656e+00
-4.654102765546705101e+00
2.894638310745146548e+00
8.065757625555521670e+00
2.084169971428845969e+00
-8.785526299635479930e-01
-2.840771350101358173e-01
1.716885403312560010e+00
7.481650013745706929e+00
-3.519925576309339554e+00
1.242176751704821447e+00
3.016920884552099835e+00
6.008606479007851942e-01
1.281635455165372806e+00
5.480710630070944056e+00
-1.234040294006534255e-01
1.467424424942967320e+00
9.634141046920005280e+00
6.075182677169047585e-01
4.807071800237523895e+00
2.912526718858692298e+00
5.087161308099041435e+00
7.741447023308371200e+00
3.299170998625240436e-01
4.631065971188431440e+00
