-3.784009180336756817e+00
-9.305205175102360116e-01
5.836051973561740880e+00
-1.934575317431764807e+00
5.073579060413551112e-01
4.489945317127879143e-01
4.252653924469075086e+00
9.075365955563732712e+00
5.791705308739387714e-01
4.353589484315563141e-01
4.523973841137411078e+00
2.834145003897582615e+00
-1.342260504562730272e+00
2.287275600449328650e+00
4.190488231672562236e+00
4.273281747267384745e+00
1.126117563671502175e+01
-3.537876433547276767e-02
-1.863327207782584649e-01
4.489492551462365810e+00
7.835056610366406993e+00
2.923877577268682249e+00
2.104297562887904594e+00
3.979993771311095330e+00
-4.735802034589908782e-01
-2.790337380182448701e+00
5.039222586692331252e-01
7.457616928719157379e+00
4.276425716123024579e-01
-5.545013313944909150e+00
2.471246512296315423e+00
7.280515709090577658e+00
5.045836432447305953e+00
-2.111705441803321204e+00
-5.692801380997951632e-01
7.818055927008558115e+00
6.043310369736842880e+00
-1.902591090459538226e+00
2.578623254718138913e+00
1.684668950755404015e+00
