-8.221583245302416243e-01
1.182241410706842633e+00
7.855568834533293909e+00
1.074569067258595023e+00
-6.430844104995415700e-01
1.480062659354255628e+00
7.175215358035472057e+00
1.112737684687498119e+00
-4.428825069369223932e+00
-2.141847028074395087e+00
-1.568089089247458823e+00
8.720361230378260942e+00
4.775160695172147918e+00
-5.716523325696017288e+00
2.600870630650075288e+00
-1.952098768216962821e+00
3.223213763769195328e+00
6.037214404470164553e+00
-2.467270264533432567e+00
3.306402221971080913e+00
-1.260986641639416650e+00
-1.002632626884540912e+00
6.157436812493852329e+00
4.893928023600250476e+00
-3.235561423748766430e+00
2.642398906724354291e+00
4.122829944981798889e+00
6.736680159032259141e+00
6.133898822087122227e+00
-2.074202599918069989e+00
1.304721582300325755e+00
5.935235788667497125e+00
7.283414591167749030e+00
-6.298152227573861062e+00
3.479441019742848251e-01
3.295612428074672806e+00
4.813017881080824623e+00
-6.815871255456058542e-01
6.017497001395762268e+00
2.859955973671161278e+00
