3.966107815538619796e+00
-2.368062194891036754e+00
7.239641050827430035e-01
3.868909290769603437e+00
7.845480515232408081e+00
-2.912051450388954077e+00
-1.056082898888990318e+00
-6.303696734199663032e-01
-2.849994087828568556e+00
4.704296084952373391e+00
6.373164507602969486e+00
-4.210846690217329602e+00
4.761458179711237193e+00
1.298931420665636827e+00
-1.485304531810839546e+00
5.276242965635926652e+00
5.563031222722263358e+00
-2.596251740048858281e+00
2.922906333223026287e+00
9.088970785850644107e-01
-2.235289645064630015e+00
8.209055650243982427e+00
-2.671436559587577086e+00
-2.938920538190360254e+00
1.530745887497380275e+00
1.994693606053187684e+00
-1.240635075385970731e-01
5.619173980712337979e+00
1.185065795366076280e+01
1.679161680262671430e+00
-3.325845697127291611e+00
1.832835879453190264e+00
5.409849211038448402e+00
5.149825204370343634e+00
2.994119002700709409e+00
5.712324752582577103e-01
-2.169538444946417677e+00
-3.361924374894124101e-01
4.217901407784792056e+00
9.018613357839623035e+00
