3.144600280810779580e+00
6.506251808966939443e+00
6.579801797776215544e+00
5.779426658111024295e+00
5.824558134436251144e+00
2.742046659822838794e+00
-6.085123708548529464e+00
5.465452906308069458e+00
2.504682666412488157e+00
-5.209238193502190306e-01
3.030116123074359180e+00
7.560459672606925530e+00
3.246741809614712704e+00
-8.304949863174365676e-01
3.491899971998895236e+00
6.684705035207558765e+00
4.571335602771434914e+00
3.136011951438109513e+00
1.330771285336400878e+00
-3.978726319383249610e+00
1.020726191274379246e+00
3.293474138861573586e+00
9.299110658535312268e+00
-2.269108640404814636e+00
1.046474074612859351e+00
-8.747265321899445611e-01
-3.668208937976805140e-01
4.848312087129476922e+00
3.793548069816178092e+00
3.150031571673226782e+00
9.466242006224798722e-01
7.537315406102875315e+00
1.831805673513117849e+00
1.072743698271526602e+00
2.593959016130837902e+00
8.074467817828590910e+00
2.599013301304820445e+00
-3.788916784071520549e+00
2.161042831988652768e+00
4.246671949593962658e+00
