2.062982069570178822e+00
9.713509047745089831e+00
1.125590034275687712e+00
4.999757294599517232e-01
3.858961278994600175e+00
2.447247840231339566e+00
1.937661745407345260e+00
7.784853967056265311e+00
5.246637994027206986e+00
-2.819584524306379514e+00
5.514620710361336720e+00
-3.505284342363236827e-01
-1.178661157246295943e+00
-2.273910420389381848e+00
7.565377836471145478e+00
-4.500492093760080081e-01
-1.352021678830364504e+00
3.400689334463812052e+00
5.997236938387718652e+00
4.624458710188535271e+00
-3.079951825773834972e+00
-2.570745561420205050e+00
-5.348249947142036387e-01
4.570480547494138790e+00
5.694690827006690270e+00
8.180776709994463936e-02
-3.225060685889553636e-01
3.881113823992659917e+00
4.177676637143818539e+00
-2.206133116382734016e+00
3.158514095586297810e+00
9.170774681277810814e+00
2.542192158893461951e+00
-1.043401423616727497e+00
-1.889600132376628494e+00
8.995785983765859362e-01
3.976670238136666313e+00
7.118070837084132130e+00
1.020058032742630738e+00
1.154826661853588787e-01
