5.432374769290327698e+00
-6.919888904544627906e+00
6.709671764629323576e+00
4.716129695427869528e+00
3.189856720335968454e+00
8.771358706666619653e+00
1.482248009686060186e+00
1.821591074465362503e+00
3.428024562387153473e+00
4.855642033127075763e+00
6.290474674785934361e+00
3.168456753477546517e+00
-7.074220525716258479e+00
-7.001465597169003185e-01
2.731383958952592117e+00
2.952506874158732142e+00
1.108841984652314316e+00
8.568022645050121788e-02
3.618690545704455808e+00
4.201098757941762685e+00
8.137205348603128163e-01
-3.977252291589390421e+00
1.189502903651187271e+00
6.983658504079216733e+00
-1.030956848521686009e+00
-4.949302080129003301e-03
5.040046099849976535e+00
2.169500249990335305e+00
-8.009642503125899982e-01
3.175670969687398593e+00
9.130392860804732891e+00
3.386457839845731232e-01
3.291508095391222355e+00
8.807731169097822388e+00
3.861545037655138124e+00
-9.422112287062812674e-01
-5.706477639771163624e+00
1.903108425318481567e+00
3.792370160283866642e+00
5.125273827893547463e+00
