5.374711005703446176e+00
1.660712781015714068e+00
-2.264517914867417936e+00
1.499783379127128891e+00
2.133177764735372239e-01
6.479663781541880496e+00
5.465283290275642969e+00
-1.237776676672559972e+00
5.875796749229909466e+00
8.493454316678045402e+00
3.463368060182188568e+00
5.456997029328496396e+00
5.125817067519566450e+00
8.429694006914956184e-02
3.221690355462586641e+00
-1.689278022132661317e+00
9.154388741215356839e-01
-1.053279674598967874e+00
2.938777187721413053e+00
8.390113311328407875e+00
-7.059677587542352306e-01
3.693670664508627022e-01
-4.027624129612154213e+00
-2.246909248417032767e+00
-2.254253836414358059e+00
2.000992944655078709e+00
8.349214279277740403e+00
-4.237842432517105462e-01
-2.618346145800996005e-01
4.458246782996432955e+00
5.758619966368657472e+00
3.238899927502624898e+00
-1.617663944552695909e+00
2.300220074040918217e+00
1.098502600834632581e+01
2.043350163426175925e+00
-1.854347112214230098e+00
1.703458409815362007e+00
-9.769081277736196833e-02
2.361344720519324536e+00
