-1.025420772475748699e+00
4.540919841191015216e+00
2.478608928042726589e+00
-1.128887770144077596e+00
1.505596795406377142e+00
3.676235742436524845e+00
4.026871142485761723e+00
-6.118287001247693091e-01
2.957567409326800068e+00
2.503741770432794223e+00
4.770575555213274477e+00
2.829758154675765525e-01
-2.122344025306092341e+00
-8.283946454608774879e-01
4.811030141672857141e+00
8.237320406946523121e+00
-2.737353076596312995e+00
-2.689848130668899273e+00
-4.749882822619857059e+00
6.325793552795319741e+00
6.393135733771162066e+00
-3.306756058627271067e+00
1.991438670686786372e+00
-3.550841379691402011e+00
1.601223740592430556e+00
5.002511328812460079e+00
-8.654747425684159445e-01
1.746602560949667371e+00
7.084903749968471942e+00
3.657098317544392518e+00
6.193542943699851255e-01
3.061163817712685642e+00
8.254344253919265739e+00
-2.153365246578872849e+00
3.163781770530353921e+00
2.155567797105487404e+00
-2.839313182043626593e+00
-1.392039761046022783e-01
7.122343185632288076e+00
6.759078732692562319e+00
