-3.253594968120193887e+00
3.119853453610946126e+00
1.045912953583084359e+01
1.333692465679331640e+00
6.904773362984617524e-01
5.953817714538843120e+00
4.849362929701538150e+00
-1.889200913463169096e+00
5.044293234202029019e+00
2.522070866540494727e+00
-2.897479490207457431e+00
1.620786563355738341e+00
6.422640740139526017e+00
-1.560462811555940688e+00
-3.345172604113697989e+00
-1.092590274477767132e-01
-1.876955940767983666e+00
6.633919684330300548e+00
9.117186126987894212e+00
-2.555619068384236581e+00
3.134241827185831664e+00
4.476916531028429347e+00
-2.662418235264905952e+00
-3.319558295766029232e+00
-2.645537854914132847e-01
5.379466724793733334e+00
6.717969230239179801e+00
3.208094019194387858e+00
3.392738078544055735e+00
-2.496613108823204641e+00
-1.190409437582633068e+00
2.553026156243606515e+00
9.194563737305287532e+00
4.767874102237773748e+00
-2.500412919613665408e-01
2.992737734709671749e-02
-1.670642876871899496e+00
-2.523755906697878970e+00
4.967323085202963284e+00
5.470975480435662064e+00
