-2.350892842262465976e+00
5.350355996106205270e-01
3.150467150270403138e+00
8.468707586649774299e+00
6.959120440422558396e+00
-3.366182920137440693e+00
7.796415298311701880e-01
3.481372235115467895e+00
-1.264892606708063916e+00
2.099119710111854609e+00
-1.470548036533209646e-01
3.989307764779681076e+00
8.612702169309836009e-01
-6.696133122560488538e+00
2.140884029594777971e+00
7.817117814952595722e+00
3.479052584957861960e+00
7.200207389823584769e+00
6.590098953561802197e+00
5.690852971961910534e-01
2.965969272918439703e+00
6.691491572491984341e-01
-6.849829231784727579e-01
7.775132066806941245e-01
7.049467132546549664e+00
2.495283630745430692e+00
-3.212523177229991145e+00
2.683511359776536764e+00
6.813514889375579031e+00
6.763146781301366595e+00
3.439044001526639693e+00
1.562337036097434240e+00
4.752592809267679463e+00
2.819528101436458378e+00
-2.834184647222253606e+00
7.153846929363447238e+00
4.883141782374418760e+00
1.024004056358570613e+00
3.596488937048814449e+00
4.945686536907095032e+00
