4.106655108671074528e-01
5.033212414191512885e+00
1.078892887253615207e+01
3.383466964666949739e+00
3.544282052268599603e+00
-7.191516764343437451e-01
-1.650149777657962336e+00
1.217223852765279224e+00
4.756289390412064222e+00
-1.964233014546433953e+00
-9.786149917077205940e-01
-4.123211089382651906e+00
4.532438784130271792e+00
5.173465730248028471e+00
7.312076954910309845e-02
1.796818155263842698e+00
5.279002762581050945e+00
3.177671207489249916e-01
-4.970910440596117752e+00
-2.163362985997919097e+00
4.694821109080813848e+00
1.627051104973825879e+00
-4.241373158856250214e+00
-5.427956205219642172e+00
8.749990898333622980e+00
2.512768013380797250e+00
-1.538824082011713612e+00
1.055092029596038650e+00
7.024830893126452480e+00
8.996447014179373980e+00
-9.562603470816523066e-01
7.854528422501081408e-01
3.175440552467188926e+00
5.462810116570914865e+00
-1.887950038144008413e+00
3.688228167375218192e+00
5.295267024673768752e+00
6.461580463785304040e+00
9.696357890872654650e+00
-7.172038390106405537e-02
