9.080175472896304001e+00
2.762896758903563121e+00
-4.093794342596212665e+00
3.237664326563351569e+00
7.337828520706151991e+00
7.598078121515955630e+00
2.526463161946035818e+00
1.094855572020618784e+00
-1.725688729288298973e+00
-2.736159637202278949e-01
6.796720243463036049e+00
3.293489753932814956e+00
-2.193780041018288607e+00
-9.424871963181606915e-01
2.607071070572859917e+00
7.275071278539918751e+00
-3.497926506703986860e+00
2.978192068015823590e+00
4.514464947418942664e+00
-5.176108365110692944e+00
1.060021165286534339e+00
-4.157740902886986056e-02
2.669992677720625540e+00
6.389102873027898255e+00
2.306386798513402780e+00
-3.015028811624147931e+00
5.848825371228092429e-01
7.364525873912304732e+00
-4.352563368020909707e-01
-2.702352164521037992e-02
2.282477580647196136e-01
6.549108966806455712e+00
1.355396710799547377e-01
2.279683799246599030e+00
3.342907585042383722e+00
3.501038869595358705e+00
7.784943632525822999e+00
3.789421635994700832e-01
-9.092349837118958167e-01
1.630533422620014772e+00
