3.368764651218737249e+00
1.879209075710808197e-02
7.089047156104622438e+00
4.151325412442748330e+00
-4.607464578385710441e-01
4.321332956396003233e+00
3.617160107445295480e+00
-3.431764426270445867e+00
1.956244702744677877e+00
3.426513508308012490e+00
2.592650479455363755e+00
8.224368379510142546e+00
-6.977140950944709097e-01
-1.745662835849609573e-02
5.197985376008373848e+00
9.485770217793680459e+00
2.692063516080880348e+00
-3.438575609737637429e-02
-4.233431517046954085e+00
6.981232090272905255e-01
-3.829337154711456304e-01
6.498360689371893706e+00
7.082361187898450261e+00
3.193915122820720320e+00
1.817233632567907264e+00
-3.401449454407415196e+00
1.121011318298937298e-01
3.055119778579430623e+00
1.796624242508178426e+00
3.209494369387660306e+00
9.673719245092581076e+00
2.636046610779918531e-02
-6.404527080419575746e+00
2.703561538184501511e+00
6.095833692848141361e+00
4.850264805672377832e+00
-1.351802934927126776e+00
2.430634764729524999e+00
6.191642713434600154e+00
7.704616029437408642e+00
