-4.492465714172997338e+00
4.614274912626250558e-01
2.823024555376072886e+00
5.544960776161219407e+00
6.403144875628603572e+00
-1.256441882743394522e+00
1.767737936193140902e+00
5.268967509903571766e+00
7.991729526425899177e-01
-3.209976145449121354e+00
2.532227266952190803e+00
8.949794765178802791e+00
5.066890699676697807e+00
-8.297974381905446339e-01
-2.277894655938932367e-01
-2.513909249053957851e+00
1.914648641655033678e+00
7.506962141619341722e+00
4.917373243053784204e-01
-4.322295607369198045e+00
-9.514599992686315622e-01
-1.195883721471850514e+00
5.645963259598097750e+00
6.053768207853021721e+00
-3.490300861938837151e+00
7.403215015185041104e+00
7.343181808823344703e+00
4.489098585864593538e+00
5.853374685477525041e+00
4.613444660267857600e+00
-3.384121244761585601e+00
2.309332606514155284e+00
6.709831478120308113e+00
2.134759443281240898e+00
-6.000765605560026472e+00
1.844102479925116223e+00
6.356134629608121145e+00
7.913502955790169935e+00
-5.696421217241320889e-02
2.470187156147333418e+00
