9.318244911892641369e+00
8.205302910148068563e+00
4.435710042515068174e+00
1.169772670242191559e+00
3.149598469769022913e+00
-2.939814033749061473e+00
-5.578620633382972649e+00
-9.339571297277327044e-02
6.040591662475146784e+00
4.633620210210976254e+00
3.409019955577804240e+00
6.997004038029254858e+00
-5.912598530838024669e-01
2.065965238457344810e+00
5.980873604283505784e+00
8.056961401696467462e+00
1.491440723036724592e+00
-1.257800831970948163e+00
-1.190877042033384292e+00
-1.049477859825065806e+00
-4.896923210338295362e-01
4.867215537789538082e+00
9.105316795245006034e+00
-1.417937635561059118e+00
7.253534764234317755e+00
6.732316771935104027e-01
9.991771195752530144e-01
3.983845414522602546e+00
5.204037214921455323e+00
1.934218024030049055e+00
3.971849308521895772e+00
1.063874730244607036e+01
-1.634305780099686523e+00
1.086184989243896837e+00
5.245806584938735639e+00
5.438226739312526981e+00
-2.323758311966096723e+00
-3.232081806467230756e-01
5.213614035752744957e-01
4.124909290027632736e+00
