-3.211238558393627152e+00
-1.762008324856607411e+00
6.478251187769908270e+00
7.108516855696000114e+00
-2.158189619992556985e+00
3.130868989563319715e+00
3.580720931303341015e+00
4.895234405633706487e+00
7.019235084826197735e+00
4.217196294193194639e+00
2.866204303219265892e+00
5.485590832205989642e+00
5.382506328136652307e+00
4.629211835756052551e+00
-2.780643946087468787e-01
3.153755304659140890e+00
2.289655693932263869e+00
-2.071486776535388930e-02
2.265099431739463043e+00
3.200909637371371019e+00
1.764307312842848141e+00
-1.062860861398515322e+00
-1.175928688604146455e+00
4.952336832509374176e-02
-7.796674428656179545e-01
4.328821837838992437e+00
8.821598245998806931e+00
1.773766012731047725e+00
-8.630528121983859213e-01
-3.427441282073257156e+00
1.609571562030257974e+00
3.752973264853632251e+00
5.699476961394072561e+00
1.946259236982279317e+00
3.984333792087338955e-01
3.913424546553302186e+00
7.344282589187233867e+00
-2.549398834901553279e+00
6.839691300328665235e+00
3.841353265806173312e+00
