5.209764352584696390e+00
5.988556885423104603e+00
1.148404223958975123e+00
-9.387260807573180044e-01
-1.677710840312184759e+00
2.452605746847589252e+00
7.158000706053790019e+00
9.062501263979293453e-01
-3.083797281690079828e+00
-1.204742205077791173e+00
-1.110320292443141454e+00
6.379615876740417413e+00
5.078316860428203405e+00
1.771720346006156133e+00
-2.232086415286620995e-01
4.931422179784549442e+00
4.742740685927383737e+00
-4.812895450445491718e+00
-1.431463150062029843e+00
6.787455429333778767e+00
4.686813982979440851e+00
1.450457435392960015e-01
1.460161686912376577e+00
9.838875114253553988e+00
5.858614669935393593e+00
2.154878020889133605e+00
6.764986704443237464e+00
6.695776472334117102e+00
4.598381657198052364e-01
1.134149529515494081e-01
4.647767254890690758e+00
7.147907654092573004e+00
-1.030677393171357314e+00
-3.658601128460063023e+00
-1.204293293501384809e+00
-1.473507438293734095e+00
3.890681305417217573e+00
1.304774526792269462e+01
-3.191160399328456521e+00
1.258668661370411224e+00
