1.121682523172539803e+00
1.859373172153084841e-01
4.019491584921611071e+00
6.146840213029894251e+00
-3.758064572517221258e+00
2.310444887987964879e+00
3.697220199281963549e+00
6.274296939350684887e+00
-3.723251252377500986e+00
-2.088085938852323409e+00
-3.218685194990373866e-01
2.594163593565169457e+00
6.144287163110011107e+00
2.598857914282508563e+00
2.942990028245850986e-02
2.776976085547272710e+00
1.293459302641532993e+01
6.244138210549720291e+00
4.294104255694506378e+00
2.560342488639588243e+00
-1.131834157436435007e+00
4.477613413521011942e+00
8.937356550942151756e+00
5.916231854835985793e+00
5.028242624097581270e+00
8.741266425339522250e-01
-3.719682277299182882e+00
8.276208954133293938e-01
2.919871478517745089e+00
1.099358639276815275e+01
-3.095036300817837205e+00
-3.040911669939228901e+00
6.952753374890118243e-01
-1.645785164907556553e+00
2.948129321560508220e+00
3.207831871088757225e+00
-8.331158517097847493e-01
1.260922936152203411e-01
9.145654653989858218e+00
-2.783664670476959202e+00
