-3.257625091813939555e+00
5.184056466131329310e-01
1.147161660898944113e+01
3.013311654336095380e+00
1.893436603446513988e+00
8.456969570765092925e+00
1.583591568660172033e+00
-1.479403918021149344e-01
5.852731616988942065e+00
2.574866598493688485e+00
-2.374777197174835930e+00
6.301110340757840600e-01
9.047977908879442310e+00
-3.822252443297228908e+00
2.497864071147282150e-02
3.015956661509997527e-01
6.062784808341057374e-01
4.471535638735395501e+00
5.201542387924940058e+00
-7.012993001874885390e-01
1.726511036114708908e+00
4.926917897229053267e+00
-4.513390340089792119e+00
1.745041345551667122e+00
1.684756992825576782e+00
8.890454397651291529e+00
6.178080910954449223e+00
-3.071920064218977231e+00
2.861576443350494436e+00
-1.775064951407691938e+00
6.742740646862087628e-01
4.747410948477667425e+00
1.171191281822222585e+01
-2.514165471354109282e+00
-9.135571993954970660e-01
2.067344586597542389e+00
-1.462715123375902815e-01
-4.713184276846316134e-02
3.490561321754360957e+00
5.205399882842939974e+00
