5.636505247264913976e+00
5.608268652374522212e+00
1.518337344937733313e+00
-1.581150665051231252e+00
4.994831321104083344e+00
1.039459511429041960e+01
6.625991257734349382e+00
5.015597904612449920e-01
-4.821880307335777438e+00
-9.328610938506594064e-01
-1.300432936521264349e+00
-3.676410201155843605e-01
1.678962017050585676e+00
8.919125892266373867e+00
2.843981090250441213e+00
5.070925584538645836e+00
4.065492214518996228e+00
6.650705076668547377e+00
1.169679384711048042e+00
-1.867027035817692360e+00
8.737701307476076762e-01
8.366947825206860756e-03
7.920819111908568466e+00
6.232954514182960093e-01
-4.954155485730863617e+00
1.104312123108791788e+00
1.241160379621340182e+00
2.028054494544994757e+00
9.881555774978363349e-01
2.408471942198935789e+00
6.958867835388050871e+00
9.547710011291469456e+00
2.666598879835558322e-01
1.974111465118965292e+00
5.529492016584819147e+00
2.293232933310310528e+00
5.203423988155781110e+00
2.160404022022253567e+00
-6.141238420477183269e+00
2.283034670524705323e+00
