9.860078441964191143e+00
1.686561184099245159e+00
-5.672784535690150953e+00
2.653265455297414199e+00
4.238445402145203822e+00
4.439168552277632962e+00
7.206970831474305506e+00
-2.155297300021541851e+00
8.569777767297857007e-01
3.543951350531243438e+00
1.356568623761726222e+01
1.219522378706910049e+00
1.383180953618168285e+00
4.067298368842239498e+00
5.969683782232367841e-01
4.241270137754002967e+00
4.235005518341735886e+00
4.537828767328033308e+00
5.402905704508627949e+00
-3.718249063624317508e+00
6.362398861849201115e-01
3.219797728861716113e+00
8.930850297889804779e+00
8.224228159260826843e-02
3.962853567013307821e+00
2.258277438454525665e+00
4.322249718789140438e+00
4.144150815896553652e+00
3.676609409095072944e+00
-3.122948364114451536e+00
-1.794604410700462394e+00
-2.866766688730764123e-01
7.920440387132305027e+00
5.510391207022815152e+00
-9.697150520455990463e-01
6.433002158157121730e-01
6.528595036997715262e+00
2.699469266922752020e+00
-3.033987266770475366e-01
3.499364320580395482e+00
