5.201577809339822167e+00
1.057956965127848470e+01
5.444078236085241329e+00
-4.776378521527356869e-01
2.679205546892403866e+00
4.591840068539813302e+00
3.715211284780603584e+00
3.828280122325771639e+00
1.349208872021407046e+00
-1.379448713517238634e+00
3.276209554926584833e+00
8.651399865802286371e+00
-1.530475680444731479e+00
-1.821599035723377336e+00
6.577529842115147352e-01
2.941466647794529266e+00
6.669931232272347188e+00
-2.605469361095549274e+00
5.778932091062793930e-01
-3.385376183608021616e+00
6.655976788141136247e+00
5.345166304191100615e+00
-2.273571837623314940e-01
2.039507811603717524e+00
5.816474104322813865e+00
-1.158170086088610828e+00
1.825630162314197502e+00
3.934095034723783968e+00
8.466964902289443984e+00
-5.511670359947770770e+00
-1.311946392936308659e+00
2.414979454393916036e+00
4.329606759737257171e+00
3.252888877238958365e+00
6.425386841410825056e+00
5.414566881935899190e+00
-3.836631215284696861e+00
3.895142901947359348e+00
-1.267254681993414289e+00
1.568096106232891085e+00
