8.278728665756915461e+00
2.873109418308417595e+00
5.542478771924529424e-01
1.063127958226541159e+00
-8.074611451675853813e-01
1.288990120777020465e-01
7.696406354252361970e-01
3.582276650449383038e+00
-1.704596282886123859e-01
-5.546331683145690583e+00
-1.465944565114941422e+00
2.626022460553437465e+00
1.009547101619012288e+00
-1.803841467402504062e+00
-2.922345283490741075e+00
-1.133786362577230200e+00
8.403236454992853766e+00
6.151691420352706885e+00
5.630252266506786896e+00
6.763790848593462357e+00
3.144051859490856415e+00
2.528264904360871590e+00
2.374308486630993809e+00
7.061605290266023793e+00
6.188467785518430908e+00
-4.766089720329180768e-01
-1.395818898270602126e+00
5.516605339532135943e+00
5.096126689120724862e+00
-1.029888102120197768e+00
2.047293535258416064e+00
6.598513138915853560e+00
-3.648291040041661049e+00
1.220533242136711438e+00
2.111033030792103915e+00
-5.511597292268455295e-02
5.229329595520682439e+00
6.466818916828601438e+00
-2.624536830010074873e+00
4.245116774273693494e+00
