-2.481745990986514716e+00
-2.709939902689776581e+00
-5.437491506792589746e+00
6.169030226213928714e+00
2.039525173423426985e+00
-6.888254764053487911e+00
1.581591109733579303e+00
4.340344720355887809e+00
6.602733740231217396e+00
-4.937384121558552330e+00
1.253840674848672121e+00
3.267797796615619088e+00
9.689857477254760099e+00
1.092601310234581291e+00
8.745121090894729665e-01
6.766920021460436363e-01
-9.031304411573959356e-01
4.956754949418010092e+00
8.154917957014223617e+00
3.788203864858659120e+00
4.155536035293601493e+00
-2.528078894743932992e+00
-2.752650424593299672e+00
9.671907394432108229e-02
3.909239001449527073e+00
9.681148719908730271e+00
4.168861334190456347e+00
1.245562379099121486e+00
3.850828272969160970e+00
-4.171155431811127023e+00
-1.917977026483506986e+00
-7.805375821247537704e-01
3.275524995893628333e+00
7.701410779219466818e+00
4.190165337503625409e+00
-2.569204315714317843e+00
3.709508382477189947e+00
3.044274278554462754e+00
1.415103159109094344e+00
5.673403047716828240e+00
