-1.240938284172474315e+00
2.946674536554624524e+00
7.799851703540128689e+00
3.210713701734074110e+00
3.937316348540403688e+00
5.400969972069053604e+00
6.643158911560048452e+00
5.941123330069524755e+00
-3.785132480481539829e+00
7.100189682731914420e-01
4.786766960769962331e+00
3.020491252491027012e+00
2.228766218980712921e+00
6.008668920250270773e+00
8.744588338960575413e+00
3.941362944431645587e+00
3.345681934705019289e-01
-3.103124614498568690e+00
2.520065649258422802e-01
7.534417609254613346e+00
6.231633329273091881e+00
-1.076347982711602924e-01
3.414382148566408759e+00
4.872205243646203776e+00
-6.894169653181758672e-01
-1.367604655998824192e+00
1.479381461671764653e+00
6.367745871543974978e+00
-1.862245061561834891e+00
-3.404764470770391682e-01
-8.542595079751218456e-01
5.239528623827101050e+00
2.293969198609485005e+00
-5.136094092602954575e+00
7.558827742054671228e-01
1.006117163285231086e+01
1.455705794638932904e+00
-3.097457011093680990e+00
6.032088269464488839e+00
4.173045265954866245e+00
