7.223181225193465060e+00
4.205317177873024725e+00
-4.835088761669857682e+00
6.167573511343918957e-01
-2.124459416625761321e-01
5.154865070439206498e+00
5.036211703905472348e+00
-3.154775023172105008e+00
4.326860715449082129e+00
6.850988393059547654e+00
3.825473336092513943e+00
6.409553252029144943e+00
5.915855292356400952e+00
5.530797726985526852e-01
2.541927649638745734e+00
6.636181099351053270e+00
9.362798817674812923e+00
-3.262618223294485587e-01
3.791420213473720047e+00
4.270146617702846648e+00
2.641732543738353201e-01
3.675058151898898284e+00
1.312857162896388097e+00
-6.794107712112614772e-01
2.416416137717320112e+00
8.491145310401448043e+00
1.803106714877209082e+00
-5.165629122687004582e+00
1.370416729985052484e+00
5.489718379391992364e+00
5.319899098369336166e+00
-5.160210977667231802e+00
4.842283708982373369e-01
-5.924833431185080324e-01
1.111403906092249816e+00
5.077440732767771081e+00
5.033679317526727814e+00
1.048158330521383874e+01
-6.895108228094724012e-01
2.103693402232841958e+00
