-5.163752974101309956e-01
-3.605356066417202854e+00
9.230367550988148651e+00
6.882114684803156912e+00
2.170098341929949104e-02
2.426072559472511880e+00
1.579083346320718562e+00
4.436513749005693619e+00
7.061871075550143040e+00
1.412793598687919649e+00
4.198276180312630501e+00
5.066354194072312467e+00
3.628192191002621581e+00
5.424889585265693093e+00
3.034918855629808454e-01
4.011850891682421150e+00
4.538364815719207357e+00
-2.310435816544554655e+00
4.770903865860649518e+00
1.884991830220513753e+00
5.368883222083288942e+00
1.707728224297069497e+00
-2.060680023017670504e+00
-6.749791249494485612e-01
-2.237854094957865692e-01
3.582959926152778252e+00
7.717551009841240983e+00
2.057590909930475220e+00
-8.956669540711142963e-02
-4.370925443491755935e+00
2.403935194389885233e+00
2.427330275669076443e+00
5.525114855620051557e+00
3.699931791161019223e+00
-2.771786438926393981e+00
3.553193777692848165e+00
6.567806084816092849e+00
-4.860323710664689045e+00
6.962141268391894400e+00
3.952950895821298438e+00
