2.309029076483021470e+00
1.920219245512474471e+00
6.303466368511633000e+00
-1.036641378306972783e-01
-2.904815505030341694e+00
-6.449884019111912226e-01
7.448722803128271508e+00
3.559613792480085692e+00
2.342346428963378191e+00
6.065396471391377275e+00
3.260543267519564026e+00
-4.881646020605096226e+00
2.808431598032826493e+00
9.656031564920013466e-01
-2.243341171836854553e-01
1.940743660579358210e+00
4.484722926476571558e+00
3.470394995108372349e-03
-3.101174138976456440e+00
3.396231978722568989e+00
1.040700250526179360e+01
5.736034504743085627e+00
4.561410141678825525e+00
-2.474623998539703607e+00
-1.480289761092264955e-01
-1.148100822388454567e+00
-1.090160391375366356e+00
2.861906819845615235e+00
7.230527512446593086e+00
-3.554472852910660841e+00
-5.194299002900093498e-01
-1.781465536154049678e+00
8.097478128059767855e+00
4.104651753588005825e+00
1.275427540155060324e+00
4.404195932210969389e+00
8.423710502291909208e+00
1.199960295588561765e+00
-1.204670380390640894e+00
3.712710109299037775e+00
