2.055292721101555919e+00
3.781174566340679277e+00
4.142211295910796842e+00
3.677617090534551991e+00
1.660296868034955686e+00
2.796008071757878799e+00
8.016495401259327025e+00
9.540632163213855765e-01
6.450760439967988091e+00
8.771601387162691665e+00
-4.377152049844832860e+00
9.559949423100561061e-01
4.117119189206912111e+00
2.133607935094265162e+00
-3.115129689891238396e+00
-3.511847979443242007e+00
4.738955850122063218e+00
1.454696781344683387e+00
-5.173306592204668597e+00
-1.604893841395199638e+00
9.863207288433727626e+00
7.671793283834701604e+00
9.507470650269559398e-01
1.511119733793325759e+00
1.113970992748449129e+00
5.372757131710465650e+00
2.061687082401061133e+00
-1.805194201810112808e+00
1.882496983742454333e+00
9.655046059556021021e+00
-3.275473951333891520e+00
2.776727480652727564e+00
8.858978681981926062e-01
7.178181691845227697e+00
1.475353869831774301e+00
-4.200133764316625218e+00
-1.434919389384366140e+00
4.537086654351426773e+00
1.025929730823144581e+01
-1.951702102607551836e+00
