2.268206624143357608e+00
-4.705396064455140137e-01
1.487864799031394458e+00
7.900908210246707419e+00
4.031988280279869663e+00
3.458597341698335548e+00
8.052488212528016831e+00
1.053053385979543677e+00
-1.954545496658258719e+00
3.321598939835978204e+00
9.155333622987292586e+00
-2.500391382931791195e+00
3.541895913908299498e-01
-1.175519350750799719e+00
1.850194316689479868e+00
5.638420146688205570e+00
4.282808327898045775e+00
-5.122455269359378782e+00
2.874444891115028433e+00
5.099106772768405627e+00
1.030971423435832435e+01
-1.994826440712647031e+00
-4.246971488844089926e+00
-1.915180960533570786e+00
-1.708935683348870693e+00
1.197359726673228764e+00
-1.868156521361448164e+00
3.788117579465380302e+00
1.137385714800857706e+01
-1.413909591253687204e+00
8.814208713175339938e-01
4.077175497802712489e-01
6.228007092934322309e-01
5.437452260016323535e+00
7.658368425477518393e+00
-3.888774734091545726e-01
-4.785021976512044084e+00
-1.717939752422275257e+00
1.132536726528971904e+01
-5.922621819265728504e+00
