8.617257869482475741e+00
2.228012807589901279e+00
2.760132450395207937e-01
2.904928841561099873e+00
5.363007710459694266e+00
4.889544184399901461e+00
-2.020940677598455082e+00
-1.461989024818587168e+00
2.555031577119549535e+00
4.624563588340009801e+00
5.446006640889430983e+00
-1.775683963269744092e+00
3.786212535587803796e+00
1.520020745276385421e+00
4.481654787755268821e+00
2.244361928896426939e+00
-3.775238329111991753e+00
1.573240849333900293e+00
5.634101222028697009e+00
6.004293985961959734e+00
9.371650320668196699e-01
4.790175386627212539e+00
-1.315796287709506629e+00
-1.724146181805723987e+00
-2.565891898799983029e+00
5.633849336469932467e+00
8.224349176825135999e+00
2.038912965946527045e+00
6.234053943486530081e+00
6.905595636806486359e-01
-1.112044716317498905e+00
3.989100539737905571e+00
7.243624766926556546e+00
1.794601006272739774e+00
4.232422550195191313e+00
3.559647056139346510e+00
-4.253237331100255147e+00
-2.929992594906537295e+00
1.224836431482997590e+00
-4.742649292902156866e-01
