1.961056616288175070e+00
1.025870662766623909e+01
3.706022712196832991e+00
-8.150279224252364729e-01
-1.940820071155355819e-01
-4.595871394913783270e+00
-2.988430968648915886e+00
2.637491803159577763e+00
6.387222399165680464e+00
1.669716335605936575e+00
6.074192212164406968e+00
5.922312960215425193e+00
-7.084186191384354014e-01
1.534054640216368393e+00
1.162791835054802547e+01
-2.589097300630461174e+00
-1.795294420799216306e+00
3.156746168666164198e+00
7.521333448872241867e+00
1.202071736213370601e+00
-4.249927272500090503e+00
1.924555356261064443e+00
6.525559833599091419e+00
5.398722388714853437e+00
-5.424407456977677455e+00
3.627609991696899350e+00
-2.306289749605554551e-01
8.777988685235877497e+00
6.152423500907577392e+00
4.545923002693864845e+00
3.377568609659451493e+00
3.256706347496538534e+00
6.571843195129627446e-01
-1.242650595548385972e+00
-3.377126316762938396e-01
-8.391676695920530227e-01
5.029083461567030788e+00
8.065765772876700268e+00
-3.696516652951185922e+00
2.086644144281208479e+00
