1.040807104061747168e+01
3.718547328582739731e+00
-4.062139428594440105e+00
2.039838947491986243e+00
8.065655388982154506e+00
6.541639919100505907e+00
-1.153053924343604653e+00
-7.968455956895841297e-01
-2.643229340734429389e+00
-9.602974322242419092e-01
5.164648400344342249e+00
3.132548542563973193e+00
-2.430630952871995376e+00
-9.693659359502204698e-01
4.748710320717075994e+00
8.495527618422649141e+00
6.634522923300958386e-01
3.718339303941683660e+00
2.891605150406298730e+00
-4.683844294334436498e+00
2.869483480694388966e+00
3.424644535969313175e+00
2.586472540220450700e+00
7.337706613032374925e+00
5.918594263744346717e-01
-4.143478288273621857e+00
2.344149205519462154e+00
8.932441760006216924e+00
-1.514537392865154874e+00
7.787230831685350019e-01
5.144869442340354038e-01
8.718974553004754213e+00
1.598221959040420082e+00
6.958652934295490589e-01
2.293362055236702890e+00
2.467355045549567638e+00
8.520190647132906747e+00
-7.516990768098450459e-01
-9.221659600621436859e-01
5.374076275200575514e-01
