6.315361873692630468e+00
5.614365879472364540e+00
2.243060572386827989e+00
-2.283531674402023093e+00
-2.574749053688474731e+00
4.094567127561599129e+00
6.858102830149141127e+00
3.108557690865322964e+00
6.004882893927565135e+00
3.999875039056871584e-01
-2.800732491087129183e+00
3.764453363664754360e+00
1.171193201470850376e-01
9.850825027656789912e-01
4.929062780919557518e+00
7.879690641680157093e+00
-3.922559782329365419e+00
6.535419929291055308e-01
2.190735519458235192e+00
5.675460411096779900e+00
1.513307418861669973e+00
-2.142603089768419622e+00
4.296143248152936245e+00
6.105981174324853100e+00
-1.947978564398344936e+00
-3.535315487695049885e+00
-2.330741669190229182e+00
-3.842203739838371934e+00
2.562939609632991722e+00
4.149199202525612584e+00
1.591890559527886495e-02
1.025034394400150539e+00
8.898161961049062540e+00
-2.791859636236597719e+00
-2.314725269078886649e-01
-1.920342547095609476e+00
7.194624324368275481e+00
1.154723320833028666e+01
-2.522652187118589406e+00
3.578291383873997145e+00
