4.238918481830388885e+00
7.008559414408003230e-01
4.009987517007777669e+00
1.021962383055347523e+01
3.666557036987083240e+00
2.192337340768352405e+00
2.498361612173529256e+00
1.519918002582969940e+00
2.466313145111116434e+00
5.177529407545736539e+00
-5.894044863020676539e-01
-4.662153214446018712e-01
-3.886753896881479098e-01
8.468563438217108441e+00
-3.560592428622155747e+00
-2.741717857758813714e+00
1.530145918982284359e+00
1.264782886303504217e+00
5.889172359565048254e+00
1.244181577550774298e+00
-4.343661000612573098e+00
1.209599223687729097e+00
-1.202304047190702274e+00
8.607288746097383481e+00
-7.066389670050420291e-01
-4.333752051242465875e+00
1.091816598175634923e+00
1.464948783451677450e+00
6.682721268346429433e+00
1.623024340963918677e+00
-4.198639314526799282e+00
-3.187010285649203301e+00
3.984672287268236524e+00
9.842324304935250012e+00
7.532871244129185628e-01
6.401854518293190743e+00
2.754408015179900526e-01
-3.526227804538576649e+00
-4.504378504700373043e+00
6.575739467546204864e+00
