8.797035758709059738e-02
-3.397788615026573922e+00
2.383484593404355589e+00
3.854233624783119705e+00
-2.751265491745981340e+00
2.625574635945941981e+00
1.370843156355735637e+01
1.583935879276811676e+00
-1.913088706611792755e+00
3.464301028657091663e+00
7.962296890041534958e+00
6.995841549290194195e+00
-3.340870983514454995e+00
7.162440275933324996e-01
2.212018853522823569e+00
5.856189770288217744e+00
7.708005528270051698e+00
5.458855638005402078e-01
3.910214556188846391e+00
5.595643374169845252e+00
-1.740842132052551117e+00
1.320450029541125669e+00
1.240272121082074186e+00
3.072827999024535295e+00
6.480342796451719067e+00
5.573595443103190661e+00
-1.014435625814418707e+00
-2.748141845698995223e+00
5.056496359278332520e+00
5.356188359461464543e-01
2.481780022624306081e+00
6.963512177308241569e+00
7.888528291682472826e-01
-3.367849558777667340e+00
1.344304226962982129e+00
5.689889801947058068e+00
6.924761187031567289e+00
2.110507386336242241e+00
5.482788996005793614e+00
-1.395687107542885164e+00
