1.601881939622779250e+00
1.096085559251490871e+00
8.395901520707834687e-01
7.834521947745254344e+00
4.076064550480551496e-01
-5.349603332488050977e-01
-2.793109510410112239e-01
4.744077890057868174e+00
6.435020294998393453e+00
5.107145462196403862e+00
-4.171200797934701221e+00
-2.298026826001362544e+00
3.021809154158627830e+00
5.550534746041974721e+00
-2.235009068786547815e+00
1.093717564972357614e+00
8.576047077810676100e+00
-1.142161774958283305e+00
-1.451190428973822222e+00
1.750281190753922189e+00
-1.694439006264804704e+00
1.813400091096931899e+00
7.630109335139453997e+00
5.969143852664527294e+00
-5.654107477284305183e+00
2.085289779841714264e+00
6.273984065897068696e+00
6.533966716176873746e+00
2.141558102441885492e+00
3.839205184821941952e+00
-1.334740998999393025e+00
1.227402155464186961e+00
1.149612738807132217e+00
4.886631752707751630e+00
1.023017575750228758e+01
-2.565956826307963290e+00
4.477364276630733109e-01
-9.680056928770248703e-01
1.523960400098388401e+00
4.322093786990765629e+00
