6.238838764890751953e+00
9.691657558249842097e+00
1.992495195074879932e+00
-3.465674573824863103e+00
1.716839884362250102e+00
4.736531361369099358e+00
3.866001984508151246e+00
3.696875564140520432e+00
1.974741924826586281e+00
-1.657547154472509554e-01
2.071394532704037950e+00
9.155532826581081807e+00
-2.005618105741036050e+00
-1.466026692100344420e+00
1.096910232034934429e+00
5.386712962119077019e+00
6.057319913487801522e+00
-2.783395117155777143e+00
2.839483494816570364e+00
-1.771674253543250144e+00
6.817916580715661645e+00
6.692381282206860682e+00
4.540088200175040889e-01
3.518489974322958957e+00
6.149207448288514399e+00
-1.189719519115296276e+00
2.865155264764289278e+00
5.291148703072591886e+00
6.991815074670201469e+00
-5.286230067281934453e+00
3.662413928655138262e-01
5.704764495224078580e+00
4.912562540890544227e+00
2.778559737125306572e+00
4.145559703022501097e+00
2.207251672555270883e+00
-2.523398451685774813e+00
3.394154473811535233e+00
7.291606271098054481e-01
1.989601363637310882e+00
