8.395937937474798218e+00
3.592044773379652334e+00
-3.524283290954567605e+00
1.548015166098866358e+00
5.816689884439593117e-01
4.258117757418677485e+00
7.426517622776717786e+00
-2.418341700606871925e+00
-5.050762922869266314e-01
1.729955556309799691e+00
2.755249922486521896e+00
5.286340189984704452e+00
3.477053554578139138e+00
-3.131015708341851944e+00
1.047064567242076194e+00
3.879746829343246883e+00
-7.943645006224332450e-01
-4.535349215778946785e+00
-2.346556984972779425e+00
3.015272507363571552e+00
6.118361665832433793e+00
1.619647536275324873e-01
8.395590523212268508e-01
1.239060228750754078e+01
2.080489194953047516e+00
-1.736278540346139154e+00
7.462875216978822834e+00
3.276260024986410890e+00
-3.071835219514861492e+00
1.543576096538927578e+00
5.932629666046596029e+00
4.980982019547639084e+00
-4.314782729415595597e+00
1.743889021365497172e+00
1.362502120049568166e+00
-6.405028091780600175e-01
3.748753151522856264e+00
9.569128099271463128e+00
-3.645779657484344405e+00
5.751652493874464867e+00
