4.037431613910611006e+00
6.982234644796621481e+00
7.498670088524542088e+00
2.583572964481692491e+00
3.589552877783941831e+00
4.870506640753918148e+00
4.545305205602447884e+00
4.313330782348329784e+00
1.732164127512644480e+00
-2.829824176199243979e+00
5.580645279260199487e+00
9.708736836119816971e+00
-1.004812221144624207e+00
-3.339718207688456619e+00
2.284067787715009068e+00
2.608155468899430840e+00
6.480530569727437573e+00
-3.895800832755074605e+00
-1.401128842549962616e+00
-3.474773537391904643e+00
6.851340095004801789e+00
5.129707157442602750e+00
-1.391692175012340105e-01
3.052988714556407412e+00
6.396550311021198532e+00
-1.474813684447839002e+00
2.443608184926354454e+00
1.436728311581703110e-02
8.534985809832557280e+00
-3.770315703002628638e+00
-1.597998466252681604e+00
4.373149713497924473e+00
3.398867727160245877e+00
3.395747954162839477e+00
7.403208092040958199e+00
2.337683212678616229e+00
-2.759882173023432195e+00
3.728669904508707056e+00
-1.478277110863035482e+00
1.996514903768127791e+00
