-9.469345148741186158e-01
-8.122085596982969724e-01
7.660815526853633983e+00
-2.567140916313152665e+00
-7.426904019309996663e-01
6.021488650501554130e-01
2.656286934022555890e+00
6.131786010982366086e+00
3.909773134999568356e+00
1.212243569190034620e+00
5.745976430043290506e+00
1.365436774071982828e+00
-3.150466823036954800e-01
4.117386111524353076e+00
1.224477655918476238e+00
3.379103318275259227e+00
1.330839010186586080e+01
1.505577248614679009e+00
4.765366123379122243e-02
2.893404086593990510e+00
7.080547584451984733e+00
2.747774770334561634e+00
2.379683090307989080e+00
3.514481459708604483e+00
7.058568466663175389e-01
-4.271434278095634696e+00
-5.044697848268251406e-01
7.740432498716874221e+00
4.159500643776341100e+00
-9.625476208286535496e+00
1.523395423992181419e+00
2.339265756810751995e+00
6.266064719507647318e+00
3.049052102631260586e-01
2.480867952507743723e+00
5.523049047438642667e+00
8.228894539533055053e+00
3.431978576668871517e-01
5.522933826034118532e+00
4.282781932236856548e-03
