5.034868932592772239e+00
5.100627619450517791e+00
4.288888326752305247e+00
1.252427041771385419e+00
-3.530443770628244327e+00
1.788954973832770134e+00
-1.458025121647172906e+00
3.913616691462842745e+00
2.930060127078698784e+00
-5.646761071250335107e+00
-2.965093400266630486e+00
2.897412090110986327e+00
1.402676220352354175e+00
-3.243681969416998268e+00
-4.029660354275644174e+00
3.522867862579105225e+00
8.076424832540235244e+00
-4.518124583858131871e+00
6.486584246434667911e+00
1.997064079144475812e+00
3.913105375061276536e+00
4.809497936166026832e+00
1.257688492011307169e+00
2.566320850353819516e+00
7.044344041362291087e+00
4.012521331387352674e+00
-7.708448155894277454e-01
5.741054199275314573e+00
3.345013158400173658e+00
-8.986729810026535814e-01
1.275132160488440025e+00
6.413808199486258133e+00
-1.286550283897204716e+00
-2.762630546744353488e+00
-2.305185968433384747e-02
-1.322244882111824449e+00
4.441304726216569243e+00
5.255305354711966359e+00
-1.593131213059278073e+00
4.492155019628656376e+00
