2.163753079603217166e+00
-1.481612488404158379e+00
4.428579939184649206e+00
3.957831685780680786e+00
-5.597109186456283858e+00
2.289398822204828043e+00
4.806553040730546789e-01
-3.466963705698311582e-01
8.886389288813777654e+00
2.171759449786354157e+00
-1.310799746302714563e+00
-8.821705299006907808e-01
1.758598665425100016e+00
3.752209858610695115e+00
8.099985820021622374e+00
4.736364683404362452e+00
-1.625132118421865668e+00
5.499765651138640798e+00
4.358515174739241438e+00
2.165485166182192778e+00
2.808416624537026340e+00
6.289868421745310911e+00
-2.916104677174876869e+00
5.594141503556185890e-01
1.031016852868705813e+00
2.769725679500660398e+00
8.739678872614732086e+00
4.824870577113316905e+00
-2.613551919008701319e+00
2.321775830493519877e+00
4.984383334692312317e+00
-2.738972446419876583e+00
1.971604480596054643e+00
2.731993653609992467e+00
6.831150553196056130e+00
-3.027683550119513178e+00
9.766101736558033819e-01
2.516442611970353127e+00
2.035619461865984192e+00
7.290611378437283463e+00
