8.770944385757914574e+00
6.747165555382787616e+00
5.391010445435718168e+00
6.631260073816775069e+00
-7.796468281945749812e-01
5.774750441800864387e+00
6.643602961060135925e+00
1.330428903458796164e+00
2.044210958588345228e+00
5.179799346370361768e+00
-1.220028071262325930e+00
1.418857394547549777e+00
6.728532967087786254e+00
5.579392700963126117e+00
1.456890052638368793e-01
3.791371710791844762e+00
5.665912768423238433e+00
4.850118898878493567e+00
-8.801937686340143285e-01
-3.580804920776023081e+00
1.544241103680307203e+00
3.114135327766762718e+00
5.083206932059311178e+00
1.069956844746804192e+00
-4.265880334268445928e+00
1.187125778577634128e+00
7.412200099389903762e+00
5.347216086308563376e+00
1.512850104461301859e-01
-1.512888479471059311e+00
4.575900648552964967e+00
-1.718167240964245668e+00
1.137260255101724571e+00
9.148536686211496516e+00
1.789175923441371996e+00
-4.991077380016180065e+00
2.217826248697210900e+00
3.242497114667336255e+00
1.097321902560100204e+00
3.233039471712256141e+00
