9.798070907467160140e+00
7.184367936715554404e-01
2.878891328820816220e-01
3.303946432221080531e+00
3.103336837676118787e+00
2.644603831444632291e+00
9.548526141951652946e+00
1.149669612188922940e+00
2.464443793013539441e+00
5.595179186484850575e+00
1.278062813372629725e+00
4.410776443774728328e+00
8.138872666978267389e+00
-8.074013732482679950e-01
6.491491626383320002e-01
3.620773080557365464e+00
6.608149775957022243e+00
-5.603706634302074718e-01
1.009324426515995077e-01
7.384765863567803734e-01
1.090914164542024167e+00
6.414611173173369707e+00
2.106626622745206845e+00
-3.939822427019428641e+00
1.849833741921955932e+00
1.945897475160796031e-02
6.697549918515414369e+00
3.234808083643587295e+00
-3.554452672294114990e+00
4.416272851128575927e-01
5.092365155947051747e+00
3.064500746098160366e+00
3.055097469892233519e+00
6.616532894439114187e+00
-2.675021119684588555e+00
-5.225250811355836023e-01
1.688368141516363441e-01
2.431442277491379755e+00
4.606181772282743836e+00
8.027177638118603298e+00
