2.468991402217934006e+00
-2.965470173456496994e+00
5.170685372661731893e-01
-4.629233826757019887e-01
6.316577484308916191e+00
3.112093473026066093e+00
-6.298834856700151974e+00
3.460420116592845208e+00
3.557985987660403193e+00
9.105240558406933360e+00
-3.900456884167399885e+00
2.888254934493604820e-01
-9.406908966325380206e-01
1.391220483114690154e+00
1.498996513149236653e+00
8.647008410656361832e+00
9.004629914806747237e+00
-4.469916510336166660e+00
-2.435093641462096892e-01
1.955168282403188185e+00
7.671477172073807971e+00
-3.382875080751414076e-01
-9.438561623078538521e-01
2.822377918800391683e+00
8.450374756075763827e+00
3.103588396752194001e+00
5.731466309716092056e+00
6.100234010080614055e+00
2.453350841264684057e+00
3.607354634600929977e+00
-4.540143542726619019e-01
-3.648686534183368302e+00
5.402268244267827146e-01
8.503285784368380007e+00
3.706325165544623434e+00
2.307106230187656148e+00
6.195720571483025019e+00
-8.287463769180896112e-01
8.905531577339873550e-01
7.709528646892349180e+00
