6.769282397742300006e+00
3.058122489725907389e+00
-5.160169497289611940e+00
1.705833811101505448e+00
1.670889241752849586e+00
5.826424391992560459e+00
3.484423695840826340e+00
-5.166119891272051845e-01
5.535235425912520490e+00
1.138115435079040516e+01
4.443932346274845457e+00
5.644319045659438316e+00
2.671785813593118508e+00
-5.399395976920993157e-01
2.751383696566886528e+00
-1.261903601394705365e+00
1.624882066045656437e+00
-4.845021215334874287e-02
2.430272973355601884e+00
9.291653181640082693e+00
7.929489891681567038e-01
5.826004259529790064e-01
-2.452498822523718758e+00
-1.055572056556025817e+00
1.886966679578712669e-01
3.105106612874450445e+00
7.554975241594467761e+00
-2.936709322878730877e+00
-1.983151265818831277e+00
3.602984767641826735e+00
5.489064141568818833e+00
2.626514199222984125e+00
2.717067832598913935e-01
7.697710709164122811e-01
1.035491169688889990e+01
-1.775168921869229255e+00
-2.840526031157192044e+00
2.479882506801250663e+00
1.202236397945601221e+00
3.289481103772382564e+00
