-7.263545724338617227e+00
4.120873724977977659e+00
3.960342945164696982e+00
5.640232518780809556e+00
2.448829790597856881e+00
-7.225247752540877588e-01
4.703048144644184525e+00
7.509918043564749013e+00
6.028952637417994254e+00
-1.151630025353328257e+00
-1.807709195528608870e+00
4.224388478047244710e+00
3.473941284711226984e+00
6.793614169203092690e-01
8.295761060582247381e+00
-1.730786023411898800e-01
4.789572562864943261e-01
4.642970048523769044e-01
6.293009349436481159e+00
4.380398823578871337e+00
5.383932522181703817e+00
7.508088973102138297e+00
-2.383892518534781679e+00
-6.613523779400632963e-01
6.023830341263310295e+00
1.016557589820455298e+01
3.775357587122166514e+00
7.300046188608977360e+00
4.049757897384530736e+00
2.560897459341015647e+00
3.589470186051713085e+00
5.475844979767165555e+00
1.377205894469779590e-01
4.614082281732206248e+00
2.166628440972027558e+00
-3.581422872721001571e+00
2.021047382873904841e+00
7.418803230025558193e+00
6.507218992419797843e+00
2.837676596157480802e+00
