1.068254940530732711e+01
3.722093115181709599e+00
3.170294384581439751e+00
5.749111105426708335e+00
-4.010986342994011800e+00
-1.550535408449040364e+00
1.879366871044372278e-01
4.022256091186850568e+00
4.705663990896027826e+00
-6.367847005493777246e+00
3.445461307333167689e+00
7.012824473539108538e+00
5.775780552311686744e-01
-4.039567716472673986e+00
-2.808557053946695969e+00
6.017406756891969799e+00
3.157227540124628362e+00
-3.491204370320637906e+00
5.677943619459052682e-02
1.003483842276528293e+01
7.659426601363992226e-01
-3.719490904217225058e+00
4.081031772119574796e+00
8.423463760267933864e+00
-3.148886933953685130e+00
1.762037032162460992e+00
3.342412537441058484e-01
9.343224901852700270e-01
7.492952721103775637e+00
4.308310216734856923e-01
2.174865860137985329e+00
3.323753935156600559e+00
1.376329232281242154e+00
8.320280200333872500e+00
1.736086208294816968e-01
-2.175264552290859577e+00
3.626012710622229740e+00
7.903133557338291482e+00
2.125670483253056631e+00
6.066099544634379725e+00
