8.021897395195027869e+00
2.106143347352233519e+00
-8.814748445466530358e-01
1.482095433495768777e+00
4.955173949182141158e+00
5.425295550716713322e+00
4.255168384987130237e-01
-3.357072228811427639e+00
2.587941459793626997e+00
2.477630903509140392e+00
8.305859852312943659e+00
-2.306559995479179115e+00
-1.848852232193598732e+00
-3.731218273030034727e+00
4.444269991376600615e+00
3.183521256659894938e+00
-2.807490476702810600e+00
-5.676383210594471151e-02
9.320505468001917038e+00
3.225101948976559996e+00
1.545231073778832398e+00
6.187120227436332165e+00
1.745513069995486832e-01
-3.430755745156457870e+00
5.479588584074668312e-01
9.243154653702998047e+00
2.135267096246325380e+00
1.633325470779560806e+00
6.323546373128627884e+00
3.329306157175114134e+00
-2.898701628816557019e+00
6.595180097717476819e+00
5.420786405217904225e+00
2.315397937234112469e+00
5.620668878759411236e+00
6.734626072026808075e+00
2.630643703797095334e+00
-5.684722919541312258e+00
-4.608997230487439367e-01
7.699505517832971879e-01
