4.429872790123843274e+00
3.943965861436538489e+00
6.888995745950440508e+00
-3.728405860049265330e-01
-3.201549888965561586e+00
2.697342500590914627e-01
4.974529922889031397e+00
7.291405582233458915e+00
-2.573717677221729616e+00
-1.489597659057845025e+00
1.753797883468620533e+00
9.744999851807419233e+00
5.506205013115955005e+00
-8.170803400600828992e-01
4.699209485843295120e+00
3.357399664992658295e+00
7.492840448801258990e-01
3.771142802326952759e-01
4.812241199622224741e+00
1.477662812643789403e+00
-4.364118203791423234e+00
2.814884723923591459e+00
4.776019973121755413e+00
5.953964340957630164e+00
-2.567057032372556336e+00
2.169345764224175355e+00
-4.044712221017104703e+00
-3.361220370081081654e+00
3.043689536199853052e+00
5.774277004946412717e+00
4.963883628264921022e+00
5.329508611300123100e+00
-2.301464345913521115e+00
-4.502422101504501839e+00
-3.265249496274131302e-01
-2.439351859811615952e+00
2.278102874392044175e+00
7.055244568412618378e+00
2.074088657569475025e+00
4.561898466204193703e+00
