-2.186289863576237114e+00
2.150537905665633964e+00
5.432169364842074799e+00
6.723640287882366451e+00
7.203357987897573977e-01
4.554679814642312863e+00
1.051666703183950524e+01
-4.042361010039147162e-01
2.204322129892565929e+00
4.029595593947203902e+00
-2.440884555895936892e+00
1.105498659250286897e+00
9.097756701305322879e-01
6.910497768864074963e+00
4.827031221920908166e+00
-4.799470044098570476e+00
1.033522681789470710e+00
2.154116920844630911e+00
7.506158296236505656e+00
1.348823346608611695e+00
2.534093474641311072e+00
3.728048105926554001e+00
4.813341653335133863e+00
-5.128246029188224142e+00
-6.135063496444781439e-01
-1.296896033191093256e+00
1.067307409416268893e+00
3.683455953226342672e+00
2.442329846880973765e+00
4.766930209057742118e+00
-3.537436608884552580e+00
2.684272998218315998e+00
1.561071679632529019e+00
2.370324760161889532e+00
6.275050527505787734e+00
7.351982707740642553e+00
-4.642838294214191031e-01
-3.888133355294322024e-01
6.051968212427787819e+00
8.008896483106713760e+00
