7.532439921442928288e+00
-6.160756580856997289e+00
1.900790230050088292e+00
4.027374903747491963e+00
7.293591474507054251e+00
1.554203744989350433e+00
3.596663761131600356e+00
2.945509848654705998e+00
-4.004034158945108501e+00
5.173936779664940033e+00
1.096295498215754272e+01
2.750672957035236621e+00
1.423460720781189792e+00
-1.384801648517235639e+00
3.965523693824437146e+00
3.002608315266837025e+00
1.994560610708924875e+00
4.378680462630899051e+00
1.874423433034204445e+00
-2.787219326542923703e+00
-2.054559588460676434e+00
8.633580448703069621e+00
4.757590639509902353e+00
2.802187710178838387e-01
4.386701875983851195e+00
2.079413566418018888e+00
2.615999979012938237e+00
4.109673829024540481e+00
4.739957093942423150e+00
2.424623839223138955e+00
-1.519743193150885352e+00
3.872953190229930787e+00
8.886519361383363957e+00
-1.418565080789851163e-01
4.621332773347020861e+00
8.351643668488335948e+00
6.787616597818310282e+00
2.904366744520040289e+00
1.118840428742203796e+00
5.457322405959379452e+00
