3.308917614114820882e+00
2.483096177509403812e+00
5.819892115443708214e+00
2.835016810460122105e+00
-4.651141993925491214e+00
2.007750428235275386e+00
6.675181684390987691e+00
2.508049491654805507e+00
-5.875241193951248775e+00
9.794431782433505873e-01
3.496363949077241351e+00
3.324938216663310797e+00
5.707781543070236552e+00
-7.468880225284468821e-03
-1.162323358577492804e+00
4.643163380918043259e+00
1.390379013612577097e+01
2.373029978088903036e+00
-3.005989804400394760e+00
9.893209654150294519e-01
-1.475953647702764382e+00
2.552690322136291545e+00
9.190692764278374227e+00
1.329986244225451752e+00
-8.655968820232284866e-01
1.104672368948028893e+00
-3.357064567607065175e+00
-2.479514450175142604e-01
3.463196762085976932e+00
8.071011447443414255e+00
-5.900876103272397089e+00
3.376243726448107108e+00
1.833776916753467434e+00
1.555194768666436023e+00
3.587254075087304095e+00
5.412818539527973094e+00
-3.033933419169985157e+00
7.704954436557223119e-01
7.853584798529433364e+00
6.680106889055649200e-01
