6.094396519766874798e-01
1.895937577788216588e+00
7.329926563829989306e+00
-2.096827211461134599e+00
4.959253978731989143e+00
4.440928761619672649e+00
3.722334013520443463e+00
1.073367418055206279e+01
9.104506509862776653e+00
1.672473155764404584e+00
2.369323957173065320e+00
3.109844676793874996e+00
3.814304466374387914e+00
3.016612115987689080e+00
2.229521313206692223e+00
3.466248548044789324e+00
2.152032856165003949e+00
1.671746566722005500e+00
6.562899227949393399e+00
5.968508099979148440e+00
-3.587882077494807032e+00
1.739491381778748735e+00
3.637908324410900285e+00
5.289902859472475072e+00
5.998236010735570112e+00
-3.222891110034313833e+00
-2.595619710501200217e+00
2.556681704059858617e+00
3.145515518386124754e+00
4.707512686292200099e-01
-2.034771579741711633e+00
6.828761339985089052e+00
-1.437280536348919835e+00
-6.581379839178344016e-01
1.824654513734910832e+00
3.756391588749838473e+00
5.405939047274046061e+00
3.644047903903713692e+00
4.500220035793284445e+00
1.898224676428803992e+00
