4.817965333781203618e+00
-3.027029554899942632e-01
-1.380082682237715908e+00
-4.829666549784642493e-01
1.824261339625019573e+00
8.885463637176552965e+00
4.152557232707927426e-01
2.589716239869469749e+00
5.801636189353430950e+00
5.608636762844826151e+00
6.084130013238431722e+00
7.364043379810152334e-01
1.982198716148321216e+00
5.949590749626094244e+00
4.744137109441113331e+00
-4.322749289976026255e+00
1.551749720911748565e+00
3.045379507512628425e+00
7.565169777388456751e+00
6.351771276576314129e+00
-2.833068113995199866e+00
4.795327262641524868e+00
7.885831802069233731e+00
8.018493831833863439e+00
1.198376224025684333e+00
9.288490539405909185e-01
5.468313513330356201e+00
1.262173915206461938e+00
-1.420598598058569584e+00
2.231891068451107962e+00
1.082657323337466337e+01
6.054554651365645412e+00
-1.372621392903427662e+00
-1.141513164052602392e+00
4.259350209652308372e+00
4.062244823191462295e+00
3.030964735322926984e+00
4.974110716046763692e+00
5.547278060806124067e+00
-3.698424085546437645e+00
