-7.488246311105716257e-01
3.041781281029521278e+00
6.691590302695940906e+00
4.951901759048943141e+00
1.300869838570762216e+00
6.092351523965454874e+00
8.623392846785138843e+00
-2.033956382392672069e+00
3.343518794264260130e+00
3.569895230788322937e+00
-3.372908169773351617e+00
1.270577165031235189e+00
-3.163015940434863449e-01
6.706393917923858083e+00
3.967218638106565276e+00
-6.954158653972531745e+00
1.169186709937189317e+00
1.275623470664728476e+00
8.030563762157953533e+00
1.428366242364592198e+00
1.535609299192665311e+00
3.814027226240454205e+00
5.383366277874202410e+00
-4.631731563521957362e+00
6.157288109783705110e-01
-6.914354907659263638e-01
2.609311864825748728e+00
3.216915465493508819e+00
3.421246837007902108e+00
6.702478699859936384e+00
-3.356764654380492985e+00
4.530584109285324956e+00
2.887641143659218645e+00
3.069414449302098724e+00
6.425612119271547407e+00
8.083508064481293331e+00
2.706063102308629009e-01
-2.179831025843651293e+00
5.041175643939777906e+00
8.166899563200395562e+00
