-3.946386974192974684e+00
2.838454627515818451e+00
4.961059719360957132e+00
8.903551581464096643e+00
3.939963472565912728e-01
-3.760703360903100645e+00
4.796639124219693073e+00
1.585011751560637006e+00
-7.504487026478239287e-01
3.496460534940527776e+00
4.652440147533297043e+00
1.514151126267282210e+00
4.647314526877290852e+00
6.199122968244847875e+00
1.105365174817187768e-01
4.292959600685253285e+00
-1.277255865836413484e+00
-1.404164862163898242e+00
4.121973973302739402e+00
6.291704586995707338e+00
4.099584787723703272e+00
4.221036024527995423e+00
-2.168329179342801005e+00
-6.300427284267107186e-01
2.300949562196970000e+00
4.198634598370897919e+00
4.530766258625703813e+00
5.972980936344704617e+00
2.641971940139239639e+00
-4.729719190368194326e+00
2.223106280320096939e+00
8.095890248934729527e+00
6.131040834422099906e+00
1.332196138658184204e+00
-4.781791760812377667e+00
1.503325474651087124e-01
-7.728034202758005122e-01
-1.510242219431202182e+00
5.224973400117439937e+00
7.330456939930911631e+00
