-2.056852244845340572e+00
-3.035119034573868113e+00
-9.112894637154091981e-01
5.513050043687004909e+00
9.013455300201425047e+00
6.283486758372717418e+00
2.363152787430439217e-02
-2.605005995438816058e+00
1.033325577063838097e+00
7.047671083310777185e+00
4.883420908756543000e+00
2.836496372050950399e+00
1.143773758437277355e+00
-3.922605306942387404e+00
2.037958209962457801e+00
6.197665775329020299e+00
4.952365130308129082e+00
-8.132112817597105803e-01
5.363302603383513834e+00
3.671783755943463401e+00
2.723042184654168363e+00
4.808012682585519393e+00
-3.692597805195754201e-01
-2.490140737591908238e-01
3.385662318423295680e+00
3.833721164282436256e+00
4.624209137835166850e+00
-3.451243199301024411e+00
-3.029287156629204780e+00
-2.164611659365440310e+00
6.926334189286343701e+00
8.508589767495866596e+00
1.708109392854172848e+00
3.635282869000521444e+00
-2.464065461270277702e+00
3.727405762074811779e+00
7.692115095614205700e+00
9.721998279016833777e+00
7.489352048271176621e+00
-1.247955053169669704e+00
