8.975051124665602842e+00
9.721648662620775427e-01
6.448235842966650644e+00
8.305070691930168891e+00
1.685977974073438634e+00
3.825397566558858653e+00
2.452401443886997434e+00
-7.685890384460458691e-02
1.890549375290883960e+00
7.208315323877608982e+00
8.401292160081879068e-01
-2.501052544245569553e+00
-6.493834767246269291e-01
-5.176858671720336869e-01
1.026826785089606675e+00
5.971422994535363848e+00
4.477982671959351846e-01
2.689385362481252706e+00
8.405827522674788055e-01
1.525890080399832982e+00
7.046915570909816573e+00
9.563635690931356237e+00
-6.223434386757539238e-01
-2.679640267960153643e+00
-4.098552941769273872e+00
-1.548939139115755870e-01
8.655837685016360084e+00
5.688690696491418564e-01
1.285812620903743486e+00
1.495945557308617502e-01
6.144133065257879167e+00
-1.112998250618926654e+00
-1.331557370988660560e+00
3.363026676985695573e+00
8.143808115925398994e+00
7.464598516564061370e+00
3.566255698133835583e+00
-5.623513744842901785e-01
-3.529270802027502540e+00
1.273971817401107431e+00
