3.213634850060907766e+00
1.700220641093626917e+00
3.251860901424214134e+00
4.097331988452394214e+00
-3.409228143357696084e+00
1.934084862913092895e+00
3.555556529197464677e+00
7.461575930344918284e+00
-2.854318844776462694e+00
3.301799110441734353e-01
-2.339497615479529946e-01
2.792208025936321558e+00
6.896729052850369968e+00
-1.765307660519484789e-01
-2.199414927856153668e+00
2.427224115017289741e+00
1.244095493480126713e+01
5.302162501927666582e+00
4.057466502760145310e+00
1.202148102647179195e+00
-1.439515245104898922e+00
4.254403030204256808e+00
1.008952398987980992e+01
4.423680185137835785e+00
2.014339435052051375e+00
-7.091649998684754763e-01
-4.192305919396855707e+00
1.542453627158201890e+00
3.542283922750006919e+00
8.713697757932511223e+00
-4.082738287319821247e+00
4.276310925437777632e-02
-5.218860545501005088e-01
-5.670746825127377377e-01
3.197311293669361287e+00
4.166335833813345602e+00
-1.706805418421456055e+00
5.176073011672258639e-01
5.439298396470500840e+00
-2.120540655428857502e+00
