-3.410146978198220324e+00
2.083213615751281278e+00
4.897352068310813600e+00
1.022313782702274354e+00
3.573648372452208566e+00
5.832553835975236467e+00
-8.894059345622391533e-01
2.216494808478213230e+00
7.060341270706182115e+00
-4.027296462694426538e+00
-3.167758150101635639e+00
-1.264986195198828600e+00
7.396402534615567959e+00
1.229783000002393489e-02
-2.421537787211365256e+00
1.004814067218726237e+00
6.924169175060573167e+00
7.574837545183941145e+00
-7.652226194215465682e-01
-7.484841405328355179e-01
8.246748805913831859e+00
8.462528070849705264e-01
-2.572025325815172181e+00
7.550485368237003225e-01
6.660258774092646661e+00
1.475477519418640471e+00
-4.201192672279468354e+00
1.709360289839454428e+00
1.014487971546044065e+01
6.355192060624980321e+00
2.765064054417661676e+00
-6.181814863449528463e-01
-3.894171225194974717e+00
3.605982905937866745e-01
3.006724569873965969e+00
3.866504165724110376e+00
4.841573824353655020e+00
1.860656730525288793e+00
-6.830490839954917348e+00
1.988127143013966869e+00
