-4.525586512796692773e+00
-5.440028446321954370e+00
1.485511927973856450e+00
1.162769949369249467e+01
3.598072804604977915e+00
8.073961675860305220e+00
3.020872855738680585e+00
8.695486232310427610e-01
6.356281213870930813e+00
-1.606322874438123716e+00
-2.122940662463845829e-01
-3.320349778368728799e+00
6.817373673256855504e+00
5.984862738003046800e+00
4.992198596897113871e-01
2.643168512272265236e+00
2.701762119819307806e+00
7.521266874048273543e+00
2.246653385056032626e+00
-2.012960751762332912e+00
3.692982744338715762e+00
7.522806856486527138e+00
-1.336982252681830685e+00
3.980508429890015965e+00
9.991754078486911439e+00
1.423016713082614793e+00
-6.479415718903401178e+00
2.016491479079478566e-01
2.180787067664950563e+00
4.934820866941215023e+00
4.128740334649686261e+00
6.694887758221096163e+00
1.315616400988098844e+00
-4.943643294368346375e+00
2.946579397896877062e+00
4.686254140607537089e+00
-2.154963764295954043e+00
1.242452314891391074e+00
4.745098584699526612e+00
-2.235997836856035370e+00
