-9.259448504511524902e-01
2.789581497076044414e+00
6.735706044490505029e+00
5.433153170958176403e+00
-4.663257582620449426e+00
-4.988925403927477187e-01
-5.567406286526490611e-01
6.295935026052021932e+00
-2.713604540683267174e+00
1.026239907108970284e+00
-1.480280112511840773e+00
6.621784119655819367e+00
1.597961026898764292e+00
-3.283991825902823791e+00
8.626511045746507733e-01
3.657284285401708246e+00
1.149363547442992850e+00
6.092422299539160591e+00
-7.064803126692522639e-01
5.060784136190262794e-01
1.807947168364790080e+00
1.992156852585562410e+00
6.880039174455149009e+00
4.286737619123435650e+00
-7.110476805136981548e-01
2.235405527738869580e+00
1.225663733446736003e+01
2.251797831937287775e-01
1.810255509913652805e+00
2.451296958420985383e+00
-7.260220020136990415e-01
1.103013185261463303e+00
8.513641242855532809e+00
-3.053297628752144277e+00
1.929744596173817550e+00
3.658838362229391850e-01
4.470147986122816164e+00
6.983322213649921117e+00
-8.790694159135461483e-01
5.256880621240896723e+00
