5.436697256034940473e+00
-1.676941840392656147e+00
-3.557984212713551031e+00
3.142882812466442743e+00
5.933752762709504580e+00
6.757706526010441195e+00
-1.697268777085215508e+00
-2.564654656250221265e+00
4.935385366857691913e-01
6.744210301082131487e+00
2.839851822080425414e+00
-4.842475940235366316e+00
-8.936466985741603475e-02
2.185555948623283840e+00
7.424042185725538978e+00
5.160475917193559248e+00
-7.522516949376096829e-01
-2.840165167439043792e+00
1.388286885856549357e+00
2.592071122465917643e+00
6.521405473743248749e+00
-1.224495328396469240e+00
-1.616050901985962573e+00
1.092224337125963229e-01
9.411150689937571201e+00
3.604296925183840372e+00
-4.805039251264872746e+00
-2.399872110594065966e-02
1.724706397335223462e+00
8.109259154867425323e+00
3.427710171390103699e+00
-2.577879257935097979e+00
1.032880089688131608e+00
-4.764845547542140292e-03
1.865179066326882795e+00
5.104153797650228697e+00
7.674579295790742606e+00
-2.153857581875040950e+00
2.069955123439535694e+00
3.922641553943950754e+00
