-2.442122790291109791e+00
4.779036723459402225e-01
9.997515396207493632e-01
5.630285098751212303e+00
5.788658273778870544e+00
-4.014110892907636341e+00
3.762629333623125127e+00
4.048394329970035344e+00
2.636603441393027492e+00
3.948271914251171744e+00
4.762670590440937879e+00
-1.266023023703699346e+00
-9.984348302268607478e-01
3.544556511200461224e-01
1.072657150365626855e+01
-2.297205046554488650e+00
-1.923496891581375712e+00
-6.070749474393034584e-01
-1.694187489059509666e+00
1.238918211701980798e+00
8.509913851724508760e+00
5.155870633570489581e+00
6.388267841208178366e-01
1.143772880083812948e+00
-1.758266070665852610e-01
2.579224869935881514e+00
7.932983946669954989e+00
4.325722062144871316e+00
-3.214117020030669014e+00
1.745807591380206469e+00
6.602228834494868082e+00
5.311855602409824684e+00
-5.830160715575532393e+00
5.072661714746209416e-01
-8.471384910320661765e-01
4.126009430212238094e+00
3.971350434479113289e+00
1.151122027352274035e-01
4.072096241652245041e+00
9.978590616115587508e+00
