-1.708061375153822281e+00
1.018065398730963356e+00
1.202563956543912932e-01
2.583107782017639131e+00
7.544247671812932765e+00
-2.566441921704238460e+00
-1.708981171111412234e+00
1.560113657249324604e-01
4.006026833568920309e-01
4.404680562294304380e+00
8.652915995020764584e+00
1.026525741882958087e+00
4.309105744227135659e+00
5.909612006895643255e+00
-1.180599125728390764e+00
-4.463655580554490854e-01
-9.242688297381951301e-01
-1.271028363569177921e+00
7.567578253206523442e+00
-4.771864339688325352e-01
-9.262341185357234608e-01
-9.749858049944846172e-01
1.186048657688947516e+00
6.775176223012641330e+00
7.733399062616253872e+00
-3.153252557811111245e+00
-3.571093991152526570e+00
1.670234994271135032e-01
6.590106370825898452e+00
2.603564187598688573e+00
-4.284991738097575720e+00
2.001640815571150145e-01
-1.287427869925314994e-01
-7.723451273328683087e-01
4.479573517059113996e+00
4.788728433611748159e+00
-4.487747542703430348e+00
1.902930187522340999e+00
9.581669903324016246e+00
3.895293679552009891e+00
