1.020949331453177855e+01
-3.355530447556265283e+00
2.510009352798800553e+00
3.894102637782947962e-03
-7.851435759831834060e-01
4.018302072267561975e+00
8.164360105510391818e+00
2.596290294854488145e+00
1.485617993544856796e+00
-1.581460318659678510e+00
-2.253574798441213556e-01
2.933200628642451124e-01
9.427714898544426347e+00
5.947871569724429847e-02
-7.254130692566773675e-01
6.880643104584137637e-01
3.397824488531057785e+00
8.720637180229676488e+00
-2.406950489184722652e+00
-1.624687837185928352e+00
1.888006081057800989e+00
6.706839785874571191e+00
-1.505511705583547855e+00
3.523775415724931914e+00
5.076743123408608227e+00
7.330750161137009613e+00
7.439171397828868493e+00
2.043094586272590441e+00
4.185408879281286687e+00
4.495506285600726848e+00
2.885003986846539803e+00
3.052346147334385140e+00
-2.775383820442788529e+00
-2.394965202959889794e+00
1.112622774279332427e+00
3.311514835381633493e+00
5.584647781299569402e+00
1.422125492888922427e+00
-3.376742039182218491e+00
-4.479909202053646844e-01
