1.823166961006231102e+00
7.420148843466717992e+00
5.188667822854596601e+00
-5.863822800835838400e+00
2.915264244404708549e+00
9.750635557328028113e+00
2.901893101988374912e+00
-2.425520819369884951e+00
2.809109535105693278e-01
7.493297548277911835e-01
4.820474411869536624e+00
7.830063512460825770e+00
-6.248936630766017686e-01
-3.086472569073260841e-01
-1.060299732713061660e+00
1.735330175310134226e+00
6.990973635472379932e+00
4.810448624029214137e+00
-4.951190582198128354e-01
3.297389806771622300e-01
5.102474643700015910e+00
6.949879132657290626e+00
-2.499626632174095420e+00
7.809315647621324352e-01
6.364586103490001978e-01
1.595506897265267066e+00
9.739587350775355645e+00
1.153848690424002177e+00
1.288647226165969828e+00
2.569472350562966412e+00
2.682157165392594855e+00
3.896134318166353694e+00
5.264533905960081306e+00
-1.022377520300724818e+00
-2.144363466123146100e+00
-1.621700747082723548e-01
1.003094540415661307e+01
-1.179725389600276841e-01
-1.665754867952175200e+00
5.379837349712309758e-01
