4.525030511903625374e+00
1.209983945451860610e+00
4.948116165364941921e+00
4.529545294423787283e+00
-5.618953458435767878e+00
4.924608704332814391e+00
3.963409999779835768e+00
6.172226042496559373e+00
8.248323692293523024e+00
3.275863639236702873e+00
4.912549765948750036e+00
2.531382157059463456e+00
-8.293073786354001609e-01
4.359956879717480582e+00
5.402988103510620199e+00
-2.691024941389716929e-01
3.989032745888228870e+00
7.456601231021823928e+00
-9.145417817223715495e-01
-3.427068632431143236e+00
9.831989137712759952e-01
4.970787871695974580e+00
6.317123345345352803e+00
4.142559940191584467e+00
1.363782558769078168e+00
-1.775658987253102339e+00
3.179792534746779253e+00
3.207032229104170629e+00
7.045154170709453822e+00
5.882928508400745438e-01
-2.943389540677701532e+00
6.077430237974560390e-01
3.449987461830849256e+00
1.036796066608908795e+01
-2.196764088666590675e-01
-1.034850642727268122e+00
2.008496510603656748e+00
-1.681517308128688715e+00
-1.468641166929631314e+00
6.211404352229314085e+00
