7.419111015717262170e+00
3.293775282665142967e+00
4.622153026385105612e+00
-2.270005805887158612e+00
-1.226123415481115808e+00
-3.578904922355822471e+00
1.535568493522854405e+00
5.100736161128806678e+00
-1.609940180181905101e+00
3.402546219169125585e+00
4.996895174288705554e+00
4.961245937384928695e+00
-3.920549974235363777e+00
-2.987739789217712105e-01
-3.477059264781270809e+00
6.966296928551686030e+00
3.716749352067743484e+00
-8.482537619486990588e-01
2.574687044855460627e+00
7.356009816518796818e+00
2.758473854743619835e+00
-1.413970417334800223e+00
3.607253981804413812e+00
7.475107025311763742e+00
3.078588428212016392e+00
-2.601319066189956564e-01
-2.335500468390461493e-01
4.102264822038573122e+00
8.021083707057801604e+00
2.411217592940324561e+00
9.173016177653107173e-01
-1.867712414439393731e+00
-7.779883268728139400e-01
9.523288984237967547e-01
5.510470961372222476e+00
2.573893526697094369e+00
-2.559194852496476269e+00
9.357528331715703196e-02
-3.076247372337282293e+00
1.794444816099574735e+00
