-3.809523665987782914e-01
1.417553940864375361e+00
2.105574696438201165e+00
4.601021586370610983e+00
4.417188598493475005e-01
-2.494535155142195038e+00
-1.392755223367974304e+00
1.037672455819767059e+01
1.035127781639719746e+00
-2.537574761901647324e+00
-1.583440830884229600e+00
1.041987389354122939e+00
2.993812275586921423e+00
5.439517541613768437e+00
-1.435865598530533083e+00
-3.025371452525393856e+00
2.165717480782618054e+00
5.645520813623467582e+00
3.425888629030358512e+00
4.518398734499698755e+00
4.153328797612656942e+00
8.103285537048091070e-02
4.183090760708840783e+00
5.050104889425742982e+00
4.378675659931580810e+00
-2.150743668454105695e+00
-1.778508085963127705e+00
-6.669868796983202675e-01
6.179690411665335503e+00
2.360388099268655893e+00
-5.341313900052963248e+00
8.600360666086397377e-01
9.091470692216955030e+00
2.816233739971631067e+00
-3.015301444682176868e+00
7.695489338552102820e-01
2.377394245969616238e-01
1.686788586856660777e+00
1.033906015213957552e+01
-1.991834157876718470e+00
