1.573448752500111736e+00
2.276426622911461584e-01
-8.755476080570855357e-01
2.311494546755561874e+00
7.720123920486492430e+00
5.617684706147580975e-01
-3.707960503327267343e+00
-3.695540986787350657e-01
-3.764461059050474567e-01
4.019748841013679908e+00
8.431557346943021614e+00
2.397806568001291938e-01
4.098203879647610570e+00
6.042244067711963318e+00
1.221595182856176853e+00
-1.390903873040979510e+00
-2.001161453819132685e+00
-9.691025815678864230e-01
7.591605591586203516e+00
-9.950818684289592930e-01
-2.651868921346023367e+00
-1.523698542574436043e+00
1.518715510364406329e+00
5.324230300346095568e+00
8.239321642943592039e+00
4.988294475608342715e+00
-4.407300475013904872e+00
1.840228906302961320e+00
5.291462551788996826e+00
5.247271740317481559e+00
-2.677565400975324028e+00
-2.274357216057723896e+00
-7.806525931374238558e-01
-1.407482936382208116e+00
4.805717829324898105e+00
6.097434013998256574e+00
-4.593390827667058751e+00
2.784624386294199727e+00
7.257727012996477711e+00
5.963600593923925608e+00
