4.700765088664276448e+00
5.082982922041098028e+00
4.264992532946336290e+00
5.947363924265746782e+00
-5.240409254630837843e-01
5.769513244320244816e+00
3.870948714210353359e+00
5.499620580756622523e+00
1.034608645666794402e+01
3.358109592730590176e+00
3.770503511083362902e+00
4.171631148075317874e+00
1.932094654347757956e+00
4.346388934056732545e+00
1.657544646935984189e-01
1.113395686278974700e-01
1.101272827410024302e+00
8.299771268551879189e+00
4.719150855583632342e+00
2.005724482969280409e+00
3.662612209990148138e+00
4.434282446094387709e+00
7.512284164622855975e+00
7.189499475257941974e+00
1.140731410094122822e+00
4.519604043970933738e+00
7.056393289272668845e+00
3.336064748163608318e+00
1.836226976812303402e+00
-7.639073910733691353e-01
-7.768505260940068435e-01
2.652337602960492258e-01
1.064640509192132534e+01
3.493400374238344597e-01
-2.226561914209147286e+00
2.227128552448071730e+00
3.500245250121607032e+00
5.987259666078725395e+00
5.464012168179490203e+00
-2.082857589629954820e+00
