1.061264339128899614e+00
-3.347784392993610414e+00
6.838208728988850460e-01
2.663581164720776329e+00
6.574438248121660777e+00
8.425338551980921409e+00
4.845822334748600135e-01
-1.668399123359850078e+00
3.545686175613353086e+00
6.489306125582422702e+00
2.749015326324957265e+00
3.906053349402711650e+00
2.491739511257714756e+00
-3.243142121421844326e+00
1.303328374837076753e+00
2.539411774842537550e+00
6.412899062237906733e+00
2.792528992405546084e+00
-4.213743956419958359e+00
-6.137751110904460239e-02
9.642654363246991878e-01
1.922703421663560786e+00
5.803845669594256407e+00
7.279036639259263808e+00
-5.349267816287540667e-01
4.913228355973706662e+00
4.110730108605147315e+00
2.431346190625479409e+00
4.691222534105309983e+00
4.999021007831006003e+00
-1.567218057708340995e+00
3.431231021699525652e+00
4.710228545602277883e+00
6.144467495072568397e+00
5.878362662519321269e+00
-8.357297637548125602e-01
4.275664939096628814e+00
6.085790136998012301e+00
2.866087563592528475e+00
3.361032262549360716e+00
