6.833021237328039454e+00
-2.342514759151295145e+00
-2.003097203699879980e+00
-3.515650587899832757e+00
6.242828830896045567e+00
3.892009340659500438e+00
1.021758497409167132e+00
2.732012778572591838e+00
8.923259069536973342e+00
6.625186063846766338e+00
-1.171892569744210078e-01
3.433903813140227967e+00
-1.104652694435504845e+00
-4.842487163227121583e-01
3.805183958518857379e-01
-1.174769197896877726e+00
4.991157356066934447e+00
2.933079747016632766e+00
-3.085392383339607747e+00
3.284297435044651436e+00
8.094373240721051133e+00
5.407384595881359779e+00
4.931797036170054049e+00
1.555398389362464329e+00
-2.333300480337873406e+00
6.719520963783137679e-02
3.765391882538675628e+00
9.248790603077560846e+00
-1.770344655994104954e+00
-1.366829494851628857e+00
-1.549814097880795050e+00
-5.134446374152681347e-01
4.971722632466127223e+00
5.086719722381157105e+00
3.476769096458187658e+00
5.522846415794192332e+00
2.083938177759340871e+00
-3.504905857671971603e+00
8.539894997628237894e-01
1.586885794182102405e+00
