5.765644693201674720e+00
7.394134817568694729e+00
2.588204767574715071e+00
4.529886996668895272e+00
5.360788206913384535e+00
-1.124483949594311971e+00
2.530321917240712093e-01
-1.790203562675676485e+00
9.396505686355101084e-01
7.285156561543702836e+00
2.098325455216758506e+00
-2.433593079089640288e+00
4.103849660580828895e-01
2.889852555742481233e+00
1.047158260328367163e+01
-2.576440537466385017e+00
4.431882516668683714e-01
4.725962752572992476e-01
1.665554936465293512e+00
4.763798600238818182e+00
3.315992053164040776e+00
-3.574457934965635353e+00
1.673015106847255407e+00
3.185168852662459749e+00
6.836851809596576679e+00
-2.062937918114336799e+00
-4.131451378035981836e-01
8.524036997367552271e-01
1.190912638617028341e+00
8.223903564248823628e+00
-4.570818011713154716e-01
-5.086159139516459149e+00
-3.789389991855473538e-01
9.254151616188723395e+00
1.404793155273303285e+00
-4.662616227093382193e+00
-1.281504578947707307e+00
2.014542356575776072e+00
6.705947093316489749e+00
4.667809874206676923e+00
