-1.286912071319904705e+00
2.821577805830281505e-01
8.994306215703387508e+00
6.547858466732102700e-01
-5.213923809298897094e-01
6.254373109375602757e-01
4.363328909474253336e+00
6.308052771751244236e+00
4.282234982936035550e+00
2.293380783373690335e+00
-1.740000766968424095e+00
2.543867814594676258e+00
5.627466800899951771e+00
7.311594283482313550e+00
1.916954699486176805e+00
-3.661937558534054671e-01
5.481650285202590567e+00
8.489357822228969397e+00
-1.580993063440369939e+00
3.071835801198983695e+00
2.734327231036393080e-01
1.001951704941179022e+00
2.101984648970293357e+00
6.572068084570708457e+00
-1.472584453966121476e+00
-5.807347621214875577e-01
5.366721129142202340e-01
7.621900172855457178e+00
1.535715321042844916e+00
-3.592910818743518586e+00
-1.034192659905677214e+00
1.515734030613882011e+00
7.934275922744291165e+00
-7.042532539646350065e-01
-3.882589391027295278e+00
1.688255610321814038e+00
2.848475006072603399e+00
4.599016178932800791e+00
8.973325201561994646e+00
-4.997621901872281391e+00
