3.708405438585295144e+00
-4.692844328780844121e-01
6.460779273071148854e-03
-2.948230217328764446e-01
3.123185311665841013e+00
6.976470638324317797e+00
-3.605150165864378309e+00
2.376321582737707772e+00
-1.043592578905128354e+00
1.395494111804063131e-01
7.555362251610137081e-01
4.763425227978236087e+00
3.246759323076212844e+00
-3.795283797931163328e+00
1.454728941188258018e+00
7.100706616370239921e+00
6.131377860240559308e+00
-2.713625139475122960e+00
1.404539813921811042e+00
5.181188079147838188e-01
7.845814002088568051e-01
1.595201315802976305e+00
5.221555562960508823e+00
2.475743326553955015e+00
-3.795173339444031679e+00
4.136466560782600332e+00
6.268923395442234536e+00
3.978122326327801606e+00
6.051222147254100570e+00
-2.103296177740412887e+00
-2.284532820828684585e+00
2.364357482929123400e+00
5.517113348037259613e+00
5.555848488445944255e+00
5.861493182757053333e+00
-2.762514269715448112e+00
8.007237486619688260e-01
5.310814588220250876e+00
8.395977983592482374e+00
-5.061127256322117685e-01
