8.652563705881423317e+00
-2.028358266616587524e-01
-3.184068263382361152e+00
-4.019375106036134349e-01
2.225071109435674099e+00
-1.834315529103716647e-02
1.051176647145311227e+00
6.600511779728785555e+00
5.690358184310014167e+00
3.435096047991184509e+00
2.454315954033036373e+00
-3.838195288198807731e+00
-1.006932393023459271e+00
1.899810720807086240e+00
4.670052018851192699e+00
6.510662016675387243e+00
-1.485104672519893532e-02
-2.008335695485048422e+00
1.480399238886631386e+00
8.511452154703489370e+00
-1.372432616343030265e+00
1.565376234115772869e+00
4.460758378180400996e+00
7.310135316991590138e+00
-2.247467451668247129e+00
2.430971740300023498e+00
2.942162997846094363e+00
6.431851680579219632e+00
4.940003737160623132e+00
-2.792367164326073237e+00
4.043350416072621023e+00
1.986759976103397829e+00
1.340522447501622194e+00
3.251931778412701313e+00
5.726251518585626421e+00
-1.684368305630633555e+00
-2.692775992654201089e-01
3.053759126226406551e+00
1.310010056409912194e+00
2.053304903457611630e+00
