5.217206666506258195e+00
9.908426165663611229e+00
2.911170056545706153e+00
-4.008067794720939325e+00
-1.641115765210208854e+00
-8.253828141890711123e-01
4.222518991751175399e+00
1.871137981433068864e+00
6.196340527842953971e-01
1.388580523122367127e+00
5.467736802560792420e+00
7.431789279486452848e+00
-1.600395196413833876e+00
1.092586124522516799e+00
-2.576491601042141255e-01
4.019172156843207611e-01
1.106348435000306107e+00
6.700743773497789491e+00
1.379972844416609057e+00
-6.188375598887234652e+00
1.014472054383941391e+00
5.608838398814756765e+00
5.170311672986793283e+00
-2.751244423819348972e-01
3.574989732820068600e+00
8.444777355606575497e+00
-2.081437957426427676e+00
-4.199335363360179318e-01
2.946954779508230704e+00
1.011131651449108304e+01
-3.099441135344881415e-01
-2.239218333400531780e+00
-1.559490416613110497e+00
7.737013753616054368e-01
6.380102156750511178e+00
6.203360482844978208e+00
2.800569318843240119e+00
3.327796251428044583e-01
-4.018508159087292420e+00
4.946809839248152429e-01
