1.029165147788028989e+01
-1.397420181370979009e+00
-9.639021033922301473e-01
-2.599274100555310607e+00
-1.764149781187270172e+00
4.163692302690030544e+00
6.813335744205989641e+00
1.213505270832488270e+00
4.335917173029779192e+00
7.691265288145907597e+00
-4.140943596157621309e-01
-4.546899719645185467e-01
4.405731696282852106e+00
3.651311312407213627e+00
-4.802038001498487141e+00
1.511403553793356558e+00
2.946195021034784478e+00
5.638078728422232899e+00
7.325569778027280599e+00
1.239909915956106889e+00
-1.328840812415256201e+00
4.643357696924388378e+00
6.001842483501986791e+00
2.731884847034436792e+00
4.263094987978399253e+00
2.135642583334299349e+00
-2.872695695607421218e+00
1.144453986561554393e+00
1.387707247416025913e+00
7.277992558083537844e+00
-1.923662144158111209e+00
-7.321233601903912591e-01
2.290469494913119353e-01
6.950210795224423421e+00
5.012150691430683480e+00
-3.132106887701295861e+00
-9.744225430934417842e-01
9.370010867897388129e-01
1.083628520169050091e+00
5.526308347762528328e+00
