-7.338508243431119960e-01
2.721245970531779079e+00
8.589712697274597630e+00
-1.174848402753823295e+00
-1.161556368831059061e+00
7.031753207652002846e-01
6.143304079701126241e+00
3.441309593034505898e+00
-3.210329396139437907e+00
3.233511259495751577e+00
5.534049878775010534e+00
5.723608544854243974e+00
3.283834427816372692e+00
-2.740360478244513676e+00
3.270416685984155691e+00
6.816001119549227383e+00
6.212522078509904233e+00
-3.065747623779790376e-01
-1.959998643721001299e+00
4.133086879421560056e+00
7.140645750942222314e+00
3.653107917344541988e+00
4.400499109888841964e+00
1.771106580855761559e+00
-5.065888717369402272e-01
3.619269415611758411e+00
6.540552729801071941e+00
-4.562437764852888655e+00
1.280741381873645723e-02
4.241085538669097654e-01
2.522001472098977626e+00
5.496884883432199054e+00
4.145239879870777244e+00
-2.755973288290480827e+00
3.390196021166028029e+00
7.847923280813155600e+00
6.002061549092484682e+00
5.245566674817491837e+00
4.748322241153138279e+00
-4.384008017034384252e-01
