3.093161786481622322e+00
3.586790691801127196e+00
4.526031217476162105e+00
9.754759195805144500e+00
4.496367839416300249e+00
-8.075543836152807575e-01
3.180097926653449480e+00
-8.874171394004142233e-01
-1.116376174590135495e+00
-6.178548426635225299e-01
3.930789485628872981e+00
5.980108020156971627e+00
3.792611871444004468e+00
3.210958541725798199e+00
-1.719893104912016968e+00
-2.218822981509092518e+00
5.837405831334828710e-01
5.607538149047501363e+00
8.975387035371454658e+00
1.194624136923494673e+00
-2.373140704340281015e+00
3.577132430314204026e+00
5.462293952355327775e+00
-1.668051077155183304e+00
2.680839488246261393e+00
6.309484635879115011e+00
6.252502746631511954e+00
-1.186598187924045922e+00
3.942533026277005970e+00
4.139802758044564435e+00
5.299018315041279514e+00
7.528010428311334934e+00
-2.143121324690686169e+00
1.029228330541003489e+00
2.806470523137948092e+00
1.817779316517762478e+00
3.239033597308578205e+00
8.129799754197021500e+00
-1.786732899326926916e+00
-2.186037376473857652e+00
