4.978734779632563168e+00
4.226834894081889615e+00
9.407786743186086653e+00
-2.424617626256405645e-01
-1.794589744459238911e+00
5.764210517109357390e+00
3.172389404486366971e+00
1.299396421008349511e+00
2.626275642713578939e+00
5.421351513793180921e+00
6.651864572035783851e+00
-3.981691829564963370e-01
3.769275704903559010e+00
6.117582652799762322e+00
-2.981866751855021813e-01
-3.808098897003492578e+00
2.107025333834593894e+00
7.834855324870281246e-01
4.116538954925863081e+00
8.723299559616375376e+00
-1.119536537759845629e+00
2.817868314414881059e+00
8.716080027320363133e-01
1.315967826811605068e+00
2.879393599705613482e+00
5.730567417565274546e+00
4.823835785403280951e-01
-3.045930487974512602e+00
1.318075258364684421e+00
6.968181358841506245e+00
2.848871969552254857e+00
-4.472386094324074968e+00
2.670572751648950138e+00
2.892098189622489546e+00
3.995515775712892736e+00
6.389718000128373099e+00
3.099670322800671118e-02
-2.292120647078624618e+00
-7.680341089765084783e-01
5.318913091433953078e+00
