1.661230413446483922e+00
-1.159503297303975167e+00
5.751373465444120647e+00
3.387977328424283119e+00
-4.002331428510603750e+00
-1.058280630086370966e+00
8.284635839135553681e+00
3.133966129724830463e+00
-3.823987058894505742e-01
-1.328910361714888522e+00
-1.609071580332516405e+00
7.690896252473018002e+00
4.816023103036398467e+00
-5.124661897004024524e+00
3.659298565724547814e+00
6.386158187260496000e+00
3.413935862014124911e+00
-9.013767039882631948e-01
1.428525198705989485e+00
2.022472063804046538e+00
7.404301342750609471e+00
-1.118950080357666410e+00
1.592098515114709789e+00
8.729505514126615351e-01
3.307130500597895484e+00
5.977598241421751446e+00
-2.967994623731440740e+00
2.618842301703336428e+00
1.235027352809770829e+00
1.649151883102016214e+00
5.273142875367354598e+00
3.239040718853739786e+00
-4.243489132604507219e+00
1.353166830666096887e+00
5.055236232417051889e-01
3.860952367367990856e+00
3.041832131673732675e+00
-3.890410843434326083e+00
-1.375544586683466797e+00
8.315944837245606180e+00
