-3.526015731797414787e+00
2.992769169109738225e+00
4.014263959022444261e+00
2.503763657366661732e+00
4.901618304807272786e+00
2.986717234549248978e+00
-1.785872796681444719e+00
3.097275017593045021e+00
9.870939566760059236e+00
2.399523021761557295e+00
-1.213466908868964023e+00
-1.403012864899956247e-01
3.852656938799076780e+00
1.020053902641794963e+01
2.922805014519415323e+00
-7.965366090120390430e-01
1.481243026824931697e+00
6.233406921244977639e+00
7.398095229436959741e+00
-3.047629305179136772e+00
1.113430503681812622e-01
-8.020097008312511155e-01
9.998962462148909269e-01
8.512375559554339333e+00
-1.205625120178053677e+00
-6.920961699776952136e-02
6.995516230933985780e-01
2.096568554320219047e+00
4.610884654767349211e+00
6.477056315772978579e+00
-2.045502932970574506e+00
3.194685086115375494e+00
4.422089368116881580e+00
5.438186804349344428e+00
4.678611062038903867e+00
-2.480879929211076362e+00
-2.182242360106690704e+00
-1.563446301042592523e+00
1.034535482659807748e+01
1.910141480101419154e+00
