2.960769332007009869e+00
4.617419124918669127e+00
5.432387124677742207e+00
5.483625777254878209e+00
2.511005824528709685e+00
-8.442584657292816486e-01
-1.713457286019320014e+00
3.508368369752601912e-01
3.959530292972868182e+00
9.932295591666772339e+00
-2.013615407532733492e+00
1.392787043417071047e+00
4.064821758659286743e+00
9.404761152809104630e+00
3.696071636844666664e+00
7.865279272862026883e-01
2.942461824532577985e+00
-2.917866453349150735e+00
1.703573363180520106e+00
1.785771754926906763e+00
7.254225840953588467e+00
7.994268766641945412e-01
-6.511934561349445261e+00
7.060661676399923592e-02
5.443770408233873148e+00
7.428526736281672704e+00
2.458220463302235981e+00
4.759523019142060107e+00
5.200521884058033173e+00
8.693527328495992412e-01
5.585036793275731881e+00
8.373906748302708536e+00
9.271243174884211680e-01
1.802773971930757169e+00
5.564201398915944452e-01
3.686210589794728598e+00
4.794790075273841268e+00
7.259196063928014198e+00
8.680917806249546231e+00
-1.730628270386323830e+00
