2.159252873099625436e+00
6.880753414592974515e+00
1.060825032321981443e+00
-3.929794906279565403e+00
5.826519835812608017e-01
-6.990736317729549787e-02
4.853121635197999773e+00
5.385499243838101968e+00
-3.137195542475879950e+00
5.222062067803876495e+00
5.887269281732786297e+00
4.402472086327355427e+00
7.296440899611849495e+00
-2.567980712342407212e+00
1.997034737663769377e+00
3.721935407588235822e+00
6.555704944847060567e+00
6.670140499372225751e-01
-5.261420737472019660e+00
-7.428499564083351769e-01
-1.143321321751884279e+00
7.616734276044685892e+00
6.157533087291853668e+00
-1.780598991598939085e+00
-8.183119500445651395e-01
6.112587868615120268e-01
1.215934887404812148e+00
7.533855238166625057e+00
3.209381470535227265e+00
3.887207565705740886e-01
3.432742276365435163e+00
8.145305037979378326e+00
5.038171037325366086e+00
-1.422386769854326882e+00
3.870186786943683455e+00
7.509869945998453922e+00
2.860624057748759608e+00
1.591658658851913266e+00
8.424552751679063034e-01
-6.627743124976812616e-01
