-2.044955939348247043e+00
1.048122714025498059e+00
2.386832506368357976e+00
5.248367322387657019e+00
3.930496579443886418e+00
-3.041668247055273611e+00
3.833470983806516408e+00
3.963089912958628780e+00
3.850145929001091538e+00
8.626395331348479800e+00
9.576195861357447159e-01
1.596054561471564659e+00
5.226859927107790682e+00
2.290161945997788440e+00
-4.970772563933024024e+00
4.815757978090131175e+00
3.639757821472861199e+00
6.399666534252649086e+00
8.489639111439837293e+00
3.102343085491236607e+00
4.971537776358903926e+00
7.199772037955991522e+00
3.360870195652065018e+00
1.954674938947593477e+00
5.631155358983650494e+00
6.907445502843025942e+00
4.072890825587873742e+00
3.206224383577967796e+00
-1.681911539396493627e+00
-2.978291515039241055e+00
-5.663591410775077328e-01
4.971319393414756149e+00
1.000120672074850958e+01
4.476592236481271581e-01
4.259936476871668987e+00
4.866935357219072777e+00
1.151104268124061303e+00
4.053890141956506987e+00
7.722357177905017522e+00
-1.610148722816618472e+00
