2.999787011389095426e+00
-1.275424705411989379e+00
-1.204617033794345593e+00
-9.346667775280532720e-01
3.153291107773139590e+00
7.797129637051062545e+00
-2.826592413833752815e+00
-1.552825419624556558e+00
-2.232344495407780904e+00
-6.683904970248942812e-01
1.855049695342947114e-01
4.235665385561818042e+00
4.773421984947034069e+00
-3.849839263113799426e+00
1.654495746869613537e+00
5.084766338808482722e+00
7.920134693068257015e+00
4.476610986525467739e-01
-1.859966821443146123e-01
-4.171749714135428722e-01
3.075527844241369296e-02
7.047357020759270618e-01
4.578257454875241272e+00
4.697698640177504714e+00
-4.830040303119021772e+00
4.146944649119899573e+00
2.697845395183566364e+00
2.296418101887172547e+00
7.655557708027496133e+00
1.408963048618070868e+00
-3.574625657628044184e+00
3.251197570538696180e+00
3.016455056520054967e+00
3.237006277493764905e+00
8.623428821236791109e+00
-6.531515000920856684e-01
-3.677815071397669278e-01
4.720571029540859165e+00
8.719859750011631050e+00
3.970066743595080522e-02
