9.876134693437018441e+00
4.975596818953540001e+00
-4.878504227841306218e+00
-3.131236614204480073e+00
-6.816513485802258021e-01
5.230759148229298106e+00
2.870179391898011634e+00
2.846443198541457331e+00
5.532464571585336444e+00
9.407135904495942391e-01
-3.125294501960340643e+00
2.594138501105825334e+00
8.929682460315815362e+00
3.029567886969554813e+00
-6.332211201162954994e-01
-7.647582080733567045e-01
1.887517592099353214e+00
8.060826496994778267e+00
6.565194110233171898e+00
-1.490077699674514200e+00
3.305172573553375681e+00
6.418897378067524251e+00
-2.182494610807767632e+00
-7.615957534045579846e-01
1.264105237947887039e-01
4.361496534165929972e+00
6.815745466129255803e+00
1.846023983616346786e+00
5.734789109760355608e+00
3.705241273056821161e+00
2.080629909973043645e+00
5.287381405865819062e+00
2.291731945464982267e+00
-5.591627322768986552e+00
7.171450025299136444e-01
-1.917482006438685715e+00
4.803963139750612399e+00
5.424095333017716847e+00
-2.962845482060964653e+00
2.811286109259948152e+00
