4.442157387090261089e+00
4.972628805836985855e+00
-4.192804391397793928e+00
-2.822489535461782051e+00
-2.012723218630409594e+00
4.687020057626084757e+00
8.690471380719319683e+00
-5.964531199150734098e-02
2.412998793752158200e+00
3.124985414445350607e+00
-1.203728750391554803e+00
1.713885337167235789e+00
2.968433129330435349e+00
6.112431055691558868e+00
-2.010296907037330438e+00
-1.823714252845472394e+00
4.548924132980878832e-01
2.606056282585237138e+00
4.757011007368057598e+00
5.754164840815039206e+00
-1.554656195573355104e+00
-1.083180939675351340e+00
4.392506483153880481e+00
7.362353822469118292e+00
3.027422381543523500e+00
4.165288528785413114e+00
-1.551631275757516804e+00
-2.030637727062784670e+00
8.325571262426066654e-02
8.015422414617077607e+00
2.374961944789088175e+00
-3.531402063786339696e+00
-5.103158075205005417e-01
3.033939442318017932e+00
9.019026026035867005e+00
2.683673494809699633e+00
1.114412363296199082e+00
1.449234985854402913e-01
-1.171048741655204228e+00
1.198193368089701227e+00
