1.584223462261025395e+00
-1.922916566657532633e-01
1.233083015936221161e+00
6.166351640166466197e+00
2.872779127157699897e+00
-6.133204124092652698e+00
3.038439979947634928e+00
1.522376823376534460e+00
3.683847396190241597e+00
9.309556079379282423e+00
-4.702287601047578924e-01
1.056762132104675844e+00
1.835261597565888581e+00
8.693794911563976213e-02
1.823894697727062697e+00
6.486690269719360913e+00
-7.590396087595856489e-01
-3.772704549528399287e+00
9.541020439960677946e-01
1.965547125508828818e+00
4.388233296180504617e+00
8.152867083875017684e+00
2.501742213159853900e+00
-3.333796205273043434e+00
3.986373224141968041e-01
5.898659426505831860e+00
9.281224156823197902e+00
3.302723526684626654e-01
2.906408692363170232e+00
2.493523622206476720e+00
1.047953493904801858e+00
4.502299238203398168e+00
8.496223877213097353e+00
-3.854358950192716460e+00
9.877149148768711306e-01
3.981313184792855120e-01
5.061239610382652465e+00
7.998101291949563318e+00
-1.416379716504726938e+00
3.150015128227395156e+00
