-2.033867988716135056e+00
8.644957077032319193e-01
1.408712479797741834e-01
1.008301590945748005e+00
7.710672878219431148e+00
-2.634610318356982450e+00
-1.589117309588349569e-01
5.859502444664629328e-01
3.427858689352544452e+00
5.502919688185291314e+00
-3.257833686379815408e+00
1.938966955210376542e+00
7.340436637979157464e-01
3.571782429099481071e+00
6.518928907614502499e+00
-3.186397131762795265e+00
3.521158064001072674e+00
1.578293677370984138e+00
1.978577742130544603e+00
5.830795119950166416e+00
1.197176064086558522e+00
-2.595311698276696610e+00
2.040398580732258438e+00
6.701516220587959261e+00
2.855764228333579346e+00
-5.016096446769695127e+00
3.575257873986721791e+00
3.167560886603698389e+00
4.116521358579208645e+00
5.484497928044862469e+00
-3.447920020493344673e+00
2.807619682318582388e+00
4.787274310279546086e+00
5.649854010327892695e+00
5.589373811291269867e+00
1.324377065223180772e+00
-3.263730475183322710e+00
-5.429300243939786386e-01
5.184661617521854060e-01
7.465961305308151275e+00
