3.703359250757313870e+00
1.192266450392273747e+00
3.837916350139547905e+00
9.859897941749613537e+00
5.453916900560039416e+00
3.728123604695682936e+00
5.083489184617700829e+00
1.844957996429934299e+00
3.616991432312552490e+00
4.223134864711282077e+00
4.081621031796994536e+00
6.466936958488457954e+00
2.871038442715238226e+00
-3.382573909964881054e+00
2.086929518425244101e+00
9.055275791301319543e+00
-1.743605058013643072e+00
-1.417033394762564180e+00
1.808087878989856234e+00
3.830830183633537889e+00
6.741800961371159140e+00
6.558879562862220958e+00
-1.850247052706364137e+00
2.058505402509685833e+00
1.575159670492802366e+00
-1.419476316902996693e-01
1.819064823499163097e+00
9.729891675823834518e+00
2.312922317720038645e+00
-5.517311835782223284e+00
5.335087629776026352e-01
7.160916306041708701e+00
6.809800438218640117e+00
1.071266425417777501e+00
5.423269663211074842e+00
4.808152357721018788e+00
-1.401708510731580315e+00
3.615981504453600337e+00
7.167068714952821828e+00
-4.670594265426787572e+00
