-2.061642179256015783e+00
1.117361465509609575e+00
-2.696634786618656854e-01
9.025672991685331770e-01
7.623201886673760086e+00
1.510503508930908678e+00
-3.877124994234702360e+00
1.110307635438140261e+00
1.973843036178334120e+00
6.310630571203865280e+00
9.453756451899391067e+00
2.920779116927396668e-01
4.253087296422240371e+00
5.882513007167993635e+00
3.622044184584381821e+00
2.326577102722579227e+00
-5.878618281866025974e-01
4.141243974815172812e+00
5.557516568708469329e+00
3.143013077160424551e+00
4.126054211519015524e+00
2.003631102645867745e+00
-2.289276103202332102e+00
2.889847820375882836e+00
6.448632166802026333e+00
4.622814921667718124e+00
-3.016781496097380444e+00
-3.410051433724745173e+00
3.325553472276120415e-01
5.728703217768441824e+00
3.395020348428458679e+00
-4.118129220821185044e+00
1.222407508742827442e+00
-1.998004663979324080e+00
6.785501423482562799e+00
1.749886358039766998e+00
-4.034577105127904240e+00
-7.138201176949938720e-01
9.046049509177757741e+00
2.678191015362746175e+00
