-5.038018388154481997e+00
-2.692338013299036437e+00
2.735577032584023627e+00
4.716895609430695302e+00
2.266419736272543561e-01
3.345414862252630517e+00
1.096292002403101229e+01
2.392306761164574525e+00
-8.127745218587514864e-02
2.781784809251143020e+00
-1.518441190167953092e+00
1.254462288658458657e+00
6.147718248067461033e+00
-1.781508214982486571e+00
-5.556740506089724585e-01
-9.592149254252120283e-01
6.099202505371964733e+00
3.678269248758872845e+00
-5.539723701980755699e+00
2.960251911979373318e+00
2.207575016764896869e+00
5.084944950944386477e+00
8.665922598420348066e+00
-9.136107399411207419e-01
2.475515319449990592e+00
1.503715896186618384e+00
1.709088376083439387e-01
2.253509125758913267e+00
6.432326230713471205e+00
1.724956307458050508e+00
-2.279607709304457774e+00
2.590597721109483054e+00
7.285026734356896405e+00
4.309039635673130864e-01
-4.563440430064447106e+00
3.190640159311634028e-01
5.893144371427800898e-01
3.976133856804893618e+00
7.343210277432269173e+00
9.634927199645091367e-01
