5.464996711813818742e+00
3.255643459805535933e+00
-1.375012922936170723e+00
3.031904517802708199e+00
6.072104750147606644e+00
5.172469934202156949e+00
-2.401532892341536052e-01
-2.682120257163252308e+00
2.167166605987139061e+00
9.313750864784925199e+00
2.516867270556241154e-01
-1.786862934202785524e+00
1.440491939379788366e+00
7.545511833390108336e+00
1.087218953579179548e+01
-1.941312331426063853e+00
1.466706864589585324e+00
6.717150555240807286e+00
-2.780672039237479964e+00
-7.618428947285316166e-01
-5.362899836562636802e-01
2.842030964085393574e+00
7.271613316037320196e+00
-1.900985810975774681e+00
4.329639080947666585e+00
1.411559877406033170e+00
1.400234058275550364e+00
3.058460752727986787e+00
7.250530787952947698e+00
7.031653967541500627e+00
-8.179781919463845474e-01
4.695860592649769849e+00
1.021371534796275782e+01
2.170443019954158448e+00
1.399201628264708841e+00
2.148396555247221951e+00
-1.639882432616816210e+00
1.142550056436165917e+00
2.596922644031034899e+00
4.041983694604086352e+00
