2.931582818873817775e+00
-1.533375947335249290e+00
-2.763134593626341839e+00
-8.849764230572182422e-01
3.663531285263534887e+00
7.797530226316187196e+00
1.276705281364600264e+00
-3.737693553554432224e+00
-3.290516961702338872e+00
-7.399355596032339832e-01
-9.561114335140860621e-02
3.813922894775057415e+00
6.038865231420975199e+00
-3.489838648969578738e+00
4.995488603351296852e-01
3.290296445027627747e+00
7.690021224007424827e+00
3.090257951395041225e+00
6.883081055044004692e-01
-1.271740678582379713e+00
-7.834208783632430340e-01
1.240429575746974517e-01
3.980025039746018845e+00
6.875107578641381778e+00
-5.381602663936979170e+00
1.241729547626716057e+00
-7.106549602616020478e-02
1.172987305757112075e+00
7.344383811825646369e+00
4.911757453570821497e+00
-3.242636591393970757e+00
2.263821668405252119e+00
6.231573741194172955e-01
1.629831969158267668e+00
9.115690683435397901e+00
1.408567622111629891e+00
-1.085401464900702662e+00
5.023311779522150466e+00
8.177035288753376818e+00
9.351135213898265075e-01
