6.435792497002140067e+00
1.186534629990156020e+01
-3.632505511620312877e+00
-5.122986848925945580e-01
1.271622334109350633e-02
2.351526094858912952e+00
8.013356344334432890e+00
8.046459218406951663e+00
3.561553220412402965e+00
3.681927176601027085e+00
1.165746671016471447e+00
-6.019718039398169740e-01
-4.943156489923536956e-01
4.380690945946493220e-01
1.485788806638044801e-01
8.516254977442901719e+00
4.900694819384724177e+00
1.198511538599776660e+00
5.650470859648591748e+00
5.836574709654453130e+00
-4.002262420565998013e+00
-1.678928888935568686e+00
-1.036888641344998918e+00
2.272026059358655647e+00
6.000656453424463521e+00
3.624383491240136479e+00
4.177759393833680335e+00
3.868177058744136865e+00
-2.285893914248109393e+00
5.546360643454263162e+00
6.661664086384442740e+00
6.539833985852653520e+00
8.581980936793261350e+00
1.243792438059790451e+00
3.437378309504407703e+00
2.533257541187255324e+00
4.019017032500626918e-01
4.353877155031108614e+00
7.252929187068907879e+00
2.255841220418568938e+00
