6.652489429610715987e+00
-2.717089810173475062e+00
-8.124322079553920606e-01
-3.513759243447729386e+00
5.626749308355647017e+00
4.885731765239191837e+00
8.171008807736312995e-01
3.044739131346125838e+00
9.386808492169713247e+00
5.612309963106533850e+00
-9.696077723439144869e-01
3.718893323668661210e+00
-7.670584830320477110e-01
-1.135399362616810598e-01
6.302435450246409721e-01
-7.850357688163135395e-01
5.015980377274446234e+00
2.768281214296600012e+00
-2.902623630283816425e+00
2.879357422959819335e+00
8.957589898782606141e+00
5.821780571079325561e+00
3.632895183509357029e+00
6.695527963743359567e-01
-2.139187386542734881e+00
1.203140683674829015e-01
3.941551413321675135e+00
8.892848089209062223e+00
-2.825696352564385894e+00
-2.445738488907256425e-01
-1.280818564725934916e+00
-4.991625602500066039e-01
4.954460800381236929e+00
5.850383146190507588e+00
3.689432271598419355e+00
5.130801614489545415e+00
1.052028557751026883e+00
-3.344137323414550167e+00
1.046383400305664235e+00
2.121519447794471880e+00
