2.836959977444916348e+00
1.057179230187605679e-01
2.358602136269269067e+00
8.126660101375586365e+00
6.929438899298467902e+00
3.316699343204505102e+00
3.774132499192530688e+00
-7.649999939172178465e-01
-2.978832240968830813e+00
-4.257616813562136726e-01
3.955379078703972873e+00
3.364298435684504263e+00
2.953280118945513344e+00
5.243402400665567065e+00
1.071624333754995551e+00
-3.928938749856908164e+00
1.774269820457109681e+00
3.328154742071825378e+00
6.816159421047792044e+00
8.012757033599697820e+00
-7.879534001995470716e-01
3.179188719217551196e+00
5.093799504166995895e+00
-2.142237219287835615e+00
1.782753948450612747e+00
3.015368588704585129e+00
8.308622430814148530e+00
-1.130006380071663541e+00
2.666112166901680069e+00
1.034818069503415039e+00
3.084821073844394856e+00
9.441624175780184203e+00
1.414670570310414099e+00
-2.944034049921995244e-01
1.939528849851684278e+00
1.795487800384778787e-01
1.688624161593059503e+00
8.424487073607554777e+00
3.277152466189247271e+00
-3.162332058956915048e+00
