-4.257622522603178084e+00
3.156560460085692021e+00
1.649682744598930162e+00
1.271117652362191430e+00
5.053098689413865863e+00
7.084152196396049206e+00
1.365575477426377748e+00
4.831463021082204712e+00
6.284365822412840252e+00
2.549594954379879930e+00
1.235979882339018232e+00
-3.267256626096307404e+00
2.964644647970756441e+00
4.270695916141265869e+00
5.620993925424078164e+00
2.316624906194936495e-01
-2.443702334820226252e+00
1.730588166150096363e+00
7.239011589709988037e+00
5.996371126892517722e+00
-5.270560198468481339e+00
1.082264266224957305e+00
3.300239753371685403e+00
5.046527767661451946e+00
-4.121118445990145318e+00
3.295223149224470127e+00
2.009638356840817597e+00
2.629032032778377381e+00
5.767606269404933705e+00
4.390750558113808211e+00
-3.034340542461469337e+00
-1.085360483687315858e+00
1.575601004826916895e+00
8.642820426791562483e+00
6.616814080569116463e+00
5.314707750984348777e-01
-2.870930662365752117e-01
-1.742857050833676591e-01
3.315208180620663914e+00
6.355648376160700330e+00
