1.279097371133703254e+00
6.472749070695512863e+00
7.804863034260243637e+00
-1.513541813121123347e+00
-3.846922805671842749e+00
-2.510559815917996040e+00
2.285890648919660872e+00
3.833657573564517751e+00
3.960868871055625906e+00
8.893006218204874358e+00
4.771974219954543628e+00
1.398264675534634516e-01
4.727897190644945624e+00
5.019405642057122030e+00
3.595781706579809889e+00
1.350839228054480090e+00
-2.745920076639815743e+00
8.853090962577267464e-02
1.775775548197261244e+00
4.810453180593584399e+00
3.071756699252889966e+00
-4.720999824988805216e+00
2.409050038355369239e+00
-1.150417512958435529e+00
1.402589622265426827e+00
9.957720595176798639e+00
2.393548998078692591e+00
1.325959087717345719e+00
1.578602090070078567e+00
-2.698132130809506868e-01
1.829196384602831627e+00
7.489054513824651593e+00
3.149300657578397722e-01
-8.478600005754282076e-01
3.056925343084525348e+00
8.677765307747925760e+00
-1.820934941926289907e+00
1.049498607177644427e+00
-1.278846595845506862e+00
-5.350025553225613573e-01
