3.363748486915008495e+00
1.831430436957417918e+00
3.080710843000239674e+00
9.142730678695940583e+00
6.725177109296969213e+00
1.167794823728020681e+00
2.894429121958766338e+00
-1.185071316130726915e+00
-2.012036658523221888e+00
-6.817111769695259893e-01
3.970681043318918135e+00
4.649242805806060197e+00
3.529006161468166258e+00
4.584850099203314322e+00
-6.646661260039187225e-01
-3.186396490256147462e+00
1.269797335944465866e+00
4.739687213277789191e+00
8.237220746413655093e+00
5.265104454745812568e+00
-2.000637560069265852e+00
3.620753746454322908e+00
5.160502040508749388e+00
-1.924812853365163612e+00
2.343581316079842658e+00
4.679932321699157960e+00
7.509311180700112942e+00
-9.494841137564661304e-01
3.408024598213081902e+00
2.395666420923812545e+00
4.085335574043358342e+00
9.035982954131227984e+00
-4.255025723153882389e-01
2.266168205151260912e-02
2.332848892878261360e+00
9.902841163967658344e-01
2.342475480517679731e+00
8.556570790780988034e+00
7.099780946491189848e-01
-3.112262712894316774e+00
