3.571675554354199367e+00
6.717438572480557646e+00
-4.318296140648682169e+00
-3.237108524942694299e+00
1.916596429564520587e+00
1.380733427651557044e+00
2.116491677577856834e+00
7.872710304113370583e+00
7.564754552742193106e+00
-3.667975859218456591e+00
-8.773530071565301958e-01
1.152989657661745160e-01
5.801422184758731504e+00
5.931519554470506606e+00
-2.335174443065161753e+00
1.879864760505644217e+00
-7.988733545940700231e-02
1.194176546747383272e+00
4.138642792451523889e+00
4.388911973620008844e+00
-3.204428826179640755e+00
-1.432936400148933531e+00
2.244229245957090058e+00
5.617501106320629489e+00
6.483889389401024772e+00
6.688530336832162249e+00
-2.387117041443948651e+00
1.224877292123986550e+00
3.185308853398844509e+00
3.175753877056445518e+00
4.545137924693389841e+00
5.521849976788256953e+00
-1.976586355780811877e+00
1.805568697021113778e+00
5.439908068151222409e+00
7.074384325676248864e+00
-3.486871529767982675e-02
4.686266638740741897e+00
2.146664075890805989e+00
1.235486997312088553e+00
