7.778018272631541663e-01
6.612746117678451441e+00
9.124037904062436866e+00
-1.091361097086955612e+00
5.266029035604944397e+00
2.152092261250927674e+00
-9.903181899253945542e-01
1.772425602830359104e+00
4.530028279413246040e+00
6.581300539295569685e+00
-1.611594908615889388e+00
-2.867332555598609556e+00
5.911804543421573799e-01
9.680346543327186026e+00
3.296945288077468561e+00
1.969317177914449379e+00
2.605844101575242711e+00
-1.801770349343389643e+00
2.926661209636004735e+00
5.004258648665087961e+00
4.751532952951344591e+00
-7.556220911683785291e-01
-3.693876745826961461e+00
2.151918588895910922e+00
9.232183925861212614e+00
5.974450386034600768e+00
1.879679025725300212e+00
-3.032154783989119640e+00
2.205619240502622258e+00
3.592150548183783432e+00
1.801380611138099885e+00
2.434102587943854257e+00
5.419253135558449230e+00
3.781059273237409535e+00
-6.222679606793180440e+00
1.205142666560327536e+00
-2.149914736534402682e+00
8.826785227919082821e-01
4.787483111740755248e+00
-1.785594174433447145e+00
