2.261389432036625902e+00
3.937577895136522343e+00
6.261412400733433969e+00
-2.688432153732323027e-02
-3.562549439011233332e+00
1.780568928540355866e-01
4.878043515698569088e+00
8.660107042422614754e+00
-3.629301310327401886e+00
5.267763249604571207e-01
-4.321731214412119493e-01
1.647254335092302346e+00
1.005251690970445466e+01
2.681231134703522256e-01
-1.286031471808800619e+00
1.969905432448047611e+00
4.223827069007531243e+00
7.019168836327538408e+00
1.378820628277551252e+00
-5.533093574911526424e+00
4.044841758197740056e+00
5.979351554437773331e+00
2.991543935944784849e+00
5.954528988550249480e+00
-2.205330119412818590e-01
-1.459326698279206136e+00
7.182251254253796402e-02
7.186845400526022942e+00
1.325065621089587031e+00
1.346339997204485162e+00
1.693093579078581268e+00
4.466218319368532974e+00
8.692476486239902655e+00
9.085000320558472842e-01
3.215414851584707190e+00
4.696186791311805386e+00
2.964030655213537813e+00
3.621067818275460315e+00
2.203939726243316244e+00
-2.383919175949918312e+00
