3.093695526382290950e+00
-5.131958861248805626e+00
-4.378654494852618484e-01
6.739062123249373037e-02
7.775171796853066475e+00
3.487848703756314173e+00
-4.532030441355189510e+00
-4.984520028724112595e-01
3.149402901638323815e+00
8.183010959442633236e+00
5.112027383094879696e+00
3.791405460207317279e+00
1.585535354359439264e+00
-1.676221614227049628e+00
2.763111469033263212e+00
7.443409700359943315e+00
-2.310189422324170572e+00
-2.129644931944360664e+00
4.420712733846182130e-01
-4.596744653120484747e-01
5.896496073311170427e+00
9.526935745682244772e+00
1.110783283942194499e+00
5.565151091144421969e+00
5.521430549965919976e-01
-5.227265513682616493e+00
1.150357293931149494e+00
8.205141038305860945e+00
4.737146182809929940e+00
-2.500089805523020736e+00
-1.148892039673395926e+00
3.544864670287573460e+00
3.799370708574793198e+00
2.497429135827931468e+00
4.496052140509307904e+00
3.791168944873582802e+00
-3.026199499759827827e+00
3.317790511630656913e-02
2.268405224883292881e+00
7.129689284376431679e+00
