-2.370384673263527642e+00
1.534557399767049635e+00
1.457863743862083949e-01
1.125184658133147719e+00
7.668087560073336917e+00
5.178942324402232567e-01
-3.692420699855267774e+00
1.170265589689960528e+00
2.568262741823406525e+00
6.968707689410367223e+00
8.912988562097709178e+00
-1.615611548849326673e-01
4.369266890965535666e+00
6.432892204436966743e+00
3.298097892288363031e+00
1.766454645894874886e+00
-2.598257854719966953e-01
4.217159339566645571e+00
6.133006791296676141e+00
3.259572139046383654e+00
3.814852976372844040e+00
1.504798409846043183e+00
-2.018896429767640388e+00
2.701891279053054706e+00
7.053730141758780547e+00
3.320920569331721417e+00
-3.909254230206120617e+00
-2.577412232512968249e+00
-3.150772570766431357e-01
5.797663297426455031e+00
2.771333454326463386e+00
-4.127890905245966024e+00
2.059180579139235245e+00
-1.059721592961005321e+00
6.828640256560950306e+00
1.387928800166379650e+00
-4.045179672494364276e+00
-1.400540042006880537e+00
8.774896816415388656e+00
2.517505039651360299e+00
