-1.439415978282528652e+00
-4.098360001821513277e-01
7.438628925081118837e-01
5.372450715910470187e+00
6.626416184409028354e+00
-4.013037920282345183e+00
3.273166855145674070e+00
3.122349764137823058e+00
2.421321743781779556e+00
3.699663171687288088e+00
5.119793065054508041e+00
-7.354776572669452506e-01
-1.460554587192974818e+00
5.787868039389600927e-01
1.083022453328507773e+01
-1.594295059212878396e+00
-3.047196886654242931e+00
-8.830522197416362795e-01
-1.927383492514041397e+00
1.565799160425953129e+00
8.201916758256157181e+00
5.140169163300520871e+00
1.659784356176346121e+00
1.116580138396158661e+00
-5.064597036099764971e-01
2.468611133485874909e+00
7.482177615024347084e+00
5.638000824850551318e+00
-2.592552258987464331e+00
1.679667693876617518e+00
6.029979985822047972e+00
6.775676913412723046e+00
-4.972065879836324420e+00
-1.040865313229688338e+00
-1.095243260706328936e+00
4.131845781983017218e+00
3.695438868207847172e+00
-1.370449841175326589e-01
3.939320611732310518e+00
1.032063860502703712e+01
