5.729731092349872767e+00
-6.017251378256383010e-01
-4.037080523359414030e+00
3.815179366042905418e+00
4.584676890284752560e+00
7.523411153998059042e+00
-4.579115913501208279e-02
-3.130641843046439998e+00
9.715561035084882002e-01
6.551914747559661301e+00
3.888763609660333742e+00
-4.498747986519376241e+00
-5.489490622280448484e-01
2.100718712074825412e+00
6.995256550397757955e+00
5.604785877476040845e+00
8.247232586029806800e-01
-3.213551401306491861e+00
1.404843148894882932e+00
1.949700287144327193e+00
6.657093588841513920e+00
-6.063055147917251197e-01
-2.145010682332173069e+00
4.944951093132226028e-01
9.401570219027194142e+00
4.950777195057916025e+00
-3.849133437366221155e+00
-6.737254274205474180e-01
1.636797691413462763e+00
7.879198222315003441e+00
4.359187249708909917e+00
-1.991403876989572996e+00
4.793789999277877079e-01
-3.869410652491009905e-01
1.682623577212612132e+00
4.516564694350406306e+00
8.276371159577221803e+00
-1.693174178942436603e+00
1.585857893390330675e+00
3.310863404420238965e+00
