1.640086801762691004e-01
9.568580190262634844e+00
2.347952430555570125e+00
-3.441305482868224797e+00
1.971535008937265188e+00
1.350154338762698636e+00
8.511370008123239073e-01
1.972977031778959667e+00
6.463067489136513188e+00
3.676805482229829281e+00
-3.999958597675998817e+00
1.582734277253905253e+00
1.075692343276877594e+01
-2.443046767465483882e+00
-3.302762503128756855e+00
6.446825463923030464e-01
5.044311008090452297e+00
1.530501397547300080e+00
3.369339989820633097e+00
5.796486596190487006e+00
-1.481663226646436016e+00
-4.403570662367219946e+00
2.443354532359180542e+00
-3.026446563394332712e-01
8.810782335608379201e-01
1.092821048989312338e+01
5.649145577090313175e+00
7.669139815308160246e-01
5.478142652359009546e+00
6.550507276427277148e+00
4.969891158157873079e+00
3.099968255299726527e-01
-1.903067598529066817e+00
2.916397714371297134e+00
8.408576970246873117e+00
8.380051988247556594e+00
2.175465199506811054e+00
-3.234235520543764952e+00
-1.509746378789218912e+00
-1.272225949104146991e+00
