3.846814877099617114e+00
7.650332133410084445e+00
-1.541318555861136197e+00
2.643645321507581691e+00
4.782426174812999697e+00
6.826573026305474912e+00
4.449985699579223741e+00
1.806788571530064891e+00
5.391945523207699598e-01
-2.167268968181613520e+00
2.913292107880881332e+00
3.297619697123423954e+00
8.449893276413357412e+00
3.425314792006578291e+00
-2.820213629988163273e+00
2.747139131136042245e+00
9.302451352768965620e+00
1.193974805729572486e+00
-1.257119690185513283e+00
2.147714657589628207e+00
-1.625923851880549664e+00
5.203645583097409322e-01
2.558127069302992052e+00
6.706021919873009551e+00
6.243507864421121489e+00
-3.965078527735999003e+00
-4.013857487551316439e+00
-1.559714254393415933e+00
5.524000176610053714e+00
4.503863778711823862e+00
-2.853228909371874344e+00
4.748092023304102405e+00
7.146815520661949250e+00
4.410628528427674055e+00
3.743645959380951016e+00
-4.366034891028020226e+00
4.493231574180413190e+00
3.910500964963935289e+00
1.289286481306844534e+00
1.979047784524079256e+00
