2.903255868396558803e+00
4.940964305936369705e+00
2.659505316564734212e+00
4.129475824579312615e+00
-1.099777546780481341e+00
-8.807542139528667935e-01
8.791830094765213516e-03
8.717597273436542338e+00
5.265433149927646106e+00
-3.561572162932422625e+00
2.068955556183650568e+00
6.960118768786911936e+00
1.723524793832879709e+00
-4.299614538780563322e+00
2.709195823730948582e+00
3.319521591189545706e+00
1.672715247920631310e+00
3.285673005623461762e+00
6.022500144507417552e+00
1.071458476251423653e+00
-3.245205584038349134e+00
6.830945763728968334e-01
1.294214744366471548e+00
5.637262664056437167e+00
1.713200570363044184e+00
-2.945612076267170476e+00
1.439119288057282064e+00
7.825280207484329509e+00
3.164102207407234246e+00
-1.843848508489608351e+00
-1.803479857161924604e+00
2.031672675397207417e+00
1.226728102124582109e-01
3.541139288930360784e+00
3.757683395038331930e+00
-2.573190481857068335e+00
5.121808474723640314e-01
5.888623250456904046e+00
1.247009385020119865e+01
1.650846816523850791e+00
