3.542724819203372899e+00
9.725440257672280930e-01
-1.471766725538071530e+00
2.477334668006553553e+00
7.213293296760642903e+00
3.210206092201855377e+00
-3.460157921896696021e+00
-1.529320280691895739e+00
-4.994439669563629502e-01
4.052733877662131334e+00
8.330632024517923284e+00
-2.683179612071424081e-01
3.826177445151588419e+00
5.357388276602700117e+00
2.830637944022226016e+00
-9.008898019291580184e-01
-2.911197433116248234e+00
-1.116483265611356995e-01
7.626459755945899310e+00
-2.349413095928924999e-01
-3.846734949692770744e+00
-1.636118716455586375e+00
1.945469879407813352e+00
4.073138527046303636e+00
6.517592308566335646e+00
9.102917823832200384e+00
-2.330216900305555505e+00
8.911457314006604458e-01
4.152215863415108288e+00
6.092318016076473164e+00
-3.554375126539159324e-01
-3.728891331216766414e+00
-1.371013413857050001e+00
-1.484381320576864116e+00
5.355217015574229578e+00
7.028992162852930825e+00
-4.384479116567558954e+00
2.360559695025817195e+00
5.271997254727001980e+00
5.887457960280386260e+00
