2.836335476952092094e+00
9.474804043870461712e+00
-3.480721324809230022e-02
-7.175128704880957553e-01
6.874272096558498468e+00
3.013950999085981852e+00
-2.746529480632797782e+00
1.840555733144713990e+00
7.032233187232445282e+00
-3.516872191581801310e+00
7.397456822191582626e-01
1.030105046918808220e+00
4.547158205343177606e+00
7.984682227960122169e+00
-3.740732294422641324e+00
1.186360260432327840e-01
3.390826232755955960e+00
6.918675951711337646e+00
4.353851405489170823e+00
5.350141925413366417e-01
-2.991673273435181635e+00
1.419684163791466336e+00
1.083225040913935899e+00
6.719279000236771937e-01
8.949272812956076351e+00
-2.457637503936808354e+00
-7.178747343000074776e-01
-3.190271631464405289e-01
2.256363031762129268e+00
8.058059258307928019e+00
4.694320460563262465e+00
-1.509979401980256208e-01
1.649269762701095265e+00
-2.922183140059192663e+00
-7.610685934480221349e-01
3.517229867760634510e-01
4.727815508108734299e+00
5.609874938815337941e+00
2.333536045105398138e+00
7.344665712674645908e-02
