4.949952069676601951e-01
-2.117807174942464066e+00
2.414479289176959309e+00
5.875444968162031323e+00
4.820978751047218402e+00
4.474185594045578362e+00
6.083134313592752029e+00
3.712545964774686347e+00
-3.677413734539785040e+00
-2.477110399170151245e-01
3.531559588460896126e+00
1.323967331413661075e+00
1.775962064778484617e+00
4.731322498771652008e+00
4.885128090535580725e+00
-4.002337108506431207e+00
2.723920695179833373e-01
7.076660275608700479e-01
4.650145386029056915e+00
9.375107410214546633e+00
1.477580813485361855e+00
2.719937450094189746e+00
5.737467894863256923e+00
-2.090479902330945272e+00
-2.238198447199523100e-01
8.910649727047948998e-01
9.026322264761288849e+00
-2.073485904857930162e+00
-1.395796712120506433e-01
-8.533246985041328392e-01
2.398800080449375205e+00
8.714446361273768815e+00
3.491864682654570728e+00
1.404274442651120447e+00
1.289009352137551190e+00
-1.190176733574727752e+00
1.246189123730184756e+00
7.395739349588486000e+00
6.540850942763548836e+00
-4.768821476079451727e-02
