2.787188719221715072e+00
-6.361790698435200175e-01
-3.159473139304065814e+00
-2.276749876446854781e+00
7.422852812218913243e+00
8.818149212429085892e+00
-5.530267399043963472e+00
3.032658910615309567e-01
-1.111793431992035730e+00
3.390658253477228268e+00
4.212988823879360467e+00
3.843797137347778614e-01
2.100404629036115800e+00
4.229427598859237136e+00
7.218528199859313155e+00
6.309112701681584667e+00
-2.781827913485849013e+00
7.619499631576895915e-01
6.360833107676667986e+00
-1.623080951924293913e+00
-2.081345740664600097e+00
8.730176196399257460e-01
5.491857307963356583e+00
7.991691617443973605e+00
5.210134664778427016e+00
-1.629250427670310142e+00
3.599895597306697059e-01
2.801294593277460887e+00
4.021764725390080564e+00
7.759980300783302809e+00
5.425353150847085359e+00
-6.338473709397675293e+00
4.265738485026617788e+00
4.183301697629288718e+00
5.632277742367246098e+00
7.176507303161199225e+00
6.192941181910665449e+00
8.130881950354401866e+00
5.088698559072270200e+00
-1.909977859838346781e+00
