8.913634871857896158e-01
1.018653697936492630e+00
3.526526080465114177e+00
9.643027109107473294e+00
-4.544277787449891193e+00
-3.031720153840831600e+00
-1.276579568414647481e+00
6.086280496624528524e+00
5.429059227231403106e+00
2.341537469184471032e+00
6.236030551260649979e+00
5.908191827268807650e+00
-1.122249558950048742e+00
3.873071407578316805e+00
4.642020304435142464e+00
-1.361482900626362236e+00
3.475859197916837839e+00
4.944424049174998892e+00
6.557386197555307383e+00
-2.832278826799983662e+00
3.560793676855772416e-01
2.497233701530657157e+00
3.801607447240893389e+00
3.765091945289037678e+00
6.016955183789504780e+00
-2.096132478771543628e+00
1.057791802078511978e+00
-1.876285239545591566e+00
7.275874495046065427e+00
3.497666951482856668e+00
-1.578967956846730303e+00
-6.399016014774346894e-01
2.127519387912266247e+00
9.891994503743253730e+00
4.222683184059522254e+00
1.353612449465537271e+00
6.592126489452115878e-01
-3.297913639878099712e+00
-6.987569991176284523e-01
7.163343179887806222e+00
