6.463246029459641662e-01
5.688193496849514474e+00
1.171082564190288622e+01
-2.452299688185272775e+00
1.307102236003921947e+00
4.839304218492049614e+00
6.274162491635355998e+00
3.134166745267414456e+00
-6.744519383840890114e-01
-2.558303822078111800e-01
3.868672802403379407e+00
6.649674961848370813e+00
4.000629966548980398e+00
1.359236037947074038e+00
-2.601855409114437023e+00
2.424838519144205673e+00
4.229123165775525273e+00
4.920085705994937442e+00
3.677697342358781096e+00
-9.538685490604177364e-01
4.788022324560958332e+00
6.764281522320473528e+00
2.662325195597973870e+00
-7.637128189548264556e-01
-7.704730392761021118e-01
5.053545429741533868e-01
9.972728829906328585e+00
-5.846232152122624592e-01
6.467270271285788796e-01
1.283011884344852138e+00
1.059442690415513200e+00
1.966433829284680801e+00
5.394731708316863106e+00
3.310490888463924808e+00
-3.400865619964989151e+00
2.966519076109383590e+00
9.045669550046151031e+00
4.058583185267648830e+00
-6.969284637809414207e-01
-8.721438128456540095e-01
