7.577938869873517280e-01
-8.603363090235619515e-01
7.625537539165486711e-01
5.451595314052456231e+00
6.674873971044734233e+00
-5.476893794951654293e+00
-3.999561912587724644e-01
-8.933690790112203128e-01
3.214911172147150165e+00
9.399579579753670089e+00
1.200761436472202348e+00
5.942115670132117611e-01
1.228312704731443050e+00
-8.793435113117951119e-01
1.365461234314968797e+00
6.177311083353868248e+00
2.268940485288785336e+00
-4.631793670973502586e+00
4.718578477832457985e-01
5.891140817387505724e-01
3.074295959432720160e+00
6.860833217406648643e+00
6.873321490853124160e+00
-7.758049173103334084e-01
-1.056344459506963207e-01
5.326920727716744075e+00
8.881184872760471194e+00
2.045459535659869932e+00
3.254708225079421702e+00
2.127245913572795910e+00
4.792329664718705112e-02
3.738561142472183185e+00
9.886438064241026780e+00
-3.908520801830731584e-01
-2.114173636456382788e+00
2.388481938411220543e-02
4.720684952452502969e+00
8.533796621178248998e+00
-3.410290501498398630e-01
1.909621597801779647e+00
