-2.300417276729872729e+00
-1.803657585149513576e+00
-5.767859779439956647e-01
5.156981414765628990e-01
7.853511815757484804e+00
-1.948721635577722822e+00
-2.903776573746116085e+00
6.244036224914002453e-01
2.558584883052952730e+00
6.435033298642737876e+00
-2.984339603000935259e+00
-7.288584078136395306e-01
-5.552699813192910616e-01
3.161924027348121502e+00
7.585714532113093433e+00
-3.579737201762960286e+00
6.368241420069125081e-01
-3.272088761471854124e-01
1.188836612231269907e+00
5.375197245788518430e+00
3.086723880276345255e+00
-2.986671262080488720e+00
2.510591562947150468e+00
4.668525667154229453e+00
6.861689938067903505e+00
-4.844047719992362389e+00
1.369236567279354944e+00
3.774407669772589236e-02
3.245379030590065383e+00
7.214628165490410971e+00
-3.636744480200106988e+00
1.180689820706345650e+00
2.493449632464783683e+00
4.060993985107261395e+00
5.537699897509607894e+00
5.398034442267645616e+00
-1.871677827479578227e+00
-2.225492156727248982e+00
1.100140279466367499e+00
7.477550985436848485e+00
