1.390117007180273756e+00
2.425604887557604172e+00
-9.460493819929986781e-02
3.000919027616039347e+00
5.502208436776944822e+00
6.891735662386058614e+00
-4.608437807260523655e-01
-2.663227583799220088e+00
2.867460087361707544e+00
6.439039721067106647e+00
-4.188164932521104333e+00
1.413849745657574486e+00
2.309230193915712270e+00
5.704554206968475150e+00
5.126458708746691961e+00
-2.870255271385934170e-01
-3.007727665146677332e+00
3.770494499429004165e+00
2.710014281514294687e+00
6.059257055100144562e+00
5.095061669963878437e+00
-5.876554496904069502e-01
5.020729061369432422e+00
9.482891612815718574e+00
1.060841081392285057e+00
3.964304326736574069e+00
6.492623974635280959e-01
-1.847677060438804419e+00
-1.449250283828223518e+00
8.651118262121599400e+00
2.715961324598914484e+00
1.926096274108186623e+00
2.864034658886832396e+00
4.672805332792497879e+00
3.354433115562756917e+00
-2.857218109334837663e+00
1.247781088316968212e+00
5.029509761077511243e+00
9.001666418905125866e+00
1.168009006284739693e+00
