1.028419106426682816e+01
-4.429758574117940384e+00
9.445080430834120744e-01
-4.498896931037841274e-01
-1.064617789665100123e+00
4.135544348389609937e+00
7.658473300608961587e+00
3.027852919455845004e+00
2.175495425928057447e+00
-1.711666046171517408e+00
-5.907189858836229268e-01
1.766797469774094853e-01
9.472516531950443408e+00
1.349566089454979911e-01
-9.940346822529144699e-01
5.304240544455284256e-01
3.039656457364567022e+00
9.020079343143395434e+00
-1.191656424012858206e+00
-2.385524890597498171e+00
2.253848225630918023e+00
6.649956796959765271e+00
-2.136821567676374212e+00
3.241873375272872337e+00
3.960576197231726159e+00
6.645003505299535540e+00
7.966390151177873413e+00
2.568227008312045534e+00
4.314190678096588627e+00
4.293147621278922799e+00
2.852772737536450443e+00
3.573705166282509449e+00
-2.526137703244743182e+00
-2.932657363164119957e+00
1.392948558527218106e+00
2.811925877962069720e+00
5.437029658893933082e+00
2.414562065680454506e+00
-3.405313812227192649e+00
2.292367413681955790e-01
