2.594831134293953401e+00
-6.483333724596612724e-01
-1.205798697372885586e+00
3.779383570476654963e+00
3.218618497946966528e+00
-4.876932777524409346e+00
4.767674656995227522e+00
7.377917953460100264e+00
3.153733264951549042e+00
5.742659068162057956e+00
-3.511400981728646897e+00
-1.671851567586257303e+00
-9.518425194975602688e-01
5.367705207624802632e+00
5.331553162383659838e+00
-4.747873224436021999e+00
-1.432540132828251656e-01
-1.103016735349554356e+00
7.640972427053965843e-01
2.007529490963000818e+00
6.348528376763376890e+00
-1.813292011249298730e+00
1.028957332528792623e+00
-3.262513331257721028e+00
6.192930358178331041e+00
3.031934560695146885e+00
-3.325913755763730162e+00
8.461709105648237417e-01
3.288774553303719372e+00
1.025761101203389103e+01
-2.104617974005442704e+00
-1.000774603685048891e+00
3.049360831590683496e+00
5.047432777540096893e+00
4.450134529069856626e+00
1.646599771630030018e+00
-2.457482962994577136e+00
3.141229648010826825e+00
9.138929786528368737e+00
5.397043600740243363e+00
