6.721840389608823685e+00
3.177555106040076183e+00
-1.702866101381080188e+00
2.613248505493817486e+00
9.532819837824265008e+00
1.835206871577521603e+00
1.326537921445049006e+00
6.740250477275161245e+00
3.729072277533527657e+00
2.209774117519668624e-01
4.586073098353914190e+00
3.119352523517892273e+00
-1.361345678502837275e+00
3.179227950214737142e+00
6.118593555240831705e+00
4.177699826673081596e+00
-2.976899277221923157e+00
1.291355284404789083e+00
1.683804475813414525e+00
8.234150282875818405e+00
3.618142862109399616e+00
-2.161655526296265339e+00
3.355738153751075536e+00
1.097057266759015270e+00
2.395053834401364767e+00
6.174095306016553764e+00
4.144889019991408574e+00
-3.162113566126734998e+00
4.384511091733316768e+00
4.442629291812786541e+00
2.250642746732616217e+00
4.579477359979778228e+00
3.719214840867362426e+00
-3.196868530322307667e+00
3.663549451685471414e+00
5.560506854378366448e+00
5.306897139286022025e+00
7.609657539985943409e+00
1.547517364804285922e+00
4.731245746618034098e-01
