-5.402249915041580586e+00
1.195316132332638892e+00
5.931393926364590952e-01
2.342207110424450178e+00
7.099563991773863769e+00
-3.586615137978060197e+00
4.740236638839755434e-01
-7.552361724836770263e-01
2.260790206773977129e+00
1.060433058486719204e+01
-7.545678813888840875e-01
-6.075079399144669434e-01
2.096116416872586541e+00
1.587489042775406256e+00
3.621245197099103752e+00
5.599389228436044696e+00
-2.137966105064642353e+00
3.746571797377560298e+00
4.205013402044259330e+00
3.624254386944433026e+00
8.337336813808450486e+00
6.814898980574116472e+00
-1.380440762363575491e+00
5.491209704756847110e+00
-9.349205593961867899e-01
6.512025762772072346e-03
-2.625084120791394859e+00
6.443681953847467447e+00
1.374967465803264899e+00
-4.584900344372188741e+00
-3.375640590807152952e-01
3.758698806126528957e+00
7.972172242137693488e+00
3.156465617250411526e+00
1.254397696691562647e+00
-2.971707057089521820e-02
-1.494625147902352902e+00
6.061253299493740698e-01
4.894994515028342263e+00
3.976209436254969365e+00
