3.870963919397475195e+00
9.706754651003786094e+00
3.702157195164707648e+00
1.548976664848777718e+00
1.670171860398023345e+00
6.810493692349496087e+00
1.041093937683086779e+01
6.912395298647229680e+00
3.258114637764770727e+00
-2.092662456493559475e-01
3.360129953137397596e+00
5.427938719247366706e+00
3.231271230994762877e+00
3.057047736344590927e+00
2.300619592872986396e-01
1.276233060642872674e+00
3.145541953695736748e+00
9.365512791413294735e+00
3.252381103967349141e+00
-3.698622185880668378e-01
4.365280582115174113e+00
9.477512104362224576e+00
6.429816003416487291e+00
-5.822495069100586118e-01
3.972749426458693778e-01
5.207891711911797117e+00
7.944734083789232848e+00
-6.231404206543893487e-01
1.038323581177309052e+00
3.215805961969074311e-01
6.083378864223669691e-01
1.391773093010064688e+00
1.012594538048760207e+01
-1.250171053358826834e+00
2.513426349924173797e-01
2.287724172247474375e+00
6.643908372599883094e+00
6.036804168106479906e+00
-1.108032127332911898e+00
-1.116439178325620007e+00
