5.261412456007100502e+00
7.808118247853977678e+00
2.722360304658937746e+00
4.633938845771169213e+00
6.207194146848284078e+00
1.500587513973502818e-01
-5.875971347698499825e-01
-2.444794071940366020e+00
1.510567211093729378e+00
6.843088334696919794e+00
3.353009116702518000e+00
-1.870813272238786240e+00
-1.178998959855565853e-01
2.370942430736495687e+00
1.102854611573650701e+01
-9.769219287899574278e-01
-1.464644616645362385e+00
5.117532070061558969e-02
1.147619968342817431e+00
4.188822230765266497e+00
4.541648064689736586e+00
-3.524933620885638330e+00
8.962713471623813266e-01
1.854232738199183661e+00
7.283654183145119809e+00
-1.018588881072942653e+00
-1.685644623395990083e+00
5.124605251916578563e-01
2.847383987418525830e-01
8.244900353678582761e+00
2.464832102481711917e+00
-5.563945787297438272e+00
2.115309726681348756e+00
8.816680731042200847e+00
4.224129147965136610e+00
-3.571501320669656643e+00
-2.002660835653651716e+00
2.738444732130062231e+00
5.752813043743655541e+00
3.040461956134839383e+00
