3.932572867010541984e+00
5.197875358090251474e-01
-1.429984553837434058e+00
-2.552814550230494639e+00
3.766435765410515835e+00
5.834632412973786764e+00
-4.860543561212512742e+00
5.916755855103449591e+00
6.706885488665772499e+00
3.472633874195881543e+00
3.752911974584979937e+00
8.948759504729972836e-01
3.175966249370708816e+00
7.432252597940399497e+00
5.266424800611184232e+00
-3.698540071030451681e+00
-2.080620629980691749e+00
-9.498247915271340602e-01
6.680404794380581102e+00
-7.623067311029572135e-01
8.878512047932010098e-01
1.493818260035059797e+00
7.000931434542838616e+00
6.653688282381758690e+00
-4.610468700031927547e+00
-8.654425350568817343e-03
7.473907752356971912e-01
4.450211475853289578e+00
7.675738092396643175e+00
2.674038703200772638e+00
-5.257796807530433547e+00
-3.133723763908303539e+00
-1.592297050415114379e+00
8.290334743369378145e+00
1.196296617826157771e+01
4.565355181887360558e+00
3.841254833628371390e+00
2.844868637070903095e+00
-1.113249704460011147e+00
-1.177423738174000478e+00
