1.629063841542884639e+00
-4.094026399929377114e+00
-1.308130019304015956e+00
7.578617355563797009e-01
7.789554601904444375e+00
1.815204887817669199e+00
-4.852453513200784663e+00
6.129051153560766130e-01
4.792770013543625196e-01
6.927340999578404990e+00
-6.092452553549014826e-01
-4.022549914311306374e+00
-5.993565312945221824e-02
3.122508331807473780e+00
8.343160575854900785e+00
1.311810997536130285e-01
-3.165454106583304394e+00
-1.027609575556346133e+00
9.008549459131985904e-01
4.326484538306806904e+00
5.189921844035730203e+00
-2.883929843640740120e+00
1.156393019017836643e+00
8.714671900628750967e-01
9.183415437610868537e+00
-1.749220517087855420e+00
-4.017489658349991721e+00
-2.193999188814696466e-02
3.034858743030577788e+00
8.227546546056689891e+00
-1.306583445819726297e+00
-2.099959647300457810e+00
1.917211951282654647e+00
2.097778820871206484e+00
3.234642863367785726e+00
6.826902084273569038e+00
3.582021501768033467e+00
-3.307304441264974137e+00
2.853620900642192648e+00
6.645331409686937363e+00
