-3.504584397693823128e+00
3.386432438702385861e-01
1.022641391933448274e+00
6.573035749594885679e+00
5.602731473905283588e-01
-5.699669179520339135e+00
8.217387123170951657e-01
7.392778378358054070e+00
7.518533267648710883e+00
-2.342098451105389112e-01
3.356529289513969339e+00
6.741396834057138854e+00
-1.785967754619588233e+00
-1.584683212591379231e+00
-6.608366748478861075e-01
6.680043639068597550e+00
5.497446815959927235e+00
-2.680878365578807987e+00
5.642847401100688387e+00
4.303491656862687087e+00
5.018446411113992589e+00
9.322947078165569224e+00
-1.263724279594892863e+00
-1.330276698460165941e+00
-7.987464311133778416e-01
1.877915214797604815e+00
1.122323786692726522e+01
-1.666117466105039524e+00
3.439712903853513470e-01
1.194336337012531502e+00
4.181607101998535692e-01
1.972173837101564020e+00
3.806428930314958325e+00
3.832078833918345584e+00
4.446215623560195063e+00
4.336534672299228177e+00
-1.100240481623842026e+00
2.521390578544157712e+00
5.525009226831783415e+00
4.178911088556646725e+00
