5.391453176307881456e+00
-2.036162971621933604e+00
5.489619644767792295e+00
1.693755650177359184e+00
1.143313943779224046e-01
-1.023330939668848805e+00
8.877406797209644651e+00
-2.091879304416492502e+00
-2.790606213887990350e+00
-4.078029055509740708e+00
3.827407216988553351e+00
8.144693243644791636e+00
3.788049594774329343e+00
6.561916776779828986e+00
3.604622087854316703e+00
1.129632648113229193e-01
4.822114757654922812e+00
-2.640135030722469134e-01
-1.555374253417295627e+00
-7.058620139873538202e-01
7.600153195439460774e+00
4.493707378357709725e-01
-5.096072461971167478e+00
3.860327165697949314e-02
2.134648340028632685e+00
6.831852885916698703e+00
3.230172278234123340e+00
-3.263105065347015721e+00
-2.184021691445189983e+00
4.175471876327475629e-01
2.861262855601630850e+00
5.318001154372021588e+00
4.604126477661127481e+00
-3.372750540885615766e+00
-7.260178263300698376e-01
2.746139980238196721e+00
5.320398463572177050e+00
-3.230077262795298942e+00
9.991415237667167215e-01
8.298757222474423045e+00
