3.709333673659367947e-01
3.236196055328859789e+00
7.757893527199155592e+00
-2.588647333062567224e+00
1.882760817274678589e+00
2.115723190606904058e+00
6.520119378048697456e+00
6.746340660678453727e-01
-2.714952198405753414e+00
1.861430769128959994e+00
8.555477463338609923e+00
3.684787738577817606e+00
-2.106494790503479653e+00
-1.513834587299693224e+00
1.738610006962798549e+00
8.958021027197322184e+00
1.110130030454422601e+00
-3.647235864071844968e+00
-7.660560372325252443e-01
3.004544609281198930e+00
9.431610551361842454e+00
3.583798362139384075e+00
1.426463092532652466e+00
1.147674195748580095e+00
6.818967842823336900e-01
4.188375035168578009e+00
4.438730568840927759e+00
-4.329341885563226633e+00
3.218553318653256667e+00
3.366345791971223633e+00
3.953855991272203330e+00
5.902526173598552361e+00
3.358757061842926328e-01
-2.244038354085184483e+00
1.618143379058805564e+00
1.085273282340559931e+01
6.543869850339493865e+00
1.203538218927874826e-01
2.423196257921098606e+00
-7.190176747217422726e-01
