3.498726951165438859e+00
7.424347453855243195e+00
-2.554246126488882940e+00
-4.649167044132494375e+00
-2.996233965018068712e+00
9.882722791755254477e+00
2.193853559871081771e-01
-1.944841062952710864e+00
9.950392815281089431e-01
2.431851634590697753e+00
6.327440344507119008e+00
5.084515518031039072e+00
-3.280773519392880644e+00
2.590953344720733131e+00
7.714618152833672138e-01
2.267567316753632767e+00
7.953692843617965025e+00
1.774722877734417947e+00
-2.374007144922916979e+00
7.423785195275989235e-01
6.077717443813074105e+00
4.304231691311407815e+00
-3.612962925894733779e+00
3.201101746718812535e+00
3.304842566741083232e+00
3.970908925214655216e+00
9.128671989064851999e+00
2.852760467907006214e-01
1.365125412543086503e+00
3.672069231165529857e+00
4.605687574317447464e+00
4.698260244896804494e+00
2.373071273898298639e+00
-2.571262030433506318e+00
2.671785941304298806e-01
-4.045674978622176843e-01
9.714612552666448408e+00
4.460040490821361447e-01
-4.899987776275233076e-01
1.162264398835414436e+00
