8.445156068089591628e+00
-1.384036899491317696e+00
-2.564626258305923834e+00
-4.224787110874523299e-01
2.373190100807583303e+00
3.647934623286563371e-01
1.306657327217492615e+00
6.871331219135019985e+00
6.170784083766951866e+00
2.654550070909146520e+00
1.670597179526691400e+00
-3.705353876295723659e+00
-6.961232033380965190e-01
1.863013444349041814e+00
5.217595250958783737e+00
6.146122855387733175e+00
-1.152726472341062403e+00
-1.573496278498055512e+00
1.160204188002754933e+00
8.521769157054629673e+00
-9.344629295941013769e-01
1.916736783233857322e+00
5.045433677096097469e+00
6.690820918084153135e+00
-2.389903898408368921e+00
2.881021190393999287e+00
3.891557258735991454e+00
6.657083539120444371e+00
3.697138405459162502e+00
-2.766987548174680622e+00
4.342305082432709185e+00
2.766735385351367427e+00
1.495051861256903480e+00
3.554290583736539944e+00
5.431479687747351015e+00
-1.998144983899511340e+00
1.492756192585193153e-01
3.212529546969371985e+00
1.769969281316170040e+00
2.524544065653711034e+00
