1.345591068075395969e+00
4.472193212378054561e+00
4.600661446938802968e+00
-2.044147705630305456e+00
-1.718744426735955733e+00
1.329985346182324946e-01
6.442547628253508130e+00
7.536980027295068219e+00
-1.708389964313639320e+00
4.063267754857271541e+00
5.984149248818020794e+00
7.891616031972195078e-01
2.107692608195713024e+00
4.439578015525133203e+00
3.389070338705163721e+00
-3.255769726110626205e+00
1.982419180679622306e+00
-1.094740586900233348e+00
7.564437932822004385e+00
3.871890252228175067e-01
-2.672493481209391231e+00
-1.579980017416081628e+00
5.529080653784967936e+00
9.778509310600487225e+00
1.849857175354956196e+00
2.032874495852237118e+00
-1.944559926871784805e+00
-5.662929475903729637e-01
6.778843592028944987e-02
1.461924872109262585e+00
4.998254698097756688e+00
5.820385234462889024e+00
-5.388591626633726150e+00
1.939568902969829978e+00
3.712536632561287409e+00
7.597380153508885847e+00
1.609096172577539896e+00
5.116999921789284755e+00
1.179446596055902141e+01
-1.590948178313601025e+00
