3.605768519321676191e+00
2.090321102298042355e+00
2.983896544396216655e+00
7.709772541157193793e+00
-2.667403471113931612e+00
4.670927551973683478e+00
-1.038990180000574637e-01
4.237536965286657242e+00
9.900011146881462665e+00
3.043107155515430762e+00
5.481159278919207622e+00
4.678239187980156366e+00
1.347312144423398639e+00
4.666846430456275563e+00
2.202569697927729830e-01
-6.464643347080643032e-01
5.787408163183365151e-01
7.971093391569457509e+00
2.787689527359524355e+00
3.282825281717050458e+00
3.340464664121682414e+00
2.560272587025870461e+00
5.879763798085686943e+00
8.347303729745217282e+00
2.311469674541717811e+00
4.432767620417235932e+00
6.028317116107920981e+00
3.949279419056354268e+00
4.006803993806293818e+00
-1.368625927706221546e-01
-1.840554043765601611e+00
9.695467043838662535e-01
1.076341526670555027e+01
2.710238461242962416e+00
-2.030113612708983606e+00
1.875550690772633367e+00
1.296399485733213508e+00
4.668739709564895257e+00
7.838772603889645474e+00
-2.413508117378981410e+00
