7.766573742026784188e+00
4.071035333133408152e+00
3.502336025619182891e+00
-2.522712711323609636e+00
-3.331672873475276520e-01
-3.288229994478679252e+00
1.081303956039906478e+00
5.286290306754226620e+00
-9.181987007057434980e-01
3.545513957409937245e+00
5.724226371360487065e+00
3.711565180848427126e+00
-4.232908912446114336e+00
9.839384058303406455e-01
-2.948910225817986230e+00
6.613151432137327923e+00
4.351178560508736304e+00
-1.112412762154527668e+00
2.640748048577166163e+00
7.659148972166565983e+00
1.937340345250242235e+00
-1.405029162687717159e+00
3.498641173738507693e+00
7.960354103620034039e+00
2.210872810820739609e+00
-6.592730809175515461e-01
9.538324667190886674e-03
4.203193182015436236e+00
8.305882594041539946e+00
1.658143925413349873e+00
4.976124701924367066e-01
-1.603117132974267278e+00
-5.088445267510742775e-01
1.032561865975170523e+00
5.687040138479965812e+00
2.093262289001744936e+00
-2.601773387812743810e+00
7.899602781257768491e-01
-2.648956095870464988e+00
1.332634071822046185e+00
