3.254677688877155806e+00
9.170020035245368462e+00
-1.570587832155670327e+00
-1.808974891269632401e-02
6.867848345371789343e+00
2.229445710477155451e+00
-2.936574883401921188e+00
1.422856867306839579e+00
7.057386841568485281e+00
-2.775594220870059026e+00
2.319831406248950234e+00
2.336257400988961841e+00
5.321032487136268863e+00
6.046298231528578704e+00
-4.818895330759276341e+00
1.514787115511815774e+00
4.397155805118628358e+00
7.606055414647373780e+00
2.523301222493787854e+00
-1.227769607760442083e+00
-2.235930412060548989e+00
1.513793788055188827e+00
1.902827499606390527e+00
1.852300776844431285e+00
8.560577684532834297e+00
-2.313992329533573145e+00
1.214662020292138989e+00
3.246412779174771002e-01
2.607800987725009012e+00
8.668335227003096222e+00
3.161209404872793005e+00
-1.254606057763233640e+00
2.378718560133286086e+00
-2.149603526187905622e+00
4.820325292301176623e-02
6.856549733447685480e-01
5.137557156749823939e+00
6.101934439306003988e+00
8.802395310957149555e-01
2.934726480193581843e-01
