3.556637688558632604e+00
7.505687746481362943e+00
1.573522739896082490e+00
4.560988538633000466e+00
5.984222137641041606e+00
4.201379372726837147e+00
1.930132825764752535e+00
-4.253863878922852670e+00
3.385621015519032273e+00
2.901957466946740283e+00
5.430152344493962779e+00
1.472163493922111988e+00
-1.651209717558422607e+00
3.114944739235974147e+00
1.013456729689671221e+01
4.933409615751956245e+00
1.176499963893022027e+00
-1.440023336334992576e+00
3.259127621439839029e-01
2.758274400561546269e+00
6.188676845227670142e+00
-1.398576534487650846e+00
-2.412330353289826590e+00
1.848816155686319851e+00
6.852561576272307775e+00
2.479535694957526459e+00
-2.675743488309454854e+00
-1.360224962196119547e+00
-6.959408657484189575e-01
8.870145284157180399e+00
7.888784121595233678e+00
-2.609380979781171117e+00
2.181948073864496074e+00
3.027277110840500107e+00
7.194046806506951164e+00
4.927221871016433496e+00
-3.336800906108575937e+00
3.536128535429059472e+00
2.154490016621702697e+00
1.275059192816041520e+00
