6.252204789917994887e+00
7.989597492456443462e+00
-1.113270236254639611e+00
-1.989192187026447511e+00
-1.007642149796350584e+00
-4.730425183586072779e-01
-3.590720279096403456e+00
8.581122376609624069e+00
1.108555281431469641e+00
-3.930639660050035289e+00
1.807518063718244639e+00
3.557177650902513921e+00
5.471427786567963025e+00
8.256675949782630752e+00
-2.351510828942052544e+00
-9.083151237518187759e-01
1.801042757193404453e+00
1.393840473729407892e+00
3.890116755376441748e+00
8.479318471744626606e+00
-4.997122503215924993e-01
-6.289912179367912470e-01
1.766959078001036354e-01
9.462892032929759445e-01
2.819088284456785054e+00
5.930251133792253881e+00
-2.971896349846265828e+00
4.256018207026641686e-01
1.125773604224635349e+00
6.262512804537940347e+00
4.648423001107105712e+00
-1.980101003332936704e+00
-1.472019555048744044e+00
5.247903759954376524e-01
2.165805170440409544e+00
4.938342470283146213e+00
2.202241725486657753e+00
-3.500085280399213516e+00
2.490731548286867270e+00
3.801261826879274164e+00
