2.692417024485981525e+00
8.813592527777267094e+00
3.984863174470963942e-01
7.359614386943390957e-03
9.341440838664324953e-03
2.171270893118960821e+00
3.024540614911928937e+00
8.162978119397886090e+00
-2.103908645131114419e+00
-5.119269558275859611e-01
7.733607465432429384e-01
3.822828998868984751e+00
4.932559680337257113e+00
-2.304552484035927051e+00
-1.232965036133001124e+00
4.466671161687317815e-01
4.768384802239904907e+00
8.986501510336506016e+00
-1.513496256219050595e+00
-1.310148121381821573e+00
2.546826158192555312e+00
7.029180046707114826e+00
3.408230535684557694e+00
-2.741711892415489960e+00
-1.806792611899879608e+00
5.297545873698610297e-01
2.451638592314397513e+00
3.748571254959268018e+00
5.084299687465396289e+00
-1.576657603480059455e+00
3.080060127836614203e+00
-1.357688297268570654e+00
4.402816941713362908e+00
4.138056696142950130e+00
-2.845111759727414036e+00
1.667186435839785652e+00
8.202035810457513065e+00
4.918456148970263619e+00
-3.124285419890212800e+00
-9.402774666107757140e-01
