6.135156625799850216e-01
-1.931929318640477122e+00
2.466830768989562106e+00
6.603768170516348235e+00
8.337549569513432957e+00
7.226865886895081914e+00
1.787812012728910327e+00
3.937145708577649117e+00
2.709886344985969142e+00
7.387687587011559920e-02
3.724738360536137272e+00
8.147501903522956113e+00
1.282444269344072740e+00
2.404275766442633078e+00
5.871602521550157938e+00
-1.581235068345871797e+00
-2.597099645167731730e+00
-1.627038438378840102e+00
8.692032568978735441e+00
5.534883541486007585e-01
-4.063689077552756324e+00
1.321840238297724346e+00
-3.164147369105893559e-01
-1.454051653726435411e+00
7.557734663191797431e+00
1.570701402704345107e+00
-2.933123638944580058e+00
-3.785376987470356336e-01
8.897962355143588908e+00
-9.629023529387099600e-01
-4.588588439385325124e+00
-1.518194311616555048e+00
6.376390261825673811e+00
4.828175909734676807e+00
7.470804705935786272e-01
4.682166136332478246e+00
7.586885500528393500e+00
-2.417762630879037644e+00
5.221539625168735155e-01
5.732441333830291086e+00
