9.572736222234673464e-03
3.258905996020196039e-01
7.821263613440385676e+00
4.907196214604000239e+00
-2.163858017427723546e+00
1.512914241289447403e+00
9.564725981106253494e-01
3.123765501332651073e+00
9.154921098806038771e+00
-5.200349133163528759e-01
3.422439621878423655e+00
4.445111702395627695e+00
6.345792896536588401e+00
3.015696072745825074e+00
-4.355987282393966709e+00
3.080043433581068690e+00
7.682149641858344147e+00
2.474471731513462558e+00
-5.146669622856219206e+00
-1.207549856651775055e+00
1.046321743388101799e+00
6.177650774731752392e+00
6.564909665132767635e+00
3.864089470295726692e+00
-9.118776146058110710e-01
3.043526039301617470e+00
5.731222897114433223e+00
6.036452822443558297e+00
2.784116915742511189e+00
-2.012669441791126612e+00
-4.298903439869020682e-01
2.199320029274968835e+00
9.018520516314623592e+00
-2.196538415577434566e+00
-1.100015029400474020e-01
-7.662660321914338546e-01
1.294523183367448871e+00
2.112698753896572690e+00
9.024857105035163585e+00
-1.912287566605038514e+00
