-1.610777309609094932e+00
1.975405893011288772e+00
7.295560348365427217e+00
-2.139311550605261569e+00
3.803203501542617104e+00
3.162566306931815951e+00
7.955612831280361341e+00
1.251610920589090625e+00
1.575598292555713487e+00
4.818334331095477374e+00
7.984833956116437648e+00
6.707923036403991901e+00
1.078950886691714572e+00
2.245381271101463613e-02
4.017253577357831951e+00
1.230349220968258050e+00
-1.312016614296296568e+00
4.670100183875215416e-01
7.791007407408362617e+00
-1.977114375328952400e+00
-2.521267123828474954e+00
8.962809017946269385e-01
2.754641684280189295e+00
8.733950286740856939e+00
-2.567675468413578077e+00
1.146258467418799887e+00
1.288942817008699837e+00
5.636649910183895607e+00
5.830470508658840423e+00
-4.668864562376348282e+00
-2.874484153502388839e+00
-1.795099544770303757e+00
2.148670870836407065e+00
9.770340419267926180e+00
5.992689739925748604e+00
3.766144262471935455e+00
4.669135112949144961e+00
1.900878155988187101e+00
4.561731900878619683e+00
2.669710165846093552e+00
