3.489314577406672058e+00
-1.716382091656593945e+00
3.844361806160924377e+00
3.246428131539057738e+00
8.658463245875155367e-01
3.411421730525256990e+00
6.772144643257107965e+00
5.240627770400336782e-01
4.774480889475192669e+00
2.628859335302174749e+00
2.283622816012830792e-01
2.649391536182809315e+00
1.006993247231518573e+01
1.643956580658840316e+00
1.050717537860030193e+00
4.347570604519882309e+00
4.802944644344084857e+00
3.999765088623307374e+00
1.188744882195065689e+00
-1.887176657013829750e+00
3.903375401033557068e+00
5.140945411315372304e+00
2.107165374032177851e+00
4.224404405160515630e+00
3.761535218306036210e+00
-4.144653159035279977e+00
1.898315709563294984e+00
1.235824889832747575e-01
4.942838731124639118e+00
9.346021173111665803e+00
1.140470327164831710e-02
5.492198230409029769e+00
4.854030223816665490e+00
6.500668833275435876e-01
3.733191347158482110e+00
8.617839673788267874e+00
-3.156904878724549057e-01
2.104843049940560817e+00
4.676378212702193338e+00
8.175311457371554624e+00
