-2.841811883722134446e+00
2.559799175187631004e+00
1.769139753523786940e+00
2.254247005894994160e+00
7.365862026535793028e+00
-2.084823552202415886e+00
-1.995990688292728743e+00
6.678386981648766207e-01
4.068042814918156225e+00
9.095545037551344691e+00
5.346852139316454533e+00
-1.795353884149627932e+00
4.643933484503676823e+00
8.059033880968859975e+00
1.349046211656932170e+00
7.746462264514477614e-01
7.274038851351938284e-01
4.737671816214349185e+00
7.524706077507604007e+00
2.818519584187349825e+00
2.446667890924413502e+00
7.106310942956286514e-01
-1.137770031932052728e+00
2.242927642571514113e+00
7.762160425755317839e+00
-9.389263366384237308e-01
-3.706876730517602692e+00
-8.389522859835857327e-01
-9.612880424405316759e-01
5.745882784937673904e+00
1.580420137384574986e+00
-3.575972693820058890e+00
3.104980933986007496e+00
2.625663236776694553e+00
6.641402824656690740e+00
-9.461463183209238847e-01
-3.128997514117015211e+00
-3.253468155443237642e+00
7.253144694079058041e+00
2.838864786308359811e+00
