-2.146743936193119318e+00
-2.899774358881485714e+00
8.216288391034297645e-01
5.612352434328387041e+00
2.034984382083152354e+00
4.328872116282763471e+00
1.045652254745119158e+01
-1.138632796959212712e+00
2.521587199524329415e-01
3.311378862462313055e+00
-1.566504532997818333e-01
1.653244604133822460e+00
6.203869885750402879e+00
-1.412130440769191475e+00
1.306339220123875045e+00
2.374867611629188913e-01
6.155971638539545765e+00
1.285157325033021714e+00
-4.956159037386567157e+00
2.563698168488734996e+00
5.995978599840363188e+00
6.938309231123518828e+00
5.197789636352933229e+00
-2.021739170956196929e+00
3.702816032287992165e+00
2.759300445142780944e+00
8.091337509181231180e-01
3.016122488816758818e+00
6.562278334428373938e+00
-5.396001470193411143e-01
-1.503595519830378757e+00
1.838328880174781910e+00
7.461864341666378131e+00
-2.921438025322702803e+00
-2.319850774501936552e+00
2.249983160678026006e-01
1.560441695379527705e+00
5.050553151601709700e+00
6.089588086530298483e+00
-3.899176742530020334e+00
