1.210509059827995282e+00
1.025786868965184118e+00
1.007470865409275973e+01
6.115887145697807448e+00
-7.473508733410875182e-01
4.839644737314920064e+00
-8.108640352387116446e-01
8.349963547395659047e-01
9.760001541423637406e-01
2.885279625490623889e+00
8.215291185035498600e+00
-8.760007478308791118e-01
2.794287717049715347e+00
3.944829299749054385e+00
5.550185213225200975e+00
-3.607988465696729818e+00
-1.614903489322889740e+00
-1.792625010311466038e+00
4.772702088768788542e+00
8.569708816063657864e+00
8.747104376665943981e-01
1.111127572579265532e+00
-9.142263508653646342e-01
1.139450700286076534e-01
1.218147070370396268e+00
4.815256621244758506e+00
4.498472168901395563e+00
-3.594229267284370977e+00
1.992280195487263095e+00
3.518420085686028376e+00
7.879807772884793948e+00
-2.316622575016344499e+00
-1.034202757974464593e+00
1.876063582648894723e-01
2.271007683281366596e+00
5.615840874343604128e+00
4.604959146243802870e+00
-1.043160900608827824e+00
-1.107614409764610564e+00
5.512093982144644855e+00
