7.637907798208054544e+00
1.721096897166599637e-01
2.918242510800495015e+00
1.840768575088889802e+00
1.129206475391781456e-02
2.477692749240063552e+00
7.054516690466819284e+00
-2.042093293487393879e+00
3.828542488952077161e+00
1.422819298093955132e+00
-1.814977320742675593e-01
1.817332933466486722e+00
9.763969017984965859e+00
1.998888992053557745e+00
1.758486582619227079e+00
3.508471673220132203e+00
2.679339009772204516e+00
4.268969645220176190e+00
4.064043899702870277e+00
-3.148911381922367969e+00
3.704516609922927195e+00
2.386333005382194283e+00
1.245088473926410977e+00
3.452568030850687197e+00
6.317338144308714654e+00
-2.960567111169976950e+00
-2.228835350988251474e+00
-1.108098428564809668e+00
5.726996659207615359e+00
9.422547963955011596e+00
-1.158218426459759032e+00
4.590127163370996577e+00
3.370804336068385254e+00
7.486260196520890808e-01
2.651706376631689732e+00
9.018229299708774960e+00
4.502613400249942943e-01
1.338111674814931984e+00
2.406490699812305678e+00
6.262766048907141503e+00
