-2.121267640963432344e-01
2.734525569175054294e+00
7.794141635377259902e+00
-2.655711974034806744e+00
1.575382283030751229e-01
-5.369321122464999763e-03
1.777897604637586060e+00
9.937177563388344126e+00
9.249295399610939494e-01
-5.213948372937018405e+00
2.287673118470028299e+00
3.027331062855744825e+00
5.812760092965239878e+00
3.345885536491932655e+00
1.625146881623438025e-02
4.593375339496055254e+00
9.407124701284846680e+00
1.918806017051865709e+00
-2.155085246691619549e-02
-6.376971466719122406e-01
1.821687711583537927e+00
4.698660525674837274e+00
3.746463483448524201e+00
-3.181510177217407698e+00
-2.507234241448335954e+00
-2.838230737062852338e-02
5.650248641302921371e+00
5.009690603828949484e+00
-1.230726534832373709e-01
-1.977751198455498516e+00
1.908668058201405726e+00
6.994939875535051144e+00
5.387563518464284940e+00
3.850997493576435726e-02
-4.317090007770604809e-01
-7.929301374729216256e-01
2.690140472105898795e+00
-1.151467291399130843e+00
1.975018255614004126e+00
6.366018232365974860e+00
