3.766797380364912406e+00
1.051408549501936207e+01
-6.384365121909343355e-01
6.455400738314879261e-01
3.174876086594488278e+00
1.063347127317628171e+01
6.708510905097210042e+00
-5.264620060833763660e+00
2.193372536332005129e+00
1.459336177222624986e+00
4.418428656184791414e+00
7.271651609079190948e+00
2.057263084175498413e+00
1.166716710489802633e+00
1.055302014296292334e+00
2.610190620511933624e+00
6.307853921007675169e+00
7.535735163286712002e+00
-2.792742039485387018e+00
6.614591914372773829e-01
4.708080918758950517e+00
1.001139559956515690e+01
-3.745629631670944981e+00
-6.303535461744023127e-01
4.355503520122117056e-02
6.266388418900373125e+00
5.609883002344597358e+00
-2.935153153549993732e+00
3.731649434832463363e+00
2.897544775597120204e+00
1.776534058702598395e+00
3.866572335324759635e+00
8.718169078675419570e+00
-1.373432442984241275e+00
2.621697603516400132e+00
5.309947118290371471e+00
7.094685122298216129e+00
-1.072638704123734410e+00
-2.998339987038200150e+00
-2.950647349684044074e-01
