5.750072142627671745e+00
1.328991860724219709e+00
5.006272920148103545e+00
2.681956818015619692e+00
-4.793930463878531611e+00
4.292440225228434159e+00
7.875431323848562037e+00
7.423722366357004887e+00
6.792011071737587002e+00
2.420217887997156314e+00
4.078727483639600138e+00
1.901253134302148817e+00
-2.652364138245616454e-01
4.478294038007207156e+00
5.710679701136229802e+00
1.575311940794424381e-01
4.240484917874995929e+00
6.872314684488754821e+00
-3.458599173863756704e+00
-1.670756854335491592e+00
1.919742689763937471e-01
5.490051924136605699e+00
7.348974359774787857e+00
2.287848131102402149e+00
5.176172395776935942e-02
-1.161714400835684557e+00
3.154325992337616125e+00
5.162468881913318874e+00
6.009643507362254056e+00
-1.809047555450268518e+00
-1.973874650126951291e+00
3.678955454799240909e-01
4.147449410105272349e+00
9.720027072815927482e+00
-2.459464475279128148e+00
2.776398332126893131e-01
2.412516505191467431e+00
-1.192675279600755145e+00
-1.198677803610572301e+00
5.758148317501190938e+00
