8.067816715527098559e-01
-2.366791675043800502e+00
1.764324111469870171e-01
5.915365365518974627e+00
4.071686521025165817e+00
5.296538208030821870e+00
8.640597176112279953e+00
-2.974137127649313150e+00
1.583501254902652811e+00
3.778738717807449632e+00
5.825921923863192076e-01
2.103344394116692051e+00
6.151763213338509395e+00
-8.521302934340339030e-01
2.122204309197363692e+00
1.567821673646379033e+00
6.171853670569996453e+00
-4.815652830394763217e-01
-4.208048994139129917e+00
9.895385235133696833e-01
7.493351437612189692e+00
7.570696648007553264e+00
1.095476142471812242e+00
-2.057941813631060324e+00
3.944107628430528756e+00
3.874829372879410538e+00
1.144617574645139468e+00
3.527959421832527642e+00
6.182195786205213928e+00
-1.761753433083124376e+00
-5.252775153312645440e-01
1.683291412592165859e+00
7.236855414553147625e+00
-3.578449669426032376e+00
-1.098679147314267912e-01
3.529373767777445603e-01
2.074790465208004697e+00
5.796373771929609120e+00
3.917408456560448116e+00
-5.092807007519182250e+00
