7.311271047779985821e+00
-4.841981101709321167e-01
-9.131744392825629220e-01
5.117358808850746010e-01
1.042421330395960588e+01
3.358222170538429641e+00
1.383693968063003155e+00
7.389224231565990841e+00
2.709784812269410814e+00
4.313282990296916641e-01
5.377527430640071771e+00
3.023747107862432504e+00
-3.643371853316346720e-01
3.567506047256045143e+00
6.590083843784753981e+00
-3.657204084077355422e+00
6.388995115548474768e-01
1.381320687909302736e+00
6.273379434044004554e+00
4.381423072628915172e+00
-4.960862711639193456e+00
7.195117051264597885e-01
3.913056846816854950e+00
7.001096614202325874e+00
4.766465051193454094e+00
1.839319549323919389e+00
-2.209048825729617693e+00
-7.958565288056935749e-01
2.178196680889998849e+00
9.332080325897637252e+00
3.329512701679947284e+00
8.863781543684604580e-01
7.818825310389295735e-01
-9.266660663530698061e-01
1.422877211955517973e+00
1.077319759107651365e+01
1.575532008494110014e+00
-4.044308480581324972e+00
7.687390695018895270e-01
2.111313828725501551e+00
