5.247601066908902823e+00
-1.487621473060398936e+00
-4.321392882431249305e+00
-7.554224599561418785e-01
5.875155114835047598e+00
1.174429927033778576e+01
-4.829169469196227249e-01
-1.945362925465101256e+00
8.084091967912288013e-01
-5.405676101972793912e-01
1.142383164251728145e+00
4.753979439744248303e+00
2.180771732716140665e+00
3.688515946149461544e-01
3.246600672570020940e+00
9.650386482840152880e+00
9.860416723731467714e-01
-1.351111846545131723e+00
2.565145362203049562e+00
2.245521842488733988e+00
4.823379937347104018e+00
8.540098431640652521e+00
-4.725378076376214764e+00
1.898443916096595352e+00
1.207451880577623538e+00
7.132814358254583986e+00
4.489700610550075854e-01
1.154287823995783668e+00
1.300809960985928271e+00
7.082171257290769795e+00
6.928404142069283900e+00
9.558868849301663806e-01
5.577468652055336484e+00
-6.361173423267113547e-01
6.458645943061448735e-02
-1.034876785405307364e+00
7.211700094601616762e+00
4.828146535166082387e+00
1.287992656153642557e+00
4.044247402745102526e+00
