9.030095049921549322e-01
8.335290023277485361e+00
-2.555765178719843878e+00
2.624023468281643456e+00
2.345345457696023317e+00
3.697037291764893929e+00
7.281552361000612095e+00
-8.233064230917060966e-01
-1.823498488031749964e+00
2.222653216184476310e+00
9.573539689228828919e+00
1.369457198729424618e+00
3.633324425877424879e+00
4.735248009175206718e+00
-2.590205344126396358e+00
5.050597711491235930e-01
2.920116904098113420e+00
7.064930039452184118e+00
-9.053123899192977442e-02
-2.913762569819843051e+00
2.791388594509672139e+00
2.839694107224360664e+00
4.571693525954143134e+00
1.000864503683640550e+01
6.708084403158024456e-01
2.919736360483102811e+00
1.840382087638686048e+00
2.259097182403029702e+00
3.649779994175229358e+00
4.989147735250934801e+00
1.824929091749744714e+00
-3.937683551049901975e+00
8.111649356367844899e-01
-1.688065942846071144e+00
3.864071546353438968e+00
1.182064046673206015e+01
2.163581393725808599e+00
4.154036603267057259e+00
1.048244352075138330e+00
-3.533438615544422845e+00
