-4.687569695860332453e-01
5.343910433579653230e+00
1.057648176277567487e+01
9.110531345810786163e-01
3.659600547869433118e+00
1.666007912912683242e+00
-2.157206672708168682e+00
1.461483930954020627e-01
6.858570441155334985e-01
5.563749049657904955e+00
8.048560774346666946e+00
-3.532994033606773332e+00
3.302436018390670025e+00
5.147585031988064053e+00
1.442568369484207302e+00
3.096750461580854541e+00
5.532358437129281548e+00
-3.248316194463861883e+00
-6.419915632611659095e-01
-5.708631992057819904e-01
4.699439847970169559e+00
7.407424307539268504e+00
-5.899930808168869945e+00
8.165385715125705879e-01
-8.417783134414388302e-01
2.589092937981548825e+00
9.551213629015332884e+00
1.627638907415026814e+00
-7.169427845622041717e-01
1.102607085641203355e+00
-4.583927809954831956e-01
2.364114127639446172e-01
2.460620224938109502e+00
7.309708758867318856e+00
6.881757662941897280e+00
-4.166908504466136698e+00
-2.748279501524441670e+00
3.988126195088058878e+00
4.101951659310336673e+00
-2.333200181163809894e+00
