6.342708732126252080e+00
2.856549836401542475e+00
-4.158908627098180766e+00
9.751152802998173108e-01
9.698862283336898704e-01
3.188096311216742085e-01
-9.852869523816509822e-01
2.509524365008627633e+00
7.839428402958240838e+00
3.451579516398489034e+00
5.674495761317176701e+00
8.447447431671447404e+00
-2.108733579763980792e+00
2.331697268411744517e+00
2.271780592086601658e+00
2.923370142933130467e+00
7.315132606170744900e+00
7.852630624542007887e+00
2.803663680146060710e-01
5.307835236903116538e+00
1.008674420220125656e+00
-1.208893018215536852e+00
-6.672207292729683825e-01
4.712533969440401371e+00
3.090658941273189519e+00
-2.662318911582075120e+00
2.554490966490502446e-01
8.814192289128637725e+00
-2.121365173717276509e+00
3.298950482311674648e+00
-1.460479576571876992e+00
2.384445505994822856e+00
6.660508441922364575e+00
1.824817960335153311e+00
3.978584575455164529e+00
6.225648808162741688e+00
-4.670603582313000324e+00
1.379873510537654724e+00
2.923950201430913776e+00
5.212772549720861015e+00
