3.217682328008693915e+00
1.835629654022535195e+00
3.042456532089669707e+00
4.053464612064272998e+00
4.765188599535175484e+00
4.381113612897774345e+00
-2.385649536839187235e+00
-4.702869606954802606e-01
2.432710780330032740e+00
1.065680402362755252e+01
2.423193438734951410e+00
1.693069682494930395e-01
2.519499483836177944e+00
6.819482689728464386e+00
4.245823731299845250e+00
3.411268708688401485e+00
6.159282579300813687e+00
-2.790682484364153115e+00
-2.552866512326498416e+00
3.025624254235909638e-01
7.103050359894294452e+00
8.335798707453525580e+00
-1.682294993289378482e+00
-1.464645721714272542e+00
4.312748925589864335e+00
5.423087965054929960e+00
1.106640837150334900e+00
4.396515847122398846e+00
6.810865263747314380e+00
-1.395895942424216774e+00
4.912991454131210745e+00
5.281081528178730444e+00
3.355415988188427789e+00
4.863866253644584248e+00
-1.242370907089127563e+00
2.425984767647922258e+00
2.296517787467160510e-01
3.210081999044107626e+00
1.162757576039329699e+01
1.746640431428280404e+00
