-2.874432749019559807e+00
3.048017196308200338e-01
1.010685833499397468e+01
2.960220011978317078e+00
3.462756864063925022e+00
6.233170727532035826e+00
-2.266625161387788856e-01
-2.074880670715177455e+00
-3.364001980212470988e-01
1.363579124521274055e+00
9.055603132097358454e+00
-1.671988741263686462e+00
-6.876621547435518567e-01
6.507744690675637544e-01
6.672930283223360348e+00
2.654597641792932006e+00
-5.381720991582779057e+00
1.352971913936367621e+00
4.905651008035551541e+00
4.707326874466565947e+00
4.171887589423916687e+00
4.524472761513710140e+00
-5.084290359684733307e-01
-2.045246061926877523e+00
5.648961071286811020e-01
3.021232060817924392e+00
7.048348155404811521e+00
-1.254472279062075257e+00
-1.777823557117599762e+00
1.529878298950893889e+00
8.234898975793356612e+00
3.317564168554519632e+00
-2.235986161693774843e+00
-1.015811395019874386e+00
1.214049002522338494e+00
3.193371985706434657e+00
4.445300246169223257e+00
4.089028010625841425e+00
-3.008245696248072587e+00
3.740642218978704747e+00
