-6.461391548085492209e-01
4.295195188530961161e+00
1.042194823792937086e+01
5.498299363737030099e+00
4.296190309647646366e+00
4.178209643213594227e+00
2.034617914752295142e+00
5.493588485426582402e+00
3.732800130976358766e+00
-1.722076407204305326e+00
3.267044969986555358e+00
1.446988075717508204e+00
2.773450920076897752e+00
7.081502316342233705e+00
-2.207530549123956742e+00
-8.876611893812935694e-01
5.229401097872145021e-01
2.510540631070977913e+00
6.874050425329016001e+00
-3.867876409645242486e+00
2.038760371360464507e+00
-7.858528491109337821e-01
5.087932302121226158e+00
2.645539594124425964e+00
-1.979111571802301572e+00
2.115588292278163252e+00
9.884930169883318740e+00
2.380479880684595706e+00
-1.354178876433035139e+00
-7.014120186739379870e-01
-9.519921911522423175e-01
2.791031700466769516e-01
3.444151911205737271e+00
7.982654936878789798e+00
-4.484153440203899166e+00
1.195140901721620796e+00
1.774440533074728821e+00
4.613088124086371700e+00
5.580191776973748574e+00
1.058284211622217752e+00
