-2.526638828574511830e+00
2.073320923538233718e+00
2.344741483120215797e+00
3.945920631633191178e+00
5.693561619890889602e+00
-3.706346370173047244e+00
2.068885971875510599e+00
1.426830379783007308e+00
1.696480840051072692e+00
5.885013110503620304e+00
8.636651497237078701e+00
1.025440989266992675e+00
4.250962503807749648e+00
4.472639927471004029e+00
-2.323257041118794941e+00
1.936375374040797848e+00
3.499912808435313161e-01
-3.896446157398995025e-01
7.550757889247777577e+00
1.070792584282653115e+00
-1.601978339537235563e-01
8.892613900632356794e-02
1.632053939398218967e+00
7.717227917079370947e+00
1.120151672515911745e+00
-6.653827185771889141e+00
1.317694121129042051e+00
2.549837971478786658e-01
6.639554710748273081e+00
2.555009451974288304e-01
-3.688707202612235836e+00
1.544577394564520478e+00
1.444473460149683142e+00
5.897653855927670330e-01
4.824967088395370141e+00
2.598401747641102322e+00
-4.750173991943960061e+00
-9.315543417804679205e-01
9.907077628221108156e+00
6.808966776047830072e-01
