2.355762334269648317e+00
4.230672176961639330e+00
9.327789451959221267e+00
2.833391105577214297e+00
1.684514029011701997e+00
2.545462372330211664e+00
4.163500194762049134e+00
6.944324894032920525e+00
-3.375431721803793472e+00
7.246716211134914820e-01
3.044912230066915804e+00
9.140860775190974508e+00
5.962910452457641952e+00
-1.231956840271682285e+00
-1.401046025274459206e+00
-6.409654327162566112e-01
4.092349854590120017e+00
7.880888838819330999e+00
2.451738179493627268e+00
4.008581769892474611e+00
3.136264028277782945e+00
-2.179535432672231821e+00
2.395275228148117108e+00
8.404099195930601951e+00
-2.479698922528523752e+00
-2.982286901778186561e+00
9.277996923229984150e-01
2.104676574247218990e-01
6.087165690766732640e-01
5.464596995051824280e+00
2.333320241101231929e+00
-2.445420175909693405e+00
1.627497110603749908e+00
1.023418365949025954e+01
1.304188491454534526e+00
-3.708128213172053211e+00
-4.236057459694621968e-02
2.990805314958548067e+00
6.128836201116724780e+00
-2.052016362815904493e+00
