2.465479748593808473e+00
4.144943562115517288e+00
8.400639142811279214e+00
-5.632243630854150140e-01
1.798748048352767359e-01
1.416117599158001950e+00
5.768428505807730922e+00
7.576833322194029385e+00
8.716317451261412774e-01
7.392300524013185881e-02
-6.375040004318797138e-01
2.339206264660417034e+00
8.179575031800629503e+00
4.522794875824963867e+00
-2.729285804536353055e+00
5.645835456147703102e-01
5.967764915438626083e+00
7.033199549942383833e+00
-1.778944665082246468e+00
5.105562713436758493e+00
2.948072982846905887e+00
1.596675635907922830e+00
3.584820202801811462e+00
5.556391784637412457e+00
-2.055929251130093949e+00
1.613852897183417845e+00
2.207668533061918126e+00
7.451922317941919616e+00
-1.669952642371426821e+00
-1.983743994915172948e+00
-4.467773465161371527e-01
1.439007231427048339e+00
7.649307890693331835e+00
-3.163513820003635235e+00
-4.284661206960890256e-01
8.924788231227638313e-01
4.660791030996256801e+00
6.882498332595207380e+00
1.080513644404431872e+00
-6.442080155898927352e+00
