5.067555321545540004e+00
-2.885731092219133043e+00
-2.366244898313141665e+00
1.728835561107514129e+00
2.533144901788949799e+00
4.622434203990524182e+00
9.170820621382024029e+00
1.161068867118090209e+00
3.056968899927034578e+00
3.786900612314151537e+00
7.392314105596100582e-01
3.350786097492165716e+00
5.902807675587169456e+00
-1.105192068378011649e+00
-2.501658292240036996e+00
1.347480944041117512e+00
4.166476998279392774e+00
5.955592034636058685e+00
3.296041435968939837e+00
-3.250492645745947762e+00
-5.710158362175568048e-01
-5.797019942988843599e-01
4.036670447977625642e+00
9.198470216224468032e+00
-1.286927546932808086e+00
2.302285851469186628e+00
6.601398785156174787e-02
1.172859757192867391e+00
1.861509804017727143e+00
7.681894982777915715e+00
-1.760525591019058034e+00
1.094700231041658978e-01
-2.012222567225668834e-02
3.266286477377097874e+00
9.124352333398890735e+00
-1.186593390753531985e+00
2.400479995495779395e+00
2.471254648056379288e+00
1.554368890215428456e+00
3.169593477155829397e+00
