6.375777136119755717e+00
2.332035190839589323e+00
-1.250580082317893194e+00
1.190297003719990920e+00
9.359789294643322322e+00
7.829584803083464273e+00
2.909638599503805878e+00
4.540390820181707809e+00
2.284982762734918627e+00
2.381815597158151387e+00
5.795336064595922876e-01
9.638219570508989031e-01
4.485227360039159450e+00
7.033485193903650234e+00
-3.160566987968092878e+00
4.072605841418680761e+00
2.102427172218472307e-01
4.965708214926392028e-01
9.864006169271139157e+00
3.634023348454602065e+00
-8.086470680380660525e+00
3.340062900689458214e+00
5.065001323136464784e+00
7.526586497491219774e+00
7.200067471488747373e+00
1.751174075094821259e+00
1.728522957540441496e+00
8.934792996916249841e-01
2.974875402693374138e+00
5.740658749366231106e+00
5.097649013061697154e+00
9.472094806432849179e-01
-2.327883709326566297e+00
-2.117973457741590515e+00
1.693146388900035326e-02
6.506198765600364808e+00
2.018069325338920361e+00
-4.458907552430356525e+00
1.720050411562469739e+00
-4.124125060226305761e-01
