4.918883258617477772e+00
4.911720462284369759e+00
-1.092633834057896491e+00
4.027477825843954307e+00
3.330246615563469348e+00
6.170255401354174829e+00
1.909491402154206652e+00
-1.980517985019296212e+00
1.390263524676523144e+00
8.420723994341217988e+00
-1.424169545458259245e+00
-4.613710039830595022e+00
2.690878931389519391e+00
1.742995918271686318e+00
2.033434155992891235e+00
6.941678264616495397e+00
2.246631735787242068e+00
-3.200363646655120853e+00
-5.088395632931412838e-01
1.353750247821035257e+00
4.151751080095890778e+00
5.516569087397807714e+00
-3.096203722645481271e+00
1.916791383255114001e+00
1.810196863455056093e-01
5.646059365244396666e+00
1.321914203930782739e+00
-4.392675090009350747e+00
-1.072188753971577757e+00
9.235968207266132879e+00
5.606447591239455130e-01
-2.734875190276160772e+00
2.957841349420328725e-01
6.525416221617967416e+00
1.370877429363074551e+00
-2.187776335389326032e+00
1.696488879279268724e-01
1.054438363427604486e+01
1.305192171768159382e+00
3.612495183347696148e+00
