1.350734220916580908e+00
7.985873691525627649e+00
6.852314878614940596e+00
-1.359104312466781650e+00
6.438558444847735984e+00
3.053833883118430403e+00
-1.160387795878502715e+00
2.169598712401040519e+00
6.420661451244033202e+00
2.828326273987734396e+00
-4.508894031174727424e+00
6.604256022576286966e-01
-3.618369682537499188e-02
9.317475374437105273e+00
4.734323663561779583e+00
-9.872121556680444332e-01
2.963499408686289360e+00
2.727583581826348302e-01
3.234695980045808827e+00
6.800351805970392682e+00
1.009737358054631384e+00
-2.958122466181117183e+00
-1.466252609318370315e+00
-8.621580091371477961e-01
9.523758987224034911e+00
3.330168266637963281e+00
-4.662876727682662370e+00
-9.587390612312994831e-01
1.383223119259255451e+00
5.173800707415330713e+00
3.274278635123934578e+00
3.395952820560420360e+00
5.059577327881829234e+00
-1.607233264514056348e+00
-4.845181174212978448e+00
3.008689120602777489e+00
1.466069116286019991e+00
1.630706627712471324e+00
5.043130856959779251e+00
-6.333866005795744103e-01
