1.644787009093764851e+00
5.239723016858437887e+00
7.900165330953754506e+00
-1.443274399200361824e+00
6.577035209513232283e-01
1.733108410017637713e+00
6.204464377272649322e+00
7.318728911572262241e+00
-3.229894818287147862e-01
2.773238346103528706e-01
-3.427041876296296197e-01
2.396757194963289983e+00
8.502348635741077132e+00
3.140348567725166795e+00
-3.338604159763535417e+00
5.684798473338017466e-01
6.223723883277205715e+00
6.606731157417160993e+00
-1.645243888457538883e+00
5.392731753966553576e+00
3.687714202984825107e+00
1.636570916781118878e+00
3.835202135225099784e+00
5.186759179448010570e+00
-2.058088242356104658e+00
2.007524949407638371e+00
2.959909310838971574e+00
7.134367373627767961e+00
-2.342836360282153141e+00
-1.142131850434903395e+00
-3.453547510573010682e-01
1.535484846929610292e+00
7.525565985156537963e+00
-3.141201868843523481e+00
5.286619247517782005e-01
1.154187676997190160e+00
4.992799166346601147e+00
6.727903470433933997e+00
-1.160995705414739509e+00
-5.937647069956498491e+00
