3.582164072604840932e-01
2.878808600838596021e-01
-5.738593194961150168e-01
2.323069599555344755e+00
7.772867656853711615e+00
-6.716841299983193903e-01
-3.291229988152277741e+00
-7.940178662809860288e-02
-1.504545722328588242e-01
4.076970060278943819e+00
8.504020235688591001e+00
5.238233795244171542e-01
4.195364318841794393e+00
6.151840609280439409e+00
3.422795627457138057e-01
-1.273827450003393258e+00
-1.592550611899318680e+00
-1.193281577464851528e+00
7.577857610920135656e+00
-9.950732500598646890e-01
-2.003227523939653754e+00
-1.395030772818858900e+00
1.352689268551321877e+00
5.874706874503434761e+00
8.607823872320912173e+00
2.230691505907925976e+00
-4.758167879115467791e+00
1.707850984650985726e+00
5.941668493034082843e+00
4.415683059257941245e+00
-3.498312492466242762e+00
-1.374335548147041619e+00
-5.972702882874650898e-01
-1.244040447214621592e+00
4.627289006259124093e+00
5.658967623828322857e+00
-4.557801381029070953e+00
2.664928704322666153e+00
8.208574971312085466e+00
5.559730983527687798e+00
