3.769183015756748523e-01
-2.520244789318842216e+00
2.439669251187450705e+00
5.043038005046888372e+00
-3.912131567973730295e+00
2.733680944012645497e+00
6.441503670757946054e+00
3.139193582426718976e+00
-3.555333531981568651e+00
5.310588460897013086e+00
1.231856135949379816e+00
6.900140829974766854e-01
6.218674241606900743e+00
3.645489064235592380e+00
-4.354064941334055305e+00
-1.252585068518802025e+00
1.742418223098831653e+00
6.874667486891336665e+00
8.122727309296463361e+00
-3.009015070781090095e+00
-2.748454239331658222e+00
3.452559621875863627e+00
2.585766687547844001e+00
1.781953906448000335e+00
9.468334412016670143e+00
7.148962073180211263e+00
-2.904672705521850862e+00
4.346018543735658213e+00
1.134410361851311855e+01
5.026147458924000055e+00
4.217036246022547452e+00
5.777018096456615126e+00
1.093217902773600869e+00
3.237435968561140243e+00
-8.778326729728044286e-01
2.929976511382464954e-01
1.849475440945479221e+00
7.218907501198025933e+00
-2.318773905775885158e+00
6.852723941210916436e-01
