6.231957150237638743e+00
-3.887253444713669737e+00
3.227938380896863801e+00
2.326746875132917225e+00
1.053933226933150058e+00
1.780607957831539467e+00
6.837664253779764501e+00
1.220746014469433316e+00
2.500019281704619178e+00
6.113792241705374941e+00
5.611444730620871013e+00
-4.365033706070263975e+00
-2.801774993312213802e-01
2.405147137808600011e+00
4.242413699130431759e+00
1.676055179968145570e+00
2.975383461915065197e+00
5.649928897572773501e+00
4.108246443781292889e+00
-4.118658496012572279e+00
8.985458516905391324e-01
6.125180761331434631e+00
8.199830957328259728e+00
-4.559938540300958465e-01
1.371956159795214347e+00
5.913993632995771854e+00
9.595247810412873335e+00
3.678980371368312241e+00
7.692733622872757415e+00
6.595408857581647410e+00
-2.323156400343373562e-01
4.597699618279996514e+00
5.337294503932400680e+00
3.013032981961118573e+00
2.631483278479301635e+00
6.342737959065348541e+00
-2.638797502278092733e+00
3.739293141298046574e+00
5.564427814414946383e+00
7.589209414330341019e+00
