2.575736676318284957e+00
9.073128760735617249e+00
2.804231947098596578e+00
5.562031774426657194e+00
6.922564700561586903e+00
-2.056592807776730147e+00
2.396661457411660479e+00
8.601607596111880971e-01
3.808348911601931785e+00
1.197014108475657146e+01
-2.136947919933565032e+00
6.906147886147193660e-01
-2.044817820304913880e-01
1.179140153614183228e+00
6.865419300648811785e+00
3.625972975232777173e+00
-2.075814020635625923e+00
9.350791464009943210e-01
-1.405960822062243931e+00
1.860131465688434349e-01
3.289927657773279446e+00
4.982084096431919740e+00
5.416294092617653710e+00
-1.907793161036120289e+00
-1.516460525679338645e+00
-7.207090457139889716e-01
9.079091986526590219e+00
5.558647342323661533e+00
3.009109593502532931e+00
4.438961307481754659e+00
-1.255741638028608165e+00
3.162134995357974709e+00
5.522998042090770277e+00
7.356717746357588794e+00
-2.607569856663708663e+00
1.472539995407750713e+00
-2.386239387222222952e+00
5.841854705074145393e+00
5.192003965549667477e+00
-4.538561038574204787e+00
