7.214624963152447279e+00
-1.221819291409431241e+00
3.308115256311435992e+00
4.536105897285858113e+00
8.091095327588694985e+00
-5.465950124255614107e-02
-2.354390348202622274e+00
2.480348440846377400e+00
4.423603300703936370e+00
8.196566832335736574e-01
5.096770422066730255e+00
-1.589875538265046462e-01
-2.607989350361054726e+00
1.414606236499232228e+00
5.741308966385604506e+00
8.522909107144135632e+00
1.042800575730530088e+00
2.310786638691245010e+00
7.559749784163221076e-01
-1.601062049772169704e+00
6.479248834154206493e-01
6.771952687366900925e+00
2.684290583789604945e+00
-2.955762775317083424e+00
-8.207810798497382487e-01
1.642076709544493252e+00
5.396371505404458979e+00
9.094288618136365798e+00
4.595046080216259377e+00
1.571013894118146181e+00
6.779142205144855993e+00
3.415120964311994189e+00
-3.000951734140369087e+00
2.664440927195853348e+00
7.566557798893075670e+00
3.492355234140305686e+00
-2.782695958163913907e+00
-1.052384015021473829e+00
-1.015083145515183194e-01
3.865089212113829831e+00
