4.618111406068293512e+00
1.880727501632725840e+00
6.189004714826870313e+00
7.362738130162692407e+00
-5.989933054749585040e+00
1.010040051683962714e+00
-3.201062006794666459e+00
1.063183769368597265e+00
5.879397045560350143e+00
5.746664825888833761e+00
-4.456873654535244977e-01
-3.504634104943058936e+00
-1.957932053745770506e+00
1.624137747461765091e+00
4.391247391089376784e+00
5.254685149772008401e+00
3.119272239940373836e+00
-1.050846358083981913e-01
-1.151214083371452368e-01
3.201290628401971539e+00
4.186164105052159634e+00
-4.927332735793202190e+00
2.619862222005791885e+00
3.710383049529291544e+00
5.728298904249387924e+00
2.759071189578174099e+00
-7.245260815286296285e+00
2.593334254703990593e-01
6.160081122314775115e+00
3.923774028111700396e+00
-4.066945468933325092e-01
2.485204334667682424e+00
8.468642477577631666e+00
6.141550305953698441e+00
-1.421458678784153218e+00
1.194131496113588042e+00
4.517320051038322681e+00
1.163284747651534445e+01
3.457681823709231939e+00
3.452154763331003906e+00
