-3.684327612259113982e-01
8.089052104582885150e+00
1.253067911855112460e+00
-3.230077500972417859e+00
1.164224133224945223e+00
7.492263530302803787e+00
2.199795745301537764e+00
2.892914636981882559e-01
3.842051087901815265e+00
6.177334484091035804e+00
2.599621367864693777e+00
5.910768560734323884e+00
5.966801780188368376e+00
2.289222235075218048e+00
2.971615869689641087e+00
5.062143496315787417e-01
2.635233460461319677e+00
3.352242422446739312e+00
8.941935736914226496e+00
-3.581680199246195517e+00
1.551565841009810764e+00
5.389895752952687857e+00
9.041699335379700386e+00
-3.440382291319336705e+00
1.608270203635669304e+00
5.842570286542930980e+00
8.554607682217557851e+00
-1.749041802412684143e-01
-1.703348767095155258e-01
-1.018719395487319712e+00
4.467957828540603527e-01
8.093846044021933750e+00
7.950808965445887999e-01
-2.927264575990170314e+00
5.941502710450483171e+00
2.984428303887277423e+00
-3.656176213080382986e+00
5.904171814081984326e-01
1.063490175375563140e+01
-4.154101231066504862e-01
