3.936926329287985471e+00
6.516489069706657311e+00
1.704043079458329002e+00
-3.675816834582792847e+00
5.505137540538895813e-01
3.027835057863091706e+00
4.640373356488899148e+00
-2.804618841891160841e+00
5.478907149211772243e+00
4.222696434070763338e+00
2.514723369965981448e+00
7.697074115065529298e+00
4.145988134029150451e+00
3.253778438723627264e+00
7.135585363169729689e+00
-4.610057884077527035e+00
-3.428456598645559072e+00
-1.117897489037100955e+00
6.458114771397635678e+00
5.703103384136339216e+00
3.975717868402594668e+00
1.583767557081842581e+00
-3.533189491142481486e+00
-4.390051906222554479e+00
-5.089535211055693509e-01
4.565587417506174361e+00
7.480088200639046114e+00
8.747431749806315437e+00
-2.482463259309672932e+00
4.381113405572123476e+00
3.504267031184769010e-01
2.798353943329551896e+00
-5.133841201180200375e-02
7.518116726314901799e-01
8.376152639976458758e+00
5.391430159030482727e+00
2.111632114869016696e+00
2.423111478113188166e+00
-8.605474293398795993e-01
1.618147758742083608e+00
