5.477305948554692661e-01
-5.892168541530860004e+00
3.170525202860915215e+00
3.737187642073540594e+00
7.318829270749110272e+00
3.002644863287793786e+00
4.051684449959874201e-01
6.642773168416886698e+00
6.907154513537099305e+00
-2.605783992122079340e+00
5.188073853034165239e+00
1.029805000375926838e+01
-7.114447761337416853e-01
-1.011324928791697442e+00
1.123837656558979603e+00
6.281552656928418799e+00
2.340297680656087564e+00
-4.663999018815329300e+00
-3.423317143675774776e+00
5.376497280103410548e-01
9.509644534078409706e-01
2.878633367130900567e+00
1.619209860025044412e+00
4.013250122556185850e+00
3.600906263796005202e+00
-2.384689175197032274e-01
-1.985663377749804503e+00
4.098669860522638153e+00
9.238915685086190877e+00
2.719401877514340704e+00
3.828246101407182245e-01
1.193320898657879825e+00
7.378068470871004259e+00
6.308486266074374349e+00
6.735575458056858311e-01
4.593157773851491044e+00
1.131645478637932856e+00
-6.151768931649271854e-01
-2.331119908465745932e-02
7.672974795918351631e+00
