-5.980182896422634453e-01
-2.481068033370625869e-01
2.392598121419437618e+00
6.293834277045166736e+00
-1.889096640829737606e+00
1.389281408798038742e+00
3.608903236604852793e+00
8.617485303732264512e+00
-1.958820163107813261e+00
-1.803927917232359235e+00
-6.151915499775861829e-01
2.613832296400320665e+00
6.258460216890493477e+00
1.485276387481107463e+00
-2.169515395117251444e+00
1.104952294170899574e+00
9.359793940302328252e+00
5.484015479988334718e+00
5.110605283898460804e+00
2.274132474027029893e+00
-5.796929011635809648e-01
3.319285574081385803e+00
7.765400630229129852e+00
5.529903777575339241e+00
3.259194533121325676e+00
-1.143501888974999492e+00
-2.756245604209060396e+00
2.105850717077544232e-01
3.231062931932081383e+00
1.069530222401623121e+01
-2.696905763758326469e+00
-2.305059221439126560e+00
5.044076643736509213e-01
-1.494324489430307379e+00
3.515348967623181053e+00
6.376310295685339469e+00
-2.320286169720718217e+00
1.090606065952016923e+00
7.625978132514975805e+00
-2.988702019744752025e+00
