5.338571276187042969e+00
8.158783302073077337e+00
1.684781927283650615e+00
2.886260906896937151e+00
7.855979485030431420e+00
-3.590874553518691226e+00
7.696036677024414852e-01
-5.762436124751437738e-01
1.288034483021319154e+01
1.295942431611025514e+00
-6.683780690281602155e-01
4.023719984226225677e+00
1.847137368830159554e+00
3.895674074322524660e+00
1.393690236571617502e+00
-3.294263650814900579e+00
-1.409456436691491232e+00
6.287628931556898060e+00
4.508448839896555427e+00
-2.173443397137135302e-01
3.747246331824487520e+00
4.664195226610246436e+00
4.959522612491274351e+00
3.703268525203905259e+00
3.586451871290119442e+00
-3.307004714145838520e+00
-3.447826832044524892e+00
-1.235506284187189108e+00
6.324806768269080948e+00
5.335782266477991698e+00
-2.893721651573003317e+00
4.184594746114259634e-01
2.273961639685111891e+00
6.157048748440525188e+00
6.054779831697590931e-01
-1.945093142322322777e+00
-6.692246759943798473e-01
8.560326665175860938e+00
-1.188011256287218265e+00
-1.548212866098512552e-01
