7.969025295600436820e+00
3.317905300667385315e+00
-4.776034252491110355e-01
2.136405020612304639e+00
5.177937427561848160e+00
-1.355675406100923297e+00
4.148497547766524463e+00
8.330415674249033842e+00
-6.971184906520883295e+00
3.153498801289270403e+00
-2.285748957588293884e+00
2.599317657885857002e+00
6.393751116744263996e+00
-1.692756638066221786e+00
3.543508068974852154e-01
-1.071617183120978423e+00
-3.260088388915508562e-01
4.525824142542094641e+00
4.066739468315738293e+00
-4.423959934400247818e+00
1.461243040173096253e+00
1.044386193845438093e+01
-2.646153273924773064e+00
3.038204088649508472e-02
2.556678307648486026e+00
-2.966915596150097034e-01
-4.136536173567431085e-01
2.216685111177286727e-01
3.996843975550973482e+00
6.643964663152838845e+00
-3.394595455133991635e+00
2.626202569949401155e+00
7.839339176109942464e+00
-2.862676328658324998e+00
1.791443700365984659e+00
2.793482088149021880e+00
4.927609460763102689e+00
9.612067229341425545e+00
-1.205985205899844814e+00
4.467120091215818434e+00
