5.007322316752115476e+00
1.019684502703484696e+01
-1.001507083004562482e+00
6.844070013975969147e-01
6.656369324146266253e-01
2.662631405392756001e+00
1.103363542890464188e+01
-5.067718385220242538e+00
-4.341619622445231919e+00
-6.726318869347536200e-01
4.161097242816368613e+00
7.517199467219064069e+00
3.722147222769406127e+00
1.869022830764808685e+00
2.133060338033360814e+00
1.538410926821624392e+00
3.223083787360943031e+00
4.934600226334299400e+00
4.697632632619829884e+00
-3.474655806878826247e+00
-3.192964385619063705e+00
4.439553899215133992e-01
5.846145592724727003e+00
1.006207270896558548e+01
-1.287219138499814397e+00
1.609830610395069028e+00
5.484792112847943990e+00
3.011633254948519856e+00
2.229570299803453448e+00
2.747282575577393082e+00
2.517904991488272515e+00
-3.136921104359349677e+00
3.239771153063513154e+00
2.527242897860523474e+00
4.429675310156953927e+00
4.270486094289215551e+00
-1.210380992733582017e+00
4.004873658113307755e+00
7.337412962896562085e+00
1.672269736976891741e+00
