1.203927806903491771e+00
1.003634745211497048e+01
5.829231118997912908e+00
2.389088430464208379e+00
1.582290351520188265e+00
-2.952214610106814519e+00
5.508295097247678740e+00
5.184371577824345323e+00
8.657187341612699427e+00
5.123849485867590481e+00
-4.186937109345636898e+00
3.913116443742878037e+00
3.761152238924913682e+00
4.918161763382442153e+00
6.046373919614913994e+00
-9.231475436345106811e-01
-2.334594680626021379e+00
2.938825510338765490e+00
9.349454162917381073e-01
1.948758573706272923e-01
3.682834187779605806e+00
6.087291375164698870e+00
1.805876193517301775e+00
-4.019805326057555028e+00
1.033809732410462257e+00
1.312599316386648951e-01
1.060394474503926432e+01
5.488482782532067894e+00
4.569532813824658812e-01
4.127447773812177978e+00
1.415909649849822483e+00
4.158362383663236628e+00
7.152086677530143710e+00
-3.511339581761006023e-01
-4.695715983242386038e+00
3.502078655368857873e+00
3.178877957107668628e+00
6.865308443183000264e+00
-3.017258098124940835e-01
-5.203825083377631167e+00
