-2.114694937682860765e+00
-3.379673264460943294e+00
3.648975857472843032e+00
7.296011450034093571e+00
-3.786714513609105826e+00
3.229246893956656095e+00
1.085288012154235560e+01
5.203730488713406821e+00
1.724250591531123700e+00
3.487015657796132206e+00
3.639730081098465853e+00
7.754258069349576843e+00
6.868011845110635338e-01
2.660924589390727957e-01
-6.250303742359315518e-01
5.743594589250439419e+00
4.517941584340082528e+00
8.558047497232108558e-01
6.974348958263598242e+00
3.548935448257285685e+00
6.611342966144068134e-01
-7.246048233572179864e-01
-2.560015019266603242e-01
2.852556345915298497e+00
5.099398033055701163e+00
4.861663938663150830e+00
4.183581238937505553e+00
-3.073525084543577979e+00
3.118574585211462580e+00
1.085174474706458891e+00
-1.000420900499277010e-02
6.421467372903541637e+00
4.029525245066940542e+00
-2.979742550025153758e+00
-1.145669867095250982e+00
3.344539650226924898e+00
6.659230123552883462e+00
2.623116631020512735e+00
5.694853706646284763e+00
-1.197192069296949324e+00
