1.982230969084838534e+00
2.103264223494439200e+00
-1.275418153085885242e+00
3.846268638500167203e+00
3.549854224943526759e+00
4.314344194993009474e+00
4.805658157057957958e+00
-2.455154204897376236e+00
6.204773775846986084e+00
3.510943253874002412e+00
1.931934927194777663e+00
7.009406332687539987e+00
1.704071942594708622e+00
2.297465386167124812e+00
3.455509058105144415e+00
3.051656307597044204e+00
5.211035417069550313e+00
5.236396063107992660e+00
-3.256040070754722127e+00
-1.792578180401403154e+00
-8.808365403959828033e-02
1.395059963774796019e+00
4.716827581757399912e+00
6.280949049757158065e+00
-2.453338251897883904e+00
3.993203745173420138e+00
9.563101820038728107e+00
2.586614407355586565e+00
2.458324590701070012e+00
3.189291570973964873e+00
-1.657211820903343513e+00
-1.739017898581990185e+00
1.291571781736611246e+00
5.861465983658961321e+00
6.155009257631923525e+00
1.507987258800054520e-01
6.527557787889352037e-01
4.114166799907561511e+00
9.967994807342167363e+00
3.725968409321247510e+00
