1.837234549596108435e+00
-5.723996456255552978e+00
1.256373984650766884e+00
3.149683231017397667e+00
3.245720597027684118e+00
7.182510924236726879e+00
6.770818027397915273e+00
-2.057213512589972648e+00
3.434301560586903168e+00
4.186768327412277557e+00
2.821169394396092489e+00
4.177222526160553784e+00
6.243023086735872695e+00
-3.134225263358806135e+00
3.052434106803916247e-01
5.472519005814275417e+00
5.317160915720670289e+00
-5.229183196347383600e+00
2.698985824961595004e+00
1.045992082788516520e+00
1.249397419609853843e+00
5.040183197468170562e+00
2.401675697454195291e-01
-1.152414951398208043e+00
1.480774944282255534e+00
1.586263295579919186e+00
7.048016969873172499e+00
1.990009378261343276e+00
-4.057238250598922846e+00
2.962518319669035227e-01
6.116305403572739330e+00
2.021326270888690768e+00
3.473856991688899498e+00
4.750897508251967771e+00
-2.735217365782514953e+00
3.319605007381903228e+00
2.709892843021528108e+00
6.411367434469637416e+00
7.540871229666601394e+00
8.108179822973232476e+00
