2.571284261510262681e+00
-3.954864282507593920e+00
-2.395771859496880651e+00
1.036394694256518356e+01
1.222827952218238146e+00
3.395599723547145121e+00
1.371434669423347685e+00
2.895140987648564312e+00
1.863984653268773162e+00
7.068009561873088487e+00
-2.420923873144383176e+00
5.537976724581420207e+00
-2.215637202810339268e+00
7.828822306458536051e-01
1.203840031361617058e+01
1.455627331804153712e+00
7.079040004015336507e+00
3.589366487935225614e+00
6.318164034011882757e-01
1.553612879323797991e+00
2.650229405533870874e+00
8.407790159160789756e+00
9.583006179841007111e+00
1.739907144820270757e+00
6.572350786541058199e+00
5.423577311572901571e+00
-3.928625361132114246e-01
4.654459199425609484e+00
2.817660442768462836e+00
1.435052013938519000e+00
2.676514668434958555e+00
3.844416090656105567e+00
-2.104327115587255825e+00
-2.389202882534214867e-01
1.583727165735768327e+00
9.168438289120372175e+00
1.286577579927389303e+00
-2.101682581240144732e+00
1.350844688816670081e+00
4.880064334601637022e+00
