-3.816175416203089199e-01
6.333711760734942686e+00
1.168295991154660385e+01
2.324115981960814814e-01
4.086935479077610012e+00
1.560666479092762238e+00
2.031411185614895754e+00
4.204184517742628024e+00
3.587530873166812739e+00
-2.226611417468605580e+00
2.511628060745065394e+00
8.484975597750363363e+00
-5.612289573245936580e+00
-1.282536219578162884e+00
-6.164823439541788908e-02
7.661368419929328155e+00
4.213964834116993075e+00
-4.406633574941853482e+00
1.212455336923558002e+00
1.591246821848459891e-01
5.007828790573078059e+00
7.045689700622222773e+00
-1.837826678404102410e+00
3.325201700528052307e+00
1.177715118620266566e+01
6.651150988438075728e+00
-3.850312253245012251e+00
-6.349368452495527393e+00
9.520598409514685612e-01
5.240041633961120660e+00
-3.422911501651297872e-01
2.885417578980220554e+00
6.202767328899684962e+00
-4.652732823832115727e+00
1.515915447700856289e+00
1.777549566897442535e-01
-2.553762936489233359e-01
9.209418770180970881e+00
-2.424770158553434918e+00
-3.506538235025539407e+00
