3.675961192470236671e+00
-3.449215826902654491e+00
3.012863222969771826e+00
1.095685093456056025e+00
1.162568002721457328e+00
2.553324225369018929e+00
3.922758786869426917e+00
1.033105127485930375e+01
-7.144234547366913324e-01
2.099849829399223822e+00
3.843371774032056098e-01
7.071410236742552424e-01
2.059551789659107790e+00
7.834679477986587592e+00
4.296467120348800073e+00
8.969635730920512140e-01
6.390294056800214229e-01
-2.264648635122569198e-01
7.463812882087891287e-01
5.996974878833019496e+00
7.497890842061147865e+00
2.964935060938940214e-01
6.536122458544537217e+00
3.591956009985141307e+00
2.280626728838995643e+00
3.176365330486926375e+00
3.231922960714099791e+00
3.377847263001362954e+00
-2.630441559815599462e+00
-1.305583595643233119e+00
1.164089688596182004e+00
1.044759673848752968e+01
-8.024024156441246225e-01
-3.298786685574737643e+00
-1.601414793184835483e+00
6.631501322776744090e+00
2.656836316906773021e+00
-6.369041086558601350e+00
-7.003461605137428769e-01
1.000068538397279028e+01
