-1.293565560757578448e+00
-1.017965090979626730e-01
6.276777114932975188e+00
2.791449312357442647e+00
-1.900026407044573262e-01
2.285233997510146775e+00
4.879279644724914267e-01
2.983932479512111602e+00
1.043749705818244777e+01
1.885285812570417940e+00
-2.132167378742634067e+00
1.141047210156283409e+00
1.031936539998026259e+00
3.889956962540849439e+00
7.511725570538112073e+00
-4.265629362291706528e+00
1.901569161160417742e+00
6.029938982759657229e-01
3.801507794579267685e+00
6.209728340726275775e+00
-5.779921600049912733e+00
-2.461140710357501593e+00
-1.165816330414244151e+00
6.978233992363528593e+00
4.010677984782930139e+00
-1.684349248928023846e+00
-6.822636536881085956e-01
-1.884845041936999976e+00
7.237693139599918446e+00
-2.804797367038424305e+00
9.936269685099363702e-02
-4.502558496751875028e-01
4.047806939288345340e+00
9.738494616570449125e+00
2.451975732312095868e+00
4.840814251520163758e+00
7.125850611868267848e+00
5.808414944275690495e-01
-3.800266176731336376e+00
-4.851250873935018859e+00
