7.888996384658259586e+00
-2.192470627388198423e+00
4.191517983372310852e+00
2.214546091419135276e+00
-9.058148619146364489e-01
-1.322747442831869180e-01
8.670824660009820661e+00
1.314384827100762543e+00
-5.576617542644258130e+00
4.185083934172340037e+00
2.574155378945644390e+00
4.327630475969063362e+00
7.184409121457136393e+00
4.457351225895687108e+00
1.969362674237986166e+00
-1.747572184305540954e+00
-1.857850315190070711e+00
-2.106972450277328157e+00
5.633008201305886864e+00
2.341829920664367126e+00
-2.110421701346459233e+00
-9.464879573276474556e-01
4.901863121416608848e+00
7.549478100076492559e+00
8.866337208556882565e-01
4.612219754463949606e+00
6.285023165523151434e-01
1.845171817304177564e-01
3.602078798748401312e+00
5.303061284098036232e+00
2.221767620025952183e+00
3.675997220335930571e+00
1.123323601326336885e+01
3.307534322031155494e+00
1.673598093971661260e+00
6.701010645577742508e+00
4.723953441963944400e+00
8.406004560014445071e-01
-6.335959882415660438e-01
3.029885830274101188e+00
