1.924074483263411350e+00
1.799239069773992616e+00
7.446594025313980403e+00
1.938752498104710398e+00
-2.115798768324082424e+00
9.254910004678597035e-01
2.586414292635231149e+00
7.869857864944910908e+00
6.156829049355101446e+00
3.931936216095628378e-01
1.315869014307728069e+00
7.452928769377688667e+00
6.725106981333332179e+00
-1.477716888717618193e+00
5.265244520406613837e+00
-1.208095080626627293e+00
-2.282363547192329367e+00
-2.198096072740963469e-01
5.863136015126916512e+00
2.466490815925821423e+00
-1.525398390935930770e+00
1.646847759107199716e+00
1.834019125952751073e-01
9.018024381766601039e+00
-4.562445207252826540e-01
-2.780946263474786573e+00
-4.994941399931219550e+00
-2.958108425651393425e-01
6.064101980385572688e+00
-6.072498595881503647e-02
8.946466655229725617e-01
6.807949450901505273e+00
3.802079487665584345e+00
-3.313004341272827613e+00
-2.345730675623225459e+00
7.122382683684593818e-01
4.852552248911081278e+00
5.978471629488864458e+00
-5.704173945667014856e-01
5.055362034390621595e+00
