1.030122921048346818e+01
1.036474033675914441e+01
3.231990172016442564e+00
3.777398133664040092e+00
7.145974617131586326e-01
1.238359617161909343e-01
3.820140331336384865e+00
8.983990032736492992e+00
3.655889513621088938e-01
2.034254745084836391e-01
3.361207390324630673e+00
3.232729281419196354e+00
6.109253455014991729e+00
-8.133268089123155686e-01
-1.641827318681179149e+00
-6.381227455061209142e-01
9.298031077006852385e+00
8.939140768253542868e-01
4.515006972312423983e+00
2.124387342017652003e+00
2.221587688225193702e+00
2.322695242839711405e+00
5.211443034501041183e+00
7.832750591229682868e+00
3.878142368735150836e+00
-2.977966688726872757e+00
-1.319859796503652372e-01
4.135552490893660504e+00
9.207572740947750134e+00
3.917245386325837186e-01
7.536640860086375682e+00
1.982735489063368828e+00
-2.565333817898955093e+00
8.070594821534082808e-01
2.534092212517742748e+00
1.114661368906476291e+01
2.201743529874032879e-01
1.221093384066302079e+00
4.661008543312047614e+00
6.115217151786704441e+00
