2.938729442978219808e+00
8.023991072827536541e-01
5.877853030822039138e+00
3.972554786985107000e+00
2.275881438846862892e-01
4.695069056558470066e+00
2.464233551336639572e+00
-2.104751746494607723e+00
1.216207238225054388e+00
1.182402368700437734e+01
-2.118267736094200160e+00
-2.088409764863768947e-02
-1.689717434302584476e+00
9.352343217092865535e-01
5.651080894101134788e+00
4.354939553328269319e+00
-7.086442744753571610e-01
6.138347682279986728e+00
4.025022056572260531e+00
2.345418082552042538e+00
6.277285398757837420e+00
6.904018864019639601e+00
-5.328659333592217884e+00
-1.611922354774122379e+00
3.480545164339505781e+00
1.851275702028110981e+00
2.145310962589939141e+00
5.926207676898115118e+00
6.590064039905504600e+00
-4.841954496906329730e+00
-9.445351043873395636e-02
-2.363927124798147705e+00
-3.594271964867093994e-01
3.990568096975807832e-01
4.750923743546924705e+00
3.022841642998752576e+00
-1.457009307946027787e+00
3.338693622835705810e+00
7.978606023547096804e+00
-2.723187307436796711e+00
