4.468822668503412032e+00
6.098688102131095690e+00
2.748426565063046390e+00
-2.321295848212470148e+00
3.644600497000741068e+00
6.229032340463570350e+00
-3.588986393183676959e+00
-5.963713449827208191e-01
1.648978886626358609e+00
7.169144332949096032e+00
5.258377102105662004e+00
-1.826074662308787122e+00
-1.750618816962033364e+00
2.899434864523423361e+00
5.262491776906937702e+00
6.680991338006734281e+00
-4.154663578297845827e-01
-2.587910391645242392e+00
-1.801391655811030557e+00
7.596839422763680183e+00
5.830512412511623666e+00
-1.310875966646917412e+00
2.837429324364487915e+00
1.136789503663007683e-02
1.987815043974690887e+00
2.696347665582651931e+00
5.635229032723438003e+00
-3.112584649007381632e+00
2.275422682347799874e+00
-7.224092426401476086e-01
3.962289696406387396e+00
4.555433720875224246e+00
-1.404909164174411140e+00
5.464352094655020586e+00
2.684360700087506491e+00
1.740593658955243761e+00
1.028259708814926476e+01
2.309148977675381520e+00
-9.219838583447717006e-01
3.704313974907813112e+00
