8.775870666926139929e-01
7.160874405006258492e+00
4.945452341325216494e+00
3.005678317487100681e+00
7.903890163491367638e+00
7.972721291608987570e+00
-6.964768536157925460e+00
2.192417163265043545e+00
-5.632915521410526427e-01
6.100276159142392629e-01
3.596136949901704405e+00
8.338134437514028718e+00
5.641598099891374396e+00
3.299868956838309941e-01
3.130441939877360191e+00
5.575649474995156396e+00
4.384037720019321682e+00
4.634544389390845787e+00
1.931061917582737486e+00
-4.424859020108511842e+00
2.662258858928032268e+00
2.912597940106443239e+00
1.056304123747599455e+01
-1.013542780560655610e+00
7.432231327032674528e-01
-1.576716875557628184e+00
-1.227199867681390000e-01
2.055856753321334551e+00
3.873006553241333361e+00
-9.510214578055084522e-02
1.759271849483070582e-01
6.394686487429408928e+00
1.142538513717965110e+00
7.562104294564077067e-01
1.810054045365030673e+00
5.706017393159213746e+00
6.746562466311845085e+00
-2.377497962963631473e+00
-4.915990273538155542e-01
1.349477706856938575e-01
