4.689392233174432434e+00
8.541524960739479866e+00
3.920033614305971081e+00
1.026606613775465249e+00
1.648086568904320703e+00
-5.482660620338978497e+00
1.234521043035583521e+00
3.891368250562474262e+00
4.807873860999070992e+00
4.264983931074003420e-01
4.924195617985789752e+00
6.915983893129372895e+00
-2.329405838373152182e+00
-1.050197338263002322e+00
-4.099065642157956324e-01
3.142214040299798228e+00
6.119268882579324220e+00
6.571657369952088601e-02
-2.306319075321069612e+00
2.159953153044838758e-01
9.068699170556199007e+00
6.404657792439294894e+00
-3.164051187062639769e+00
-3.095356682636418277e+00
3.960315594811071982e+00
5.073876980271649018e+00
-3.630360303854633375e-01
-1.502701107271071423e+00
1.251283939595158934e+00
8.590993069009870808e+00
5.972934386065904100e+00
-7.892594858796582180e-01
4.095284682661366027e+00
9.213358943174879911e+00
3.835288486840054967e-01
-9.489308842124508647e-01
-1.443906705995041895e+00
2.463182810013381019e+00
5.954609292826152256e+00
5.754130365866250152e+00
