1.163787521133132330e+00
4.522655314823003536e+00
4.409248510364891516e+00
-1.295106036057173560e+00
-3.426275786879493968e+00
1.568073293195933582e+00
8.531463093472765991e+00
-1.626139322653521679e+00
-3.681035791064333207e+00
2.678038799014315963e+00
4.268488369617601030e+00
6.446298871983127121e+00
2.172577993810552499e+00
-3.106860228582678740e+00
3.096383725778124596e-01
7.165858628584189205e+00
9.382306477923943788e+00
-5.443013591674830565e+00
2.132714027966158277e+00
4.227291816396538060e+00
2.298500393769836059e+00
5.481373673398315383e+00
7.352614712815600306e+00
-1.894455857254969455e+00
-1.938228330882858508e-01
4.069200695165742232e-02
2.461124495586117789e-01
9.962914802604820874e-01
2.453880107570858726e+00
5.638051550594375350e+00
-1.969484892360906514e+00
6.957556587142764037e+00
8.348604697515416007e+00
1.914335617016712732e+00
2.669388924322350753e+00
1.615872710320050532e+00
-2.641648010239521671e+00
2.053541993498342877e-01
7.603566545072202310e+00
4.013798770454807041e+00
