8.566115206896625978e+00
3.849472553137652131e+00
2.291213002309460567e+00
6.498861218322707245e+00
-2.303579321212925191e+00
3.504215749231065047e+00
1.019507972801105034e+01
1.461983130225179339e+00
4.714906098074332697e+00
4.347407239298325621e+00
-1.434235961019423744e+00
2.738891024864561707e+00
5.017258122032379752e+00
6.849664487330318074e+00
-3.121247454876009186e+00
5.242399152678284935e+00
5.326581433043036107e+00
5.322736330590769782e+00
1.596978277732515217e+00
-5.111594116457682802e+00
6.244989298323195825e-01
1.623787761907985239e+00
5.462274178122786594e+00
2.533709196664014840e+00
-4.910547496954339231e+00
3.033331216543730502e+00
8.016069102885522213e+00
4.077242914659627182e+00
2.633486907480263373e+00
-2.299481960445815432e+00
2.634867475148091831e+00
1.214753179984360498e+00
-4.182700710113365083e-01
8.447172098231527926e+00
2.563491783924022993e+00
-6.697400085073262233e+00
1.586446577466989361e+00
1.576060481824145709e+00
-8.325111191275551548e-01
1.552006723798768917e+00
