6.476648508734434095e+00
-6.530132812537088327e-01
4.954186147022733522e+00
3.445702365153849200e+00
6.470526006855162215e+00
-3.376060633427113711e+00
-4.338051831607058872e+00
3.565479679411791114e+00
5.044901704880075499e+00
2.880834125592442341e+00
5.702541426844311090e+00
1.342519484979644295e-02
-6.985237805019224311e-01
7.813837614376921703e-01
3.102566488339174811e+00
9.920687030362884684e+00
7.250457101396361459e-01
1.583504626132987037e+00
2.694873901651028358e+00
-2.423870808633685758e-01
-9.731631881450764077e-03
5.733844375574682850e+00
3.354426603739230295e+00
-3.025866542556622907e+00
-2.093559219999191479e-01
6.881738225075567650e-01
3.724518433419677699e+00
8.728894519958558362e+00
2.571132510478095767e+00
2.375566598402016005e+00
7.176108236183156741e+00
1.668105806759290433e+00
-2.238353633308122870e+00
1.040123346859438858e+00
8.073704964875959789e+00
4.764104067443949653e+00
-4.360108555029338362e+00
-1.275855384037708928e+00
-6.535072977467227817e-01
4.481056594907798285e+00
