-3.125514057918923783e+00
-2.280698564725012201e-01
7.839771866003328427e+00
6.798116545377553166e+00
-2.737844260894910065e+00
4.228187467846947101e+00
4.266680467404166066e+00
3.655578269000648195e+00
5.775667980010796398e+00
1.143286267977924986e+00
2.900714596298449965e+00
6.651900462149798798e+00
7.268737835861755592e+00
9.234550466526374457e-01
-1.385402049623171816e+00
3.719285619850448477e+00
5.453510064105604904e+00
7.055626167669035165e-02
3.040188368667482433e+00
3.145086596194092809e+00
4.569192705262650200e+00
-9.999788935434691384e-01
-2.260865121688543145e+00
1.966998686720001777e+00
3.452595798479176081e-01
5.207615199461646860e+00
7.739944795055484050e+00
-1.042483283014075557e+00
-2.158776212881346801e+00
-2.454763852103394317e+00
8.519145489575017383e-01
5.048494835434933492e+00
7.947156670700311842e+00
6.831265647878500546e-01
-1.396147069041071553e+00
4.547933041756929917e+00
4.565318911935303703e+00
-1.053662428576888743e+00
7.254850567436073483e+00
3.204081386571781209e+00
