4.050290424967161407e+00
-4.202418727434306334e+00
4.323613550854434884e+00
5.205269919659642142e+00
-8.475580971381573292e-01
1.119685541300851739e+00
5.227337847864911957e+00
8.184061499950937346e+00
-2.954074983517871900e+00
3.058770260888181269e+00
1.910357589191600702e+00
1.757762754381047898e+00
3.546032556163247307e+00
7.780320306142728626e+00
3.229014598630887800e+00
-4.964789745628032658e-01
3.959685542742398034e+00
1.378821043075918684e+00
3.757754790974238368e+00
9.403052604846195095e+00
5.070072445798616378e+00
-1.523478340521348118e+00
6.004061194087951137e+00
5.566796952128788334e+00
2.672771660540807392e+00
3.673364499053162202e+00
4.853631479815973648e+00
9.085387482231983558e-01
-1.881681600024913248e+00
2.362851552275424094e+00
1.879455130446834987e+00
1.062167017402408398e+01
-2.116341397482675468e+00
6.744281821808969513e-01
-2.581196892484808464e-02
5.695619553670988822e+00
8.184254795333063548e-01
-2.181099436109080969e+00
-3.809702847825285232e+00
6.197640013408683757e+00
