1.841998883124319697e+00
-1.233570800894522979e+00
-1.104224194814142690e+00
1.062104518300324685e+01
2.756879749128807067e+00
-3.567447429304024364e+00
-3.815623606053249461e-01
7.001506950799555318e-01
2.486416986000153706e+00
7.191998970353990828e+00
9.869107942372750131e+00
-1.437573817928663233e+00
2.542965776452553950e+00
3.665759470642738549e+00
-1.644574324302465085e+00
3.683269798478581158e+00
2.377138585524458225e+00
7.066921137496763983e+00
4.896214360852015446e+00
-1.788152437468923051e+00
-2.189684114449941710e+00
2.504073984623457427e+00
3.127033417081411137e+00
9.186963621403958058e+00
6.994125074954653520e+00
3.761130205188362718e-01
1.459358375399854690e+00
5.060143297675556706e-01
9.653520996098108320e-02
5.362678534936566876e+00
-7.753023715752591638e-01
-2.332244630564350274e+00
1.019487182077520204e+00
5.544816413237929176e+00
6.903726276027176922e+00
6.311713084708790333e+00
5.749535974969529839e+00
-1.289685891064586754e+00
2.915628684601424325e+00
-6.964965245467531485e-01
