1.427024761188984581e+00
1.112876003454075935e+01
-1.215869950159320645e+00
-8.912245460228177540e-01
4.300422297637946478e+00
-5.061498525861223285e-01
1.238995145888713179e+00
5.691024784781582468e+00
9.545944100255979947e+00
2.203901830451268307e+00
2.106264417040338621e+00
-2.641792049825159722e-02
-2.868689930481601813e+00
-7.130084627207362580e-01
8.380912754680004184e+00
-2.189953871429501930e+00
-1.935813914494283638e+00
-8.251667050920157287e-01
4.351791272840373814e+00
6.149962628168830214e+00
3.194767022378029786e+00
-5.467736294301515976e+00
1.916620007269394410e+00
8.828107123829341818e-01
6.957032348400926658e+00
4.373434418296605841e+00
-2.449938392587310276e-01
4.765334710723014844e+00
4.799601222905033993e+00
-2.925230600574927564e+00
4.335193439387359238e-01
5.262351514060673807e+00
5.318280104595351609e+00
3.252740314436173730e+00
-2.848580261995787399e+00
5.381435948147241799e-01
1.375915691726228296e+00
7.413964335666044292e+00
1.678141961869922039e+00
-2.587343273945647226e+00
