9.606686995998631184e-02
3.988615613138179583e+00
5.613121644346436234e+00
5.733995768081447508e+00
1.440782974428538976e+00
5.106306832263822315e+00
1.226534663357253230e+01
-1.446788282304139472e-01
2.826740277683778668e+00
6.796788138089081777e+00
-3.497594553949218810e+00
-1.852604730536736799e+00
-2.387241238925794096e-02
6.679613967871138591e+00
7.120807068350433866e+00
-3.701116348956600799e+00
-1.391885161433105589e+00
-1.087119111540310490e+00
6.197118000365927415e+00
-4.369153486026944866e-01
3.056188822099150659e-01
3.249347060079561977e+00
8.122805589968731255e+00
-4.628422251223339501e+00
-2.468052446016079315e+00
-3.950750301050339197e-01
2.578680612568956754e+00
-4.939841227232033560e-02
3.361612741334871757e+00
8.483128420272374015e+00
-3.607582599156472281e+00
2.132860586481655663e+00
2.004852269840349255e-01
1.554672330102611300e+00
3.121212204924207256e+00
6.182747787258663585e+00
4.094513805427661524e+00
-1.991319802006939366e+00
5.169012668838192326e+00
5.718355694611193307e+00
