3.150384204342891348e+00
7.433851120317727990e+00
4.523271596947174622e+00
2.210318217456741063e+00
-5.663806772629456088e-01
-4.345857265498253241e+00
-2.710141040052452599e+00
5.383854181830171726e+00
4.130196070947282472e+00
-1.274384742920562807e+00
5.286310422978912626e+00
5.599728250815884323e+00
9.869075687120565377e-02
4.770752385272343687e+00
1.287274618513277069e+01
5.184266868308611720e+00
-2.211249314992008941e+00
2.546162642444954827e+00
5.354349393325994910e+00
3.227215411149009672e+00
-3.275844378551159508e+00
1.448166460356021812e+00
3.004518207593394941e+00
8.330119254460827349e+00
-6.018386219151736327e+00
-2.221393677417324408e+00
1.903121241580343348e+00
8.366021111617550687e+00
2.627537045645331748e+00
5.606094017284737774e+00
5.543972197115944134e+00
4.649896427749999894e+00
5.493617515317984257e+00
-3.727894256308197374e+00
-3.917825645063181206e+00
1.270992503563338760e-01
4.025833658515297842e+00
1.004177802978955647e+01
-2.483843171142974704e+00
-9.564371057794245345e-01
