6.318600660189823692e-01
2.187115448937312578e+00
1.360758834550142460e+00
3.296831852636623594e+00
4.197717054907357248e-01
-2.179582587393114945e+00
-7.467526293853674613e-01
5.555705125990537674e+00
5.490425294417617508e+00
4.307597563703324806e-01
4.959486962323834902e+00
5.064862129338715491e+00
-1.179930491864806807e+00
4.645396035362634457e+00
5.980763676226408698e+00
4.152367239363663920e+00
5.006376485920759123e+00
-1.034151931904780497e+00
3.096648987177216483e+00
2.416626970270718378e+00
8.145285981234998474e+00
-4.751854678322133374e+00
-2.670689990627538979e+00
-3.086907380093124598e+00
5.300091049899109841e+00
3.342788179723435338e+00
-4.250571275284316997e+00
2.015196818366805420e+00
7.183803643531133432e+00
7.806220738790750957e+00
-3.542831028849489527e+00
1.389997567373789877e+00
5.546490904342293859e-01
9.626116416723107250e+00
-2.291569214066140336e-01
4.778333828269416550e+00
1.534915282380326707e+00
4.622716771935301061e+00
1.169437874063574689e+01
7.765370765968655498e+00
