3.186017758756396923e+00
-2.314490874842994206e+00
-2.766492812201338802e-01
-2.818633498226299050e+00
1.083546785983076077e+01
7.945117337627218390e+00
2.548380625675868316e+00
5.820429705880820315e+00
5.461817929198794497e-01
8.159220823305912695e-01
3.064421125028175652e+00
6.322839239554330248e+00
6.879827460740671086e+00
-1.770143512164390032e+00
-9.078318778849119308e-01
1.395773472963813600e+00
8.647835049388213235e+00
-2.584866712268882871e+00
6.366782937685422361e-02
-2.937064718771019156e-01
3.386622664363136970e+00
6.466572305369223450e+00
1.508771852633085775e+00
4.645969928831664930e+00
6.651489337587295658e+00
8.831587484240934760e-01
7.876840533413199452e+00
8.476967813508984761e+00
2.663104899801663983e+00
5.213797530983354633e+00
-3.633323501973267255e+00
-3.050718335657670366e+00
2.043734669115737645e+00
2.735589866613552967e+00
3.383375802770731688e+00
5.667649819945284051e+00
1.042170640428414785e+00
4.135522865309142482e+00
4.179930100367650780e+00
-4.288070173993457357e-01
