-2.047166570997438484e-02
-1.850315582529025615e+00
6.550077055505627577e+00
-1.444190815497053304e+00
-6.309808725082177716e+00
2.228003367582582772e-01
3.327595343344117218e+00
6.265396241087261231e+00
2.840961267264588308e+00
2.146717239209336991e-01
4.539356431036804196e+00
2.908783845653650335e+00
-3.833349031405374419e+00
1.059199239665422176e+00
-9.815828092098278779e-01
-1.746339726874977849e+00
1.098910666075714282e+01
-3.785841609980726830e-01
2.387420776506256281e+00
1.717143630092650808e+00
4.513087974550310300e+00
2.539090110847438631e+00
6.504703756637142398e-01
2.919015188364477709e+00
2.239413899521160989e+00
-2.864768190218196509e+00
1.504234522485986991e+00
3.967012068454291995e+00
8.203040086906826289e+00
-3.156008241070369813e+00
8.844684118404066986e-02
3.781237595447710653e-01
8.126123129257912581e+00
-8.105346047567176804e-01
-1.008029404107954941e+00
4.748499202345040970e+00
8.466402964640582951e+00
1.032938834548918994e+00
4.667683892322621375e+00
1.663400573467076704e+00
