-6.095893037149674454e-01
-2.929883265401318937e+00
1.744052105293676380e+00
6.177503856384277015e+00
5.873283244451154017e-01
3.744147135904273060e+00
6.778700504616971045e+00
1.031353726459420361e+00
4.254048983724105781e+00
7.297591995410002141e+00
7.827936033964093543e-01
-3.926611205374827662e+00
1.662047352190755500e+00
-8.236650239413663144e-01
7.924400391996735848e+00
3.395175804854758450e+00
2.323713343042269397e+00
6.783015206682662779e+00
-1.329452482074758191e+00
-3.539836756108553750e+00
2.557990561439797084e+00
7.865344130612157869e+00
3.337803220090643563e+00
-4.038623840854310032e+00
1.347374701559154841e+00
8.465986557368196941e+00
1.020454567722791239e+01
3.680217414828587330e+00
3.136765346143268296e+00
2.489070344027619619e+00
-4.602451376737988653e+00
-2.102088991841988275e-02
7.652699186570688816e+00
4.770507561412896003e+00
3.336863740516424759e+00
3.130889377926806105e+00
-7.284268001464904163e-01
3.570611611950312625e+00
9.371970546454937434e+00
7.939082567941663449e+00
