-2.709780045181537922e+00
-4.959605105488211763e+00
-4.430212118171114710e+00
8.391650796687084579e+00
7.219031109958499393e+00
2.641510093915075075e+00
1.125400335347086500e+00
7.257250940642883119e-01
6.362028500280757726e+00
-2.777980598156513992e+00
2.107010339836122292e-01
3.156905177538116281e-01
7.403850057201251111e+00
7.072156688528913548e+00
-7.454595435223009270e-01
4.460520116619331787e+00
5.646591996424414894e+00
5.201020029069099770e+00
-5.783802496501788681e-03
-5.926885620261006515e-01
2.856572397890751347e+00
5.580995089061237202e+00
-2.132593875836395370e+00
3.200629689555517743e+00
7.283288917487335645e+00
-4.414909245312589547e+00
-7.528927849600014488e-01
-3.215994624630071907e-01
1.874285760355337338e+00
6.897262220407148980e+00
5.427454258945002330e+00
2.825219767494639544e+00
-6.834125410006565149e-01
-1.367327393651448730e+00
1.909630322340700737e+00
5.797862680374799460e+00
-3.306578071471668157e+00
1.467731376996204151e+00
4.841332286620529501e+00
-3.359455883893423422e+00
