1.779691886896110686e+00
5.447839150165669331e+00
3.364847750876391874e-01
1.209425228283840692e+00
4.791070953767450291e+00
1.095728215658258620e+01
-8.291335567489671599e-01
3.689494109999992055e+00
4.921364975594940461e+00
3.518213928080827557e+00
6.052186315568921948e+00
8.614618129806101976e+00
1.744690820880332893e+00
1.558706722493678587e+00
1.257217547694189586e+00
-2.830790754477292115e+00
-2.528163320379368972e+00
1.142522219323941712e+01
1.371672991325599611e+00
-3.996819773423185396e+00
-1.133373148184568135e+00
-6.345628068653008658e-01
4.035205907212134346e-01
1.145954778224244519e+00
1.614737691295876409e+00
1.050249835267891996e+01
6.034784181746825737e+00
-9.684556195729391304e-01
4.190388049551919458e+00
2.402611206098059782e+00
4.399494049453437583e+00
5.733909606420969141e+00
-9.831536455467796420e-01
2.355436248216519424e+00
5.883179487997050927e+00
-3.740003410573895515e+00
1.335845183975379769e+00
1.834342155539873787e+00
6.560062900448987655e+00
7.811307462168936011e-01
