3.548019298553671597e+00
6.067631401659768997e+00
2.908180843355471445e+00
1.214004653660254007e+00
-2.045778021458374507e+00
9.453725657011685657e-01
-1.433633733841591207e+00
1.392568612011513274e+00
2.538121336147854734e+00
-4.904102818816194365e+00
-2.910623192130795900e+00
5.869595633974362237e+00
-1.237428555270927433e+00
-2.162082113945305473e+00
-3.131154175950908503e+00
5.262407283745529796e+00
6.268875288433663151e+00
-3.341500754229741244e+00
3.214307675875831549e+00
2.355490841909237965e+00
5.063715090632491922e+00
5.000754445300776396e+00
2.201197467223231730e+00
4.127737087711810915e+00
5.703252871638323285e+00
4.309040662699434421e+00
-1.763791165152142515e+00
4.334986075759923452e+00
4.294988101389237478e+00
-3.187817622528585915e-01
4.428750662856337783e+00
7.904934410706897729e+00
2.266266635271078300e+00
-3.239499811769793514e+00
-3.773034718071768823e-01
-1.121774232092001000e+00
5.765498185568301182e+00
6.166397397473033948e+00
-2.792217132852718997e+00
1.983058447559626458e+00
