5.035698261122976582e+00
6.317460820149975120e+00
5.160634987981834065e+00
7.348609102090816192e-01
2.491118409762285602e+00
5.247248550179070214e+00
2.446665155684936810e+00
-2.107303805706201238e+00
1.277847969042101628e+00
9.645085419198830223e+00
-1.962145873680980479e-01
4.323333216693531433e+00
-5.517014448433823492e-01
2.470158974702227006e+00
7.956211941738080995e+00
2.225140566528667208e+00
-2.025145815369669311e+00
3.058552442288782203e+00
1.106615698964546191e+01
3.044348521699983934e+00
4.254201703420505964e+00
-1.492198238979973501e+00
-5.301628488601273226e+00
-2.150504970564330876e-01
4.026375928123860248e+00
5.481454721744391634e+00
4.074306202826173617e+00
5.188170474219748307e+00
-1.524620593896109710e+00
-5.017830913676074367e+00
2.934763901647393869e+00
1.720528554904059648e+00
2.578614038316086265e+00
4.863184385649929276e+00
6.901260307788540160e+00
1.254263488044963459e+00
-1.866023680971836018e+00
2.493466181592107755e-01
1.055384535793700529e+01
1.564949694290763471e+00
