5.163840249096624646e+00
-7.446163010766501111e-01
4.553244556296336398e+00
6.418814791095662997e+00
-1.265630806467682223e+00
-4.955739325806915119e+00
-1.308818289688811642e+00
1.610036159341655448e+00
8.120117515492347948e+00
4.101758622922822006e+00
1.647603401599191608e+00
-3.568182099455369238e-01
3.824818334181165902e-01
2.999323226056382907e-02
2.677579550108519335e+00
7.360754458257406263e+00
-2.480595304908297383e+00
4.971761778261771347e+00
7.421241387845505244e-01
3.043525257678338480e+00
2.848647287444338261e+00
8.179323994270747633e+00
-7.539619199366842661e-01
-2.992865757698473406e+00
-3.176493455945367805e-01
-1.879286463492162440e-01
5.861143649610444761e+00
7.161883676919829966e+00
1.892303148248484668e+00
2.188469485896131328e+00
8.054715433834548577e+00
-1.276413034689542148e+00
-1.177643982670894873e+00
6.943624583385260562e-01
7.838383328719583432e+00
-1.181722040257058293e-01
-1.487491963073251933e+00
2.028658954366419076e-01
4.784184277639343952e-01
5.356604507445702268e+00
