1.265778899401801549e-01
-3.262886996185705435e-01
4.399195254774478592e+00
8.276532264626503377e+00
3.729524689812922400e+00
2.578606972464741354e+00
2.649553184391694849e+00
4.396572942677652307e-01
7.098325388747587228e-01
5.826130513807202149e+00
-2.570960819125860386e-01
-3.192328956843576648e+00
7.429889776412891278e-01
7.258700794242054499e+00
1.421840757626534835e+00
-3.721399425735802957e+00
9.565324775558879944e-01
1.469241597333529326e+00
6.004609196588939213e+00
4.833964557117623073e+00
-3.890501582492473354e+00
-4.118282116034204243e+00
-1.165321789528242391e+00
8.530033392568430628e+00
5.578465260618637345e+00
-6.215754874727474899e+00
-1.412813175674516364e+00
9.263540770965472682e-02
6.795480318833880595e+00
-1.197160790601200508e+00
-1.697361110586718347e+00
-5.124039536212862345e+00
6.829965989518205660e+00
3.973478405888363874e+00
4.152846154590349448e-01
5.750411540411026756e+00
1.781441024040270271e+00
-3.412269339610905838e+00
-3.243627000797405735e+00
8.457669348845584523e+00
