9.334256852915316927e+00
2.225529108983550941e+00
-4.482913543799202039e+00
-1.265859181851605175e+00
3.170538046008710698e+00
1.098173350743102006e+01
-6.413677931118272113e+00
2.781937846871380682e+00
-5.933557340716625328e-01
1.090021588797335239e-01
1.904401134897757863e+00
1.506133966616844067e+00
2.108067955930930104e+00
1.084259225409444305e+01
4.426509063480915884e+00
-7.203783446998901496e-01
4.805096159090441077e+00
1.469524984162052128e+00
-2.598704373180649618e+00
1.281242175374688763e+00
7.409697952518407016e-01
4.722966567971354834e+00
6.078540890591140666e+00
-6.325335307196869650e+00
2.704423315960004626e+00
-2.748868444207974715e-01
1.887385371495045705e+00
3.760338043972073052e+00
3.730826510801824369e+00
7.761174578734826746e+00
8.176699147356137232e+00
-6.661752870228354606e-01
-2.032337281528393103e+00
5.533820722277988047e+00
7.672930660690903792e+00
7.501479729819695574e-01
2.172147888412764072e+00
5.546346648210184749e-02
-1.494567814158478170e+00
1.084445371177339190e+00
