5.782633991984855726e+00
5.770719288997331553e+00
4.301833442299113131e+00
-2.999091625147690010e+00
2.668562587464966995e+00
7.311697354416325290e+00
4.291562038989435557e+00
-2.732635050092729223e+00
1.157371456641282936e+00
6.141536130915236313e+00
3.133240526085296906e+00
4.515029426444205463e+00
-1.186654938479470456e+00
-1.839346412572947065e+00
1.555057215287526606e+00
3.600879521230738067e+00
6.533072390112057093e+00
8.010613632455694244e+00
6.949194476332425374e+00
7.885580206800693048e-01
7.108909103680111308e+00
7.773733793067719056e+00
-3.642257525143639096e+00
2.889489203131034412e+00
2.494721003071441956e+00
-1.995398834784563258e+00
5.219347815333854612e+00
3.273330867662261223e+00
7.711389504061564315e-01
4.889760171954929291e+00
1.013267172063732069e+01
-1.078383127123607732e+00
1.003777232802038011e+00
2.356789767217084552e+00
-1.543806415356301365e-01
1.283418796009784479e+00
7.160383175305352843e+00
-1.908749733017209849e+00
-1.081096660958509537e+00
1.058469958034938596e+00
