1.069071689115117429e+01
-2.965391775073902281e+00
-6.868375321235808961e-01
2.774367843276313028e+00
5.239692278098615930e+00
3.510342133087182681e+00
4.986982109906606730e+00
-3.186738240603080197e+00
2.849510375730482714e+00
6.055194474077392641e+00
1.180292189611259879e+01
-3.461953837178846083e+00
2.292025758293127158e+00
3.384387079695361233e+00
2.211061776001786328e+00
5.226446589065950832e+00
5.479576473693779093e+00
4.300614706950909749e+00
-4.678172405120414878e-01
-3.591036780486110747e+00
1.856832047196338875e+00
3.487884393983315512e+00
6.831727346001866152e+00
-3.339530831381267162e-01
5.322432046921026227e+00
3.605137296775612121e+00
1.416429995644085338e+00
6.160611543011928148e+00
-8.639604977774647532e-01
-3.057540785779246040e+00
2.161679111019985555e+00
3.291935349766699659e+00
8.970495706670936542e+00
1.759218855917825675e+00
-2.520601235514804639e+00
-1.384096222571635115e+00
5.347466400409569331e+00
3.901279023625298770e+00
-9.517716863214686907e-01
3.052174129351428622e+00
