-3.894135981426062543e+00
-1.089249807796338620e-01
4.424517318808076638e+00
5.865747854983029086e+00
-7.930837530709016203e-01
-9.103668241245099768e-01
1.216664576965490907e+00
8.378154284770044313e+00
2.839450969426709492e-01
-3.823207543242407969e+00
2.452953149503450669e-01
-1.153379033461223724e-01
8.130650592884242300e+00
1.051084113116454777e+00
-1.065139431684763771e+00
5.735417848132829732e+00
8.147623333823679204e+00
2.642247034926065830e+00
7.487528927925059641e+00
6.872291256852393282e+00
-6.772997081527516450e-01
3.979134334952653340e+00
3.570211121916080366e+00
5.182289985749643613e+00
5.513429760289157322e+00
5.944193991064174121e+00
-3.244465746387242611e+00
-3.577755388022241245e-01
1.363152536061482012e+00
9.939777219172988509e+00
2.744522594462373899e+00
-3.381546079189829523e+00
-9.321175698850820979e-01
-1.688100244567640074e+00
2.388756198705582090e+00
3.193171317638332063e+00
-2.583041821897448020e+00
1.349160493464566013e+00
7.368963376010850830e+00
-1.393307824174702336e+00
