3.400751047329216625e+00
6.296879651062147865e+00
9.176874765391703548e+00
4.215852970324761806e+00
3.296450063528297392e+00
4.168729886450655009e+00
9.416690957951778795e-01
3.981607995131863920e+00
1.865847974269493781e+00
-4.863199338441970276e+00
4.252185028460940153e+00
7.211199431226336998e+00
3.667156564353692971e+00
-4.443215909127127716e+00
7.568750689529855080e-01
6.915724190479435318e-01
7.540114321350665172e+00
-4.772052562185806757e-01
-2.763527242420344088e+00
-3.557389051551919312e+00
7.704399498595582152e+00
2.140915844237121668e+00
1.823597038176580698e+00
2.129522252519101322e+00
5.848312045983080409e+00
-3.643349077645903211e-01
3.434726752651345860e-01
-4.572881420580787726e-01
8.850658171189628831e+00
-1.195439586359008377e+00
-4.349761149317117770e+00
2.049835911533801180e+00
1.960573554723313627e+00
6.068910573034244083e-01
4.359468766605333556e+00
4.759565058656835213e+00
-3.130022961740317911e+00
1.548135169176640957e+00
-3.195757815541593772e+00
9.051010537312045301e-01
