-2.442224704638322308e+00
-2.653799658313442222e+00
-5.502292967269135637e+00
3.716275532087085498e+00
9.488513387730556303e+00
-1.149416940103722418e+00
3.738762705174193623e+00
3.811859564617385843e+00
4.416400909449504475e+00
4.082378157367040572e+00
1.070206926755608912e+00
6.504357234165796697e+00
2.755141612666037187e-01
9.033942067931166608e-01
1.162763535173389862e+01
5.913308423360977173e+00
-2.783485786756624059e+00
2.004723742006301102e+00
-5.731781425019453202e-01
2.963766915421140347e+00
8.794854080850118550e+00
8.933136791901748808e+00
-3.584511299622783476e+00
1.503127272409717552e+00
4.542285225369047552e+00
5.247301717002734733e+00
-1.569248218077536450e+00
2.972102888533454390e+00
7.373242122543376631e+00
2.456232951472922643e+00
3.789331079587911155e+00
3.172153699158493101e+00
-2.358584246952680097e+00
1.953979861346673008e+00
4.721959554613492038e+00
8.503405306584118861e+00
-3.189090392895403081e+00
1.277255697030974080e+00
6.972661289428780940e-01
4.568917164661406183e+00
