2.352857090302240106e+00
6.555828335866737078e+00
1.063310132294345323e+01
-6.236543861194250304e-01
3.084953674656468081e+00
6.896176487988785908e+00
2.195709176424665010e+00
3.118778393081973910e+00
-1.049780866216929232e+00
-5.103444277013169383e-01
1.464852800708227987e+00
7.357559947374742393e+00
3.360432534215405553e+00
4.914974234326457747e+00
6.163373319256192140e+00
3.935437427123380072e+00
-2.552579052372732082e+00
-2.666978259006383301e+00
-1.419348748451831899e-02
4.500355796043606915e+00
7.379725747283761628e+00
5.073512204890175070e+00
1.416318926074835449e+00
3.060416073141774884e+00
5.934908272308921262e+00
-5.290186728536776961e+00
4.596911722268518297e+00
-2.230205194840504834e+00
1.088348185727154638e+00
3.271272323540311611e+00
7.187489153682841803e+00
3.133406099555792412e+00
2.194116233773899527e+00
-5.430485568388756512e-01
3.632310784009534999e+00
5.133955253352954884e+00
6.433720161941467452e+00
5.767368838414876464e+00
-5.450210954703542665e-01
2.729114699600406535e+00
