2.501160783761970485e+00
5.880592831662687203e+00
-1.598671063726480490e+00
4.555450075106927343e+00
5.258115528050767429e-01
3.560919960621136138e+00
3.044973022556191289e+00
-5.312135741214404128e+00
5.733062777953242817e-01
4.888023103030617378e+00
7.297018371012097937e+00
-1.111292516958636289e-01
-2.936619193382493442e+00
-3.977778609813382715e+00
4.919193784292698046e-01
6.011907483369354210e+00
8.444223072362486704e+00
6.354189663940297272e+00
-1.596291157120905968e+00
-4.133081837689610794e+00
1.625165529987981916e-02
8.110019419215865000e+00
3.721113365449864929e+00
-5.224333703205670254e+00
-2.371961547072334753e+00
-4.011539747264183831e+00
-1.929906107104631729e+00
4.679401177514462162e+00
6.270587250935062862e+00
7.944927003467332050e+00
5.145755934926343755e+00
3.964988773488560270e+00
4.752768018363837221e+00
2.069783225578051500e+00
4.486662525895511067e+00
7.722644530492934756e+00
2.012902783749386249e+00
-3.593926884421880796e+00
2.707671514252295353e+00
2.684247972938127891e+00
