3.790570081917236323e+00
8.449267529374576924e+00
6.380462455712557990e+00
3.965936481690550686e+00
5.307519116160171357e+00
-1.118342317403375530e+00
-8.267540476029717311e+00
2.809509629585336565e+00
3.352648490525132807e+00
1.747297598059009749e+00
2.374902006346648164e+00
8.517294768485410117e+00
1.789860707412279206e+00
1.246359380782680937e+00
3.564867974957155461e+00
7.837576290484847163e+00
3.735683895369568130e+00
2.556130364878137939e+00
2.221583326957386362e+00
-2.593354808449193083e+00
4.523279405619463622e-01
1.357591223110600875e+00
9.987079270967379685e+00
-1.717772189955710349e+00
3.240034750448239631e+00
1.945590969513217305e-01
-2.384399548373077327e+00
2.399959758104607932e+00
5.622077703703031837e+00
-5.271267733315608828e-01
3.253445744007294138e+00
6.381494885536946882e+00
1.210821195337911549e+00
2.035829991341656431e+00
2.740028601341275571e+00
6.081169738680303638e+00
1.392775045683372515e+00
-3.936491964064809945e+00
3.173694410530932597e+00
2.310758132911648666e+00
