-5.751640583283363917e-01
6.976703370223907186e+00
4.134688050277604887e+00
2.609445113258265891e+00
2.457142792201593373e+00
6.873893889593913009e+00
-9.705659695432162781e-01
2.084148775259908604e+00
5.010463276216227335e+00
8.296666698228644776e+00
-3.796795567621323197e+00
3.062596413206428281e+00
5.867845086921210651e+00
5.687453306917689133e+00
-2.554649784131604040e+00
8.910502510438575996e-01
1.038094515939586460e+00
9.117010337482131632e+00
5.767001168956685575e+00
1.000036540298872567e-01
6.357874758950202043e+00
3.568144778270789352e+00
-2.918643332927144396e-01
1.736409926584213004e+00
5.325101551777006392e+00
7.805389842387751465e+00
-2.918675476409394065e+00
1.491808154916857809e+00
3.944291251349631544e+00
3.566621278951548568e+00
6.170200284715000372e+00
8.630090358804052286e+00
-5.858397062241043063e-01
-4.550394408929064660e+00
2.627111359374197264e+00
2.588958113275589223e+00
3.845683385328793946e+00
8.120418210333479436e+00
3.889653953545050946e+00
-5.294292475101668671e+00
