-5.965171712507276736e-01
-3.369741115435600065e+00
1.667928922370046640e+00
1.184326477306126435e+01
1.786229104376485077e+00
5.826082388025294989e+00
-1.280462613690845020e+00
-3.215112978699559143e-01
1.583839561195517387e+00
3.982960470361817773e+00
7.635905688344193365e+00
1.797680436058030740e+00
1.826966129843032416e+00
5.291551563536811997e+00
-5.035936607425179012e+00
1.047302959730567751e-01
-8.036598794540301682e-01
4.995503090651438605e+00
4.448149270227615304e+00
4.442599629005640871e+00
-1.057861582914146892e+00
9.232188760424846485e-01
-7.093319808916718205e-01
6.697755267594264872e+00
6.133653078805454406e+00
3.996333481766123796e+00
4.604626174881219391e+00
-7.402245919502740135e-01
-6.780257991181948274e-01
5.939318985116341487e+00
2.938573699191480593e+00
-5.617824416828023359e+00
9.541966287803672619e-01
2.176496661106381847e+00
1.968390005023170630e-01
3.108038633499118131e+00
8.693972876088615465e+00
1.710703260578594564e+00
1.657439513796525432e+00
-3.053365864010482156e-02
