-1.164545911225389752e-02
7.080048334807255372e+00
1.099370521597418104e+00
-2.009458591265136373e+00
1.970151966695526724e+00
5.799810063347051070e+00
1.440433952721308586e+00
-2.022443584650162052e-01
4.409989005173850174e+00
7.328708180429616803e+00
-4.411388534408487772e+00
3.517873416290234756e-01
-7.329213715677524998e-01
-8.375907553096775260e-01
5.524114236324667360e+00
2.393567739754959067e+00
-1.441061625591926632e+00
6.324067674241925729e+00
6.053218144829294545e+00
6.206838271568120291e+00
4.891985741873436488e+00
1.324404971682896281e+00
8.353834364724987083e+00
7.540089608139955324e+00
6.663215961126434106e-01
3.529652465827219032e+00
1.393771155624884406e+00
4.001414320082118614e+00
7.100954651681242957e+00
-2.036397172575631132e+00
9.975747990077116212e-01
6.005708268417221163e+00
7.577181988360234932e+00
-1.274383795256351926e+00
4.228341992143206163e+00
2.432093328014835798e+00
1.143906928457916639e+00
3.341975403580048631e-01
8.151984219867520309e+00
6.774625901609018008e+00
