-8.595976565943403980e-01
-3.395300091085337701e+00
6.843397069742739092e+00
4.187758328414243891e+00
-9.466144309342863217e-01
-2.210465636617175988e-02
3.124310117339776482e+00
5.479264629321853874e+00
-3.872571851753450645e+00
1.036579390975119530e+00
-1.274832961947951926e+00
2.651840852716976227e-01
8.144589296814254809e+00
5.006446715950236381e+00
1.077330605847345746e+00
-9.758374038338293310e-01
4.102904272488902215e+00
4.200052515156787791e+00
9.600021128940300130e+00
6.099477751263254532e+00
-1.382528336733400698e+00
1.970516920343597267e+00
-1.754284331386053664e+00
-8.149817491825346316e-01
5.991573877473723719e+00
1.216626338593924572e+01
4.272448882501658218e-01
1.545147521357683074e+00
6.081991691653497512e+00
3.884601871789292726e+00
6.458418086501308331e+00
5.556255844865698457e+00
1.795072022248419774e+00
4.392843757564438789e+00
1.596536562373700896e+00
-1.981997168911111773e+00
9.448511823806590160e-01
6.732917126677381958e+00
8.564401937319644498e-01
-2.979148331239611203e+00
