3.015424408223158714e+00
9.790347679884218834e+00
1.646986908193302845e+00
6.074845555244225981e-01
5.120733141426668134e+00
4.207621688812246852e+00
-3.683191461392776311e-01
9.104444652345257794e+00
6.415203041299549547e+00
-7.138146881236755448e-01
5.133883318643403193e+00
-5.224327142550548864e-01
-1.135564150505079972e+00
-2.889525307960397527e+00
7.688178775305716250e+00
2.700551807766741419e+00
2.522262270251186322e+00
3.644318974665461841e+00
5.768054699008040132e+00
4.992329277294326850e+00
-4.119115874391359178e+00
-2.334631207400995390e+00
-1.623151110338971304e+00
4.286793883256326154e+00
5.562062560413020051e+00
4.052033178242175904e-01
2.555893389322672071e-01
4.604013225225595640e+00
2.619150925623786819e+00
-3.217984005077706655e+00
1.993062293699488619e+00
7.264746089653057126e+00
5.724029005166924033e-01
-2.433462314330032683e+00
-1.553002513333984869e+00
1.034971717288654114e+00
3.194187663716236525e+00
5.868266928027988882e+00
5.885140848486289933e-01
-7.035693221963477129e-01
