7.705233293261891880e+00
1.768981444936872816e+00
-4.584814540760071111e+00
-6.870697868069608472e-02
1.601012091208889432e+00
4.869716037725917879e+00
-2.211801829527374252e+00
2.365028792132114255e+00
6.382227101558523685e+00
6.354740187477281310e+00
-2.263486300357774539e+00
-1.377670219147411501e+00
-2.516937524662024583e-01
-4.064483331935047072e-01
7.822735320018560756e+00
-1.011490936311016720e+00
-5.532973954398376470e+00
1.231879675131545060e+00
4.285202525674862706e+00
8.279262714020434899e+00
2.838371946592753492e+00
-2.173364207386630831e+00
5.589551810911376428e+00
5.365752107360279410e+00
4.048154505292979266e+00
5.136731618766132712e+00
1.452576393833208579e+00
-2.415945439267781047e+00
2.488832270759862464e+00
8.053689546995030923e+00
4.797756328225556643e+00
1.575630332321206195e+00
2.470305670720160940e+00
4.265470471922958140e+00
7.991011536629978984e+00
4.066809026162964358e+00
3.072959129593284544e+00
-2.590438235122835220e+00
4.627749398678175918e-01
3.083413728844536017e+00
