1.052487088968552520e+01
-1.106944372224309747e+00
1.149959587536906191e-01
7.168709370777265555e+00
5.816789368893255485e+00
3.222804784153506796e-01
-2.539050427167455215e-03
2.905112392809154009e+00
1.216729596601162200e+00
1.717977381662540326e+00
1.924716485485204798e+00
3.890785125411466705e+00
4.571609093843282956e+00
2.099279698158846852e+00
4.966569284623925995e+00
5.109380844277514377e+00
-3.399439361295456319e+00
-3.504346389362483105e+00
-7.884462281866063682e-01
1.214440575904178976e+00
9.984847190360973457e+00
-1.267753452090996547e+00
-3.165706226236559395e+00
3.946438635906819314e+00
2.323888691678081653e+00
2.273540029262819395e+00
2.588095991272729268e+00
5.516950284829981399e+00
5.857170281400349010e-01
-2.236293785888211261e+00
1.304216039596704402e+00
1.140146039269963296e+01
4.123253284432441212e+00
-1.718178458663140784e+00
5.234369030516810462e+00
1.706066348426026558e+00
1.598734039488486136e+00
1.441362350975644357e+00
2.906692615924282297e+00
4.941428889279483094e+00
