4.116953002849988330e+00
1.561168258636402850e+00
2.019532257222561800e+00
1.622613309109279145e+00
-1.164662014811556512e+00
3.172063292004934532e+00
6.752327567020437016e+00
7.190495764509498011e-01
2.948270261318019170e+00
9.544837269168048977e+00
6.470142834362247797e+00
-1.798068871611138153e-01
4.608029155879707517e+00
9.250644179181275462e-01
-2.850461237104764844e+00
-3.180714377998534736e+00
5.845139552961224894e+00
1.234824840578951477e+00
-4.047694555477237444e+00
7.273778594230122962e+00
2.343120813784330014e+00
7.632424726090003553e-01
4.883419670495061204e+00
7.582464190908032364e+00
-1.588272394538801979e+00
4.944901021278846898e+00
1.333313830200065553e+00
-2.678830769943791434e+00
1.610586247032648188e-01
8.075805960492864699e+00
1.844771613437926838e+00
-4.814003956961511399e+00
9.984037672030756649e-01
5.970840801356811056e+00
1.831076770999954473e+00
-3.276986404059510249e+00
2.439221817239708656e+00
5.049303770139511371e+00
6.651993710711121111e+00
9.120107421766308065e+00
