2.536260129003363062e+00
7.756314496762558797e+00
2.471704646769724789e+00
3.014851388146752242e+00
6.433029161997570355e+00
7.944099283341858886e+00
1.180579112585009582e+00
1.863298336814707357e+00
5.657852170483468335e+00
2.298146055237229923e+00
-4.921904099689180967e+00
3.388445927393168855e-02
6.864521393801584104e+00
5.248685819511849093e-01
3.724757892852081920e-02
-4.221756346087115475e-01
2.479170234057327171e+00
4.879808196276377075e+00
-4.725230235542779766e+00
-3.031709077532359409e+00
7.905039265862306763e+00
2.323260643842691486e+00
-4.386029642709871723e+00
2.847383259273057909e+00
1.154186923572472168e+01
2.023498451521396291e+00
-2.341983146289036810e+00
1.183808961106956659e+00
3.292805926907569347e-01
8.109762022070578169e+00
4.655318374937388981e+00
1.063544256389672427e+00
2.016492643343978042e+00
4.561843846650903700e+00
-1.288762734515255026e+00
6.116510517141677816e-01
6.609274223273065019e-01
2.358228194036298131e-01
1.081338245173008339e+01
6.106529595163445734e+00
