1.060296677635679252e-01
-2.723623445016131406e+00
-4.234872468846925919e+00
7.634225993276850808e+00
3.929494326734237042e+00
2.301954904610583608e-01
2.971339362517172233e+00
4.129998957365432766e+00
4.938684453429767807e+00
6.172645393024777327e+00
-2.435253718164396841e-01
3.540082285582180521e+00
-7.981577848822216659e-01
1.637001527970458170e+00
1.032736081555287910e+01
6.493590538294796488e+00
3.338571164865346219e+00
2.484245071380855485e+00
-7.777252456980122686e-01
2.482589750159427400e+00
3.334581365393328056e+00
7.436951738429910641e+00
6.857389671283380395e+00
1.222327831434128598e+00
5.021322786502723012e+00
4.292464854421750076e+00
-3.514442654371532360e+00
4.302580262568914904e+00
5.833198735203146690e+00
2.313859039830518771e+00
4.905306548352586837e+00
2.030564373269417189e+00
-4.018036168380746176e+00
9.439725149064481791e-01
1.672300034527702817e+00
8.181750955148288540e+00
-1.376841596508115551e+00
-2.320017659092939333e+00
2.372747455912591064e-01
3.744185524674703114e+00
