4.249395809430868143e-01
4.487376961495604277e+00
4.794375299671665758e+00
-1.097753422901467157e+00
4.860492585185824055e+00
9.508886001638842345e+00
7.611238483593846915e+00
9.131178866731472610e+00
5.534869475547782969e+00
-1.583390713954095030e+00
3.258805124444961177e+00
1.908269184505948068e+00
3.851284888761177250e+00
4.140935343091010523e+00
3.698242746286890092e+00
3.570597878368808598e+00
2.781605344764435994e+00
1.805451693723775453e+00
6.060789290934943452e+00
2.838303150763850979e+00
-3.889281978414393492e+00
2.205724138890881036e+00
8.565739628257604821e+00
5.312273782922341425e+00
1.298308182902889518e+00
-5.203742766020477362e+00
4.087556169869709932e-01
4.231771469621807391e+00
3.398398533303135238e+00
-1.696285615769028143e-01
-2.977230371813451848e-01
7.622800341780852307e+00
-1.347438404509904597e+00
-1.904130647355041228e-01
5.223906631889890795e-01
4.813364146996281789e+00
6.041575212285272833e+00
3.621783507731687557e+00
1.711407513417936288e+00
-4.268203728712595679e-01
