1.168520169038837375e+00
-1.885975125894994386e+00
6.320631272749013263e+00
3.186908427279957934e+00
-3.056657073780134848e+00
1.654743732136784384e+00
6.522615269068666066e+00
2.964281137582097880e+00
-3.231817416473386384e+00
4.973347013148355700e+00
1.513009005393664230e+00
7.397276752271761957e-01
8.365471517528174417e+00
2.792806855626037255e+00
-4.912555473896595970e+00
9.785880974247241904e-01
1.563193785040826622e+00
1.013750231413010816e+01
8.240858325709872645e+00
-5.070769435214349308e+00
-5.895807843354505806e-02
5.030888456678789922e+00
1.946091039321274030e+00
1.975633600666192091e+00
6.711740122484364690e+00
5.909597996371635631e+00
-3.549284532491095767e+00
3.691342151067456001e+00
9.961208485250720557e+00
2.749554206674526657e+00
1.581599346821667806e+00
2.942723502397305513e+00
2.729034862277907703e+00
3.126911684105238454e+00
-1.305192115824432619e+00
1.176113546810540145e+00
-1.927110691188811398e-01
8.747022737601806597e+00
-1.966867003452262619e+00
1.385407161984756552e+00
