-2.062340265626831481e+00
2.169880859030238529e+00
9.160168839393346474e+00
-2.166851814761379558e+00
6.344309452053056297e+00
2.516094196628549717e+00
7.402204919068127165e-01
2.768143026533962825e+00
6.985844342719858879e+00
-5.201453958210672246e-01
3.268738165587755429e+00
3.016225728306655141e-01
3.360485460456835938e+00
7.775203462720146952e+00
8.160933239765792990e-01
2.660342584658456744e+00
4.696767325015604122e+00
-1.756117445928832899e+00
3.528631776164415257e+00
-1.778002900948718157e+00
2.531106446910217134e+00
1.937170218139394162e+00
-2.762430415374825365e+00
-1.228486276072493055e+00
2.378338681763745299e-01
7.087693229141073914e+00
3.009791152129961844e+00
1.544489389664767121e+00
6.581651811560845999e+00
-4.371562457783396027e+00
-2.596937269636052648e+00
-1.184688651594060671e+00
9.482655733061895020e+00
2.821929902369336940e+00
-2.622326875766195498e-01
4.882637629070540441e+00
1.158065403762529222e+01
-5.487815741904918276e+00
-5.453229289789488732e+00
-1.410199521255330435e+00
