8.207754238061577112e+00
-3.099579310632842866e-01
3.043727969190421323e+00
5.080706785247890878e+00
-3.090246237082012293e+00
-1.844380157678724430e+00
1.461684431863786715e-01
5.266406533300946435e+00
3.665605335046901558e+00
-5.367255291600658396e+00
1.549208559234847904e+00
7.577044291502715190e+00
-1.868403541673351764e+00
-1.030775597196862847e+00
-1.852639643193854990e+00
6.271395968763069817e+00
2.731640932085333873e+00
-2.759568550511885654e+00
1.396690055018014354e+00
7.775306841162449523e+00
5.067138489913584065e-01
-1.109892781327431077e+00
2.855023302979182276e+00
8.731659891136503759e+00
6.396801392819002618e-01
4.269680606028366299e+00
3.404145545834865949e+00
3.222321411966403204e+00
7.393174185657174213e+00
2.486601423228039565e+00
3.015307501245103161e+00
3.389449015284584199e+00
2.901619411565895312e+00
6.208568447940021606e+00
-4.017248041636969802e+00
-9.214355311834966367e-01
1.586218707781277715e+00
1.118857673343952719e+01
4.342070749419416842e+00
5.821468072156797291e+00
