8.629249960584260748e+00
3.036678590828827407e+00
3.589303878490610611e+00
8.159701066154362081e+00
-2.512770861131165545e-01
-1.273669160643348119e+00
1.196704254574592730e+00
3.948173946306218873e+00
5.914153717015224743e+00
-6.462573400433720749e+00
3.887692251560786794e+00
4.514152786793971472e+00
8.062595537074421781e-01
-4.266500093794510562e+00
-1.854450493408486000e+00
7.356615819478619756e+00
6.054154479274935774e+00
-2.655479022124540567e+00
1.098086267341685129e+00
9.416116283489923688e+00
1.915553932562748418e+00
-2.932986533505003379e+00
3.626860665335089440e+00
7.278206716273024846e+00
-4.273427096704240924e+00
4.422705943786184313e-01
-1.257119052422708549e-01
9.481704880090778831e-01
6.955658829573620139e+00
-9.976771654098005593e-01
4.224977616191552876e+00
2.461356520106355639e+00
1.231534633283473124e+00
8.447874146513230542e+00
1.565694092087350331e+00
-3.312394548993559784e+00
5.193790693300990746e+00
4.777303171665714387e+00
2.494073058073789984e+00
8.458533030082751480e+00
