3.797867891327459056e+00
7.854267558785668513e+00
-4.587455599858785149e+00
1.657930588892368773e+00
-1.805225624748427071e+00
5.758201654965944272e+00
4.705913935784475477e+00
-6.157079183674989409e+00
1.116383748802936005e-01
2.987566063056354082e+00
7.787692242585307234e+00
3.981642445799414620e+00
-8.072143759018092224e-01
-4.278241209910994769e+00
1.348046700144345911e+00
5.183182700083603933e+00
7.237292422592403796e+00
1.132711037990602776e+01
2.943435761751201696e+00
-4.622108393472608157e+00
1.569812985107767789e+00
4.926613422248953711e+00
8.282185158357339816e+00
-1.129434365916842875e+00
-7.513339577493725940e+00
-4.083648415654652197e+00
3.437418295212231190e-01
5.268549739271494836e+00
5.350580411819237270e+00
5.683920873557224418e+00
5.177823566840920932e+00
4.247848701209851363e+00
5.525461457604659898e+00
-1.213944645632364511e-01
1.405216982100557122e+00
6.299321307455608476e+00
5.813137830611869283e+00
-1.745761560729941708e+00
2.790932395143403522e+00
3.549788174151667697e+00
