4.959059786712988860e+00
1.859375024575955271e+00
7.230662865629247982e+00
5.163094039019477499e+00
1.299286549548047898e+00
6.000552382066935309e+00
2.448509734674113147e+00
-3.638366726212963087e+00
3.993064047586143417e-01
7.746909090510133211e+00
-3.144145050794609375e+00
2.273032135631094519e+00
3.376924599128585114e-01
4.424375179380135581e-01
7.524732726158946505e+00
2.938358006191593930e+00
-2.736858659779877634e+00
4.933042742748668275e+00
9.795267573646915693e+00
1.706732253643303387e+00
6.594262860952542660e+00
3.141624310840658296e+00
-7.726900621748894693e+00
1.056483662045026861e-03
3.204044936654483422e+00
3.323711515148807472e+00
3.477342656927305597e+00
7.846603313150262160e+00
2.877994455739264268e+00
-3.057012679506073916e+00
5.524239001446960007e-01
-1.006597980590563601e+00
4.328633188066846493e+00
1.626400100001988314e+00
5.078991713068349512e+00
1.307828861453902647e+00
-1.331140935622834087e+00
3.051524578513826746e-01
7.697449095263679375e+00
-9.602419880794611506e-01
