7.183646120098668320e+00
6.337589972063081944e+00
-6.218457117148929569e+00
1.376027166454081740e+00
8.126309789817450779e-01
4.276433761604653272e-01
-6.191124912028838079e-01
-3.714199388715462291e-01
7.907414543210096625e+00
5.440171076221251845e+00
3.995985915762337637e+00
2.727165661243588168e+00
-2.654444834679352550e+00
1.983757181721135687e+00
1.007296366671025822e+01
-3.813097495965381611e+00
5.454579763880081700e+00
4.761433533066064427e+00
4.891259084996893769e+00
-3.225534157940083801e+00
-3.990983479648991250e-01
1.553243150372636494e+00
5.578917500579084532e+00
-1.367206344855971700e+00
-4.866503747796349089e+00
2.454689645864586822e+00
6.080612945870461417e+00
1.192243025771973031e+01
4.014168808255694998e+00
-1.658723386771022934e+00
4.083826230080277675e+00
5.666773630729617039e+00
-1.278040866490368188e+00
-1.610590921484663873e+00
6.150311812723120442e-01
2.243572514040147237e+00
4.882877192789925047e+00
3.387065168977066332e+00
-3.550744165991222889e+00
3.843802829700173618e-01
