3.961957686562248782e+00
9.233680685467847482e+00
3.596739854916810586e+00
3.416068245084193489e+00
3.422522376097434815e+00
-2.443838675243088066e+00
3.057381748313449776e+00
7.679990992916977177e+00
8.271495726491634670e+00
-3.426691216212472746e+00
-4.778384378855962122e-01
3.969437200464456694e+00
6.209613813069616128e+00
1.260888537634403228e+00
1.333329632766019124e+00
-1.730064136523144835e+00
-1.921862459214908281e+00
3.611863865676256058e+00
5.209755004307360160e+00
-2.488206079238673318e+00
2.358814758352144381e+00
7.750270536548507394e+00
5.542884787675335545e+00
3.125577050918909583e-01
1.486485646158702600e+00
-1.878631498215564299e+00
-4.481863868982147170e-01
-2.394417894281932746e+00
5.539584590245726581e+00
5.202095461920185571e+00
-5.658746040229504004e+00
2.180120883513863461e+00
4.668996323861756004e+00
5.247315083938217661e+00
-1.543814915610909777e+00
-3.171679666956427335e-01
-1.068069279102081826e-01
7.554711349437911672e+00
-1.975013128330109557e+00
3.728451417065970830e+00
