3.147317195122292244e-01
6.614446180066560821e+00
-1.901354173046996554e-01
2.019532254520476078e-01
1.572813495313166055e+00
8.974546995181311715e+00
6.219279602177898880e+00
3.932102119089716519e-01
6.130491027124393533e+00
8.976798791174033454e+00
9.847424472160208886e-01
4.736572322335232954e+00
7.393767741442868413e+00
-2.720758862348284790e-01
3.472924289101417816e+00
1.570355375172400869e+00
3.056529199707555655e+00
7.931911714722183149e+00
1.102431294889615110e+00
-5.228336201243061865e+00
-1.376020493118153887e+00
9.240664816462343722e+00
-2.798021762380514588e+00
-1.424875601766496969e+00
-3.805452913159857342e+00
7.672004385348774491e+00
-7.838850581283640651e-03
-1.984937394514318942e+00
2.437724323689086425e+00
4.273415348383571732e+00
4.694977360508849173e+00
6.701403098548111004e+00
-1.973244255607659703e+00
-1.270202915669488286e-01
5.877363271040408677e+00
-5.703668928993916865e-01
-2.820684194276892320e+00
-6.187678751530183874e+00
5.608743832982923117e+00
9.494643518139723071e+00
