4.020445369366327348e+00
4.390788242103562666e+00
-2.218287336577046798e+00
4.030645290719703233e-02
3.224793246153116577e+00
8.333207813163131306e+00
4.461566151657605062e+00
4.572828770697388023e+00
9.696899095530532975e+00
5.816177581318152434e+00
-1.332834143741026711e+00
-9.743747257955592822e-01
9.528949135763364886e-02
6.995168683306390633e+00
3.044190518511663779e+00
-2.414804736764641024e+00
2.630941873792607577e+00
8.252730337110937953e+00
6.203010522436400720e+00
-5.356641932969099518e-01
-2.171540369754800803e+00
1.772530894264229495e+00
1.091208846710362756e+01
3.454757863877566670e-02
-2.401381585293759446e+00
2.868411819646851324e+00
7.017699088735019686e+00
-5.853049560973411225e-01
-1.207485699938967150e-01
1.720896143889326657e+00
9.380071699029121746e+00
3.397698773720349286e-02
-3.109129400960451761e+00
2.468274993611833112e-01
3.181034292765673843e+00
5.237417580683742635e+00
2.397573076216582777e+00
3.579766707622757060e+00
-2.099364899345578239e-01
-3.119059371317523865e+00
