1.223021330486752323e+00
-2.583484891174559817e+00
1.673303509014286705e+00
4.076853195368994598e+00
5.530464168984418727e+00
6.445461309042470610e+00
6.778356238551041635e+00
-9.896485122713053473e-01
3.410390287505284945e+00
3.983572083775957395e+00
2.735881792572174120e+00
5.900620142192315676e+00
4.190922491168846520e+00
-2.293875349558703647e+00
2.451794400327143464e+00
3.285776037779195580e+00
6.392482460446856862e+00
-1.433135741008788822e+00
1.405353844452956746e+00
8.548171486754976289e-01
4.332229416305495295e-01
4.579926547008226656e+00
1.348161159596241720e+00
-1.757469880075594793e+00
3.598992229374555762e+00
2.695908208980479781e-01
7.047558549347995083e+00
-2.120490085302451089e-01
-4.518060232203842119e+00
-5.853125749242160669e-01
5.705769591999806600e+00
5.785809267215725527e+00
9.848052121260622016e-01
5.213391799915556568e+00
-2.897359696661000683e+00
3.174794708183002356e+00
4.008559008231934229e+00
5.578861038110259685e+00
8.456116056635515577e+00
6.324884563237956669e+00
