1.502939256394917766e+00
1.892328326326439658e+00
4.263193984376220769e+00
6.739784668413875579e+00
-2.787962044997532640e+00
6.681012325275789365e+00
4.060200230561364698e+00
4.230028411339151084e+00
-8.765641933426968624e-01
-3.420495720439106879e+00
3.036792740667063395e+00
4.369858206409030110e+00
-1.833350629957225530e+00
1.538186396878027384e+00
2.283456925882397570e+00
7.956096271002679465e+00
4.460102136738250067e+00
-2.065557280558469877e+00
3.730854499871521845e+00
-2.424381563083068958e-01
-4.686772219855486199e-01
3.238333957523332973e+00
8.222866003747361319e+00
4.155840172256980658e+00
-6.623047402960583696e+00
2.713041096112731143e+00
5.761184382455862618e+00
6.195994761126133454e+00
3.978183077468065321e+00
8.414651148518796475e+00
3.073279076761135542e+00
-6.044042064032419503e+00
3.127356215950085616e-01
8.895916108584128068e+00
7.903411139382814810e+00
5.930448342709095932e-01
4.269934738883312875e+00
3.468619356750395344e+00
2.087722993642262992e+00
-2.952740663363098150e+00
