1.711669600251093604e+00
1.113170088139564307e+01
4.918723666819076357e+00
1.683595206559869162e+00
8.723504829513497594e-01
-2.543873068394708170e+00
1.192542279634448699e+00
6.518982513037983040e+00
5.936889138132176669e+00
8.066269345112120348e-01
5.150442217675312406e+00
8.903218758179036740e+00
-4.373093706832395178e+00
7.715671215155004425e-01
3.026725716080785666e+00
8.833341539648625229e+00
-2.329847859025338863e+00
-2.053017421046784641e+00
6.004591021081985280e-01
2.704007428954754655e+00
7.337458827682576512e+00
5.396164826773186540e+00
-5.057754187982984595e-01
1.443617722620097465e+00
3.783236968473651096e+00
2.937495043286362684e+00
-2.714109447218506777e+00
2.360045563396255375e+00
6.140624530217491994e+00
-1.695596942935848395e+00
-4.759651428299500608e+00
2.088388275506521286e+00
8.420514939513821240e-01
6.049009454613819337e+00
4.385764302168999151e+00
-7.430680751071006007e-02
6.780138283807096711e-02
5.255974997787716596e+00
3.111018796157148714e+00
-2.155374327425778613e+00
