7.362166763870678921e+00
2.488987504664016193e+00
1.417047598377678685e-01
6.430024965927641389e+00
4.196188065532767020e+00
4.781122493998934964e+00
5.654285059667646385e-02
-3.982798563779958556e+00
-7.965375648824135624e-01
5.998209811294191951e+00
5.517807975878762150e+00
-2.791878679649791195e+00
1.161360233275577913e+00
-3.038230941042554978e+00
-1.694025166450069619e+00
6.466660715638333556e+00
9.086515005092945074e+00
2.799528676563625140e+00
-2.338217819609420545e+00
-1.411749771506317419e+00
-2.931249814408565246e-01
7.398621356100602675e+00
2.347469575898213368e+00
-7.159826508937424450e+00
1.845823268486415980e+00
-3.331745176457029167e+00
-7.853667344100048187e-01
1.207399126600770423e+00
8.139999214486216772e+00
7.504548256856129917e+00
3.455895213628056517e+00
8.178228976299415365e-01
3.876192923846654814e+00
2.557384002926051281e+00
5.415201946223055174e+00
6.720176618530394386e+00
-1.488102641424909667e+00
-1.498900848034107725e+00
9.080684505551706032e-01
5.199716328617435046e+00
