6.492163383337568483e+00
-5.444385240827629424e+00
2.523787764068568862e+00
4.206989225462473669e+00
6.847535346528013100e+00
4.404150543836154341e+00
-1.694654373878542453e-01
-1.815596396619380215e+00
2.994844025007694088e-01
6.831760425734707098e+00
7.280559102176622943e+00
-7.016780313643626421e+00
4.403937724343413684e+00
5.807532166756238290e+00
4.557708072954792300e+00
7.170588171343800887e+00
5.421434448478942514e+00
1.654844549414792976e+00
-8.070893169277693069e-01
-2.878682933836082647e+00
-8.146329539790460039e-01
5.762177788572123482e+00
7.371703468216072253e+00
3.401295272523883195e-01
4.219675242195418008e+00
4.590737731814396483e+00
3.740126825268737409e+00
2.393131203232159443e+00
-8.293814376676008626e-01
-2.347918675693700941e+00
2.062063492378968466e+00
3.644013601110120071e+00
7.480120392614736602e+00
-2.191658709686479245e+00
1.547340548424286144e+00
-2.115506520534956358e+00
7.366806618809089713e+00
3.207222899112271541e+00
-1.758340180788051932e-01
2.736063882448825701e+00
