9.838324309578108995e+00
-1.230609772341094477e+00
1.996581066336345911e+00
2.097509569058822354e+00
8.072442294352110137e-01
4.536563016790809755e+00
4.630953812127988733e+00
1.805313705151996517e+00
7.601306452683551651e-01
-2.136535007681255038e+00
6.271846169130008697e-01
2.681893915009497142e+00
2.034920297100712983e+00
-1.619930997974742937e+00
2.003002959260145932e+00
5.021751044597877467e-01
7.058689488489629404e+00
1.052724366504662612e+01
1.232578263996596535e-01
2.030443240243963388e+00
4.513237436454803131e+00
5.086086751995193111e+00
5.409732970005356023e+00
2.900441341715721766e+00
-2.817865991548544891e+00
-2.719112750774256515e+00
-1.068165330069033914e+00
7.390629830699227298e+00
3.633547600751014350e+00
-2.764690610761948442e+00
1.968372800067084150e+00
8.053560807468887361e+00
-2.490281822262015998e-01
3.800682348439366809e+00
6.264579941599289548e+00
1.565951114355448759e+00
5.987575583989171335e+00
-1.085494847484993697e+00
-3.292541341943044930e-01
1.393754979177741493e+00
