-1.574355529703261425e+00
1.342482408286782114e+00
5.685854294811520937e+00
3.912213543717629527e+00
2.219647940714323475e+00
-1.632514754061822337e+00
2.079203745130691505e+00
4.504985230096380633e+00
6.497208660051687623e+00
1.441110289851159854e+00
4.819841509795492751e-01
5.882247272564809393e+00
9.844002793098093562e+00
-1.235127410258308078e+00
1.220481087570609136e+00
-7.234657105787061226e-01
-3.251361964751780409e+00
2.198155427817502616e+00
4.687329415302474267e+00
5.457353886237680030e+00
-2.711417029857067451e+00
-2.097450889784014727e+00
-4.953463377440808557e+00
7.746290943104210847e+00
-1.623372043834326650e+00
-5.288684268239218333e+00
-5.589120991599955346e+00
3.554029539837595841e+00
4.736683419984517585e+00
-2.391385565042665640e+00
1.963538494176907623e+00
4.504705095752701283e+00
7.179909413473489543e+00
7.266806363930142787e+00
-3.462258139023953074e+00
-5.391693179653382906e-01
1.530187225123124106e+00
9.286971701510331911e+00
-2.763811255908715570e+00
3.340368026037006555e+00
