3.730465714124990839e+00
-5.318474903390586483e-01
1.994584500758062706e+00
1.922803139325018007e+00
1.696053400000533617e+00
3.303332843246503003e+00
7.985005415389232475e+00
-1.531623891578179908e+00
4.318753849905585085e+00
9.917837369770134970e+00
5.337097804079095065e-01
-1.718670348553843708e+00
5.642805376636458980e+00
-8.433603931767839068e-01
-3.107587657878756904e+00
-2.402942166913004662e+00
9.175064147868695841e+00
2.915293415080984385e+00
-4.801969673375907632e+00
3.387043516016516431e+00
7.111677283416161011e+00
3.836432472533859439e+00
6.347352434467640414e+00
4.486936051550151738e+00
-4.292682508969576372e-01
5.712709575196625700e+00
8.533799947387912255e-01
-1.322230706382822696e+00
6.859959620750502030e-01
8.103519330882317462e+00
-1.244943971568062802e+00
-4.039898328749564449e+00
-1.069446749423120346e+00
6.062394620968689196e+00
3.532541107252887280e-01
-4.764790777667593069e+00
6.380174279406982674e-01
6.443489774555423821e+00
1.168220428245315823e+01
5.079282793798772566e+00
