7.984598422430913445e+00
1.382950357776267181e+00
1.968490327160474562e+00
7.095889627330985938e+00
5.264006805673584033e+00
3.572889743261799644e+00
-1.067923445561996587e+00
3.799211192621893662e+00
1.165374335468678701e+01
-2.222647937278517727e+00
-2.571291022589134556e+00
4.643851821922640788e+00
2.256433615089077804e+00
-3.375564362506486837e+00
-2.538920937997058314e+00
9.653871744067577865e+00
-1.568933846901528595e+00
4.688625605076956471e-01
-2.276504023258887344e+00
9.368010741243544715e+00
6.231331037713816023e+00
-1.525566063177298815e-01
3.531731361920534162e+00
6.836416999827169327e+00
4.441470174487666789e+00
4.109713055698877016e-01
-1.773952228430421663e+00
1.854244202917462392e+00
7.202760811822003006e+00
-1.857804001148154693e+00
-2.463434189213982606e+00
1.381921376197928764e-01
-1.242207431707183840e+00
6.540471223612312812e+00
6.041275606008184695e+00
-3.563037694967565283e+00
1.382386604256183649e+00
-1.050406943182288888e+00
-7.035483198723910814e-01
1.317930456161699126e+00
