-1.377941161327680408e+00
2.057438554366323835e+00
-1.239895148590744789e+00
-1.466525355631415728e+00
4.425634865413895724e+00
1.155597400421590848e+01
3.155036650254723796e+00
4.962739486584759163e+00
2.200354181754468286e+00
-9.147498055605771672e-01
1.265306834231599398e+00
6.162081662824980377e+00
2.580750470757076087e+00
3.409143235520069481e+00
6.917991767662096336e+00
-5.382529531570519055e+00
-7.132424317051224705e-01
4.350861632978916482e+00
6.430124150386211213e+00
6.667258371906410019e+00
1.217339252681453710e+00
-2.937400378915791865e+00
-2.191668306288301338e+00
-1.618064295815587084e+00
2.021354839948311888e+00
5.829724246215798544e+00
7.762601267163491414e-01
5.404888708380544138e+00
7.760645894905476183e+00
-2.948045322087322617e+00
1.381266446053186714e+00
-9.552693863072312386e-01
-2.256332976561356285e-01
-2.150287669223975850e-01
6.564774130901382954e+00
2.769419542128875200e+00
-4.582920327067895983e+00
3.527044355335730685e+00
7.448345780233533553e+00
4.378636344684392334e-01
