6.106494306474843370e+00
3.272584159348683297e+00
3.994440624503053261e+00
7.267752412004762519e+00
5.638774521497673220e+00
-1.589053718523956826e+00
-1.615077147829356630e+00
2.636879262488192488e+00
9.347997957737410601e+00
-5.137930001027204874e+00
-7.029607234924115655e-01
4.300338355345547647e+00
2.857150480431629447e+00
-2.550304220422899171e+00
-2.705254760770116285e+00
8.508747298289975447e+00
9.052625935166673798e-01
-1.091703952041966907e+00
7.208143201240226894e-01
8.106906412871135004e+00
6.001917857500987274e+00
-4.636486448128353643e+00
2.508313367611347822e+00
6.304262388434395348e+00
7.339519727058019249e-01
-2.491392112870287612e-01
-1.629173961901681400e+00
7.200948347671766170e-01
8.118595034492285478e+00
-1.788775079719892469e+00
1.054608198955665266e+00
-2.167451351120866399e+00
1.105426764467647871e+00
8.326543566825719722e+00
4.571034296399830055e+00
-4.074981975637616216e+00
6.064765199049825029e+00
8.349521603857250618e-01
3.786513301071229520e+00
4.503550284000327864e+00
