-8.831178294395024553e-01
3.479996162434539464e+00
6.886416277780893047e+00
-3.090454928133833601e+00
-2.402577080571326462e-01
1.278526085448652982e-02
1.159363831335058492e+00
5.078851165629312270e+00
5.186667371829902784e+00
7.361986681939024280e+00
6.825629464776373112e+00
3.504800987254375944e+00
2.906473773431785368e+00
1.975367716562194342e+00
9.083216990175846384e-02
3.575644145800204843e+00
-6.103577453222003291e-01
1.986072179552929917e+00
6.142638221121359265e+00
9.311820649721376242e+00
-1.930447289748791206e+00
3.109396164909184801e+00
1.732753500439477623e+00
1.688935629089461266e+00
7.804542364474609251e+00
2.480680286156577985e+00
-4.355288670501503034e+00
4.276903857924757801e+00
7.018178767818130659e-01
-1.146656071508685537e+00
-2.713825084395866671e+00
9.292702766259711922e+00
-7.014305518242960336e-01
-3.020910373006444161e+00
-3.978973362567719274e-01
2.243724123072853516e+00
3.025142791646966423e+00
3.903938553279044932e+00
6.645057058034006481e+00
3.898217399343534950e+00
