4.929145166796852884e+00
-3.233108649402052226e-01
-3.565220492196067070e+00
-3.557506701073039679e+00
9.918688635737476389e+00
1.371979704489447949e+00
4.630400172906092848e+00
7.125507152616921580e+00
3.947889595758609982e+00
-1.610454700000061967e+00
3.102100748284088549e+00
5.511537676397724184e+00
8.287283420220884267e+00
1.573265838615326873e+00
-3.212027464163908164e+00
2.207032551495330175e+00
8.313461187869492619e+00
-2.577127332150330297e+00
-1.933117860876798044e+00
6.658667038618391043e-01
4.901992551572824652e+00
4.826706101761071288e+00
2.937479544086165073e-01
4.510504181281501879e+00
5.355071673104768948e+00
-2.114598513269108082e-01
8.423627360214204884e+00
5.776221532250062296e+00
3.916725580704452092e+00
8.900070116552225130e+00
1.096301232208640730e-02
-2.616762614087536409e+00
2.613599632478747381e+00
2.908672656279306934e-01
3.914583084063604446e+00
6.396690394877429853e+00
-1.037340594742850231e+00
5.820380161259969043e+00
6.447177623962216053e+00
-1.251324127429730870e+00
