4.884816456582842470e+00
3.508687587831294863e+00
-3.252148803693110768e+00
-2.024691679349381435e+00
-1.204918058816463189e+00
7.943741464206695468e+00
3.516070585318522568e+00
-1.429135732460728114e+00
4.606656039901016797e+00
8.921078009021943700e+00
4.951381091486553032e+00
5.512127709207441661e+00
3.496263600673777283e+00
2.475589756478212777e+00
2.685116678841488635e+00
-3.284488965586907838e+00
1.311929687318126314e-01
-8.430511372498430411e-01
3.670535994767428534e+00
9.098335177664871765e+00
7.956420153983642662e-02
1.892709216301213804e+00
-3.472595239650568377e+00
-1.324539248807813596e+00
-1.112281852893106660e-01
2.176235555874689531e+00
8.961776144768881736e+00
3.572203079704519002e-01
-3.579853939372164895e+00
4.607615491112826867e+00
3.026353920812080212e+00
4.372386150856956810e+00
-9.897720071225780680e-01
-1.334407384972196020e-01
9.458345664001075903e+00
5.018351101615456500e+00
-1.450263911016767659e+00
3.279288149947186870e+00
-7.770059405666887020e-01
2.536607494047157907e+00
