-1.292295609072893647e+00
2.907475542299504667e+00
7.320850538759742676e+00
-4.849936573136384155e+00
1.659326782157387159e+00
2.222856739843566132e+00
1.388802530614584807e+00
8.067508845461922817e+00
8.737780656542382118e+00
7.209241114678396123e+00
5.240637711339955374e+00
3.795550107611235013e+00
3.726954487507242675e+00
2.291873183076689635e+00
5.858384015539430667e-01
3.432128826033575386e+00
9.042659586746922828e-01
2.767857322211001225e+00
3.964099741655261688e+00
6.437225159745463721e+00
-3.312420702756103008e+00
2.771969772077551131e+00
9.850383974214541594e-01
2.937080925556198707e+00
1.034163896117071957e+01
2.654315376575906438e+00
-4.338117605069000682e+00
3.759712996432553300e+00
-4.370601251069699544e-01
-1.514296149577813444e-01
-1.529688438216699087e+00
9.315943680702893914e+00
-2.208248033541563515e+00
-7.699934782947923662e-01
-2.780518399631509041e+00
3.837071189155662587e+00
3.602615836866725374e+00
3.299563881097885343e+00
5.180515798444594644e+00
3.109563777563648213e+00
