5.797367337274111243e+00
-2.537248535594271992e-01
5.195167032341020175e+00
8.853107066674075654e+00
8.980459099992613048e+00
3.507829560144918313e-01
-3.425928642463212270e+00
4.172542515937903040e+00
2.865250880133730860e+00
2.138462092603634179e+00
3.795783002293869224e+00
5.271903280925941182e+00
-5.230301407794486934e+00
6.587611608183154832e-01
-1.322093247044821673e+00
7.133741636242788564e-01
4.888368559558648130e+00
1.421666093006066944e+00
-1.144439480028169642e+00
4.634418228040178001e+00
5.395435141957730885e+00
-6.406968510167487807e-02
2.010843697575903644e-01
3.643468209260937729e-01
4.251235729940624708e+00
1.018762797863100822e+01
-7.794984470080046357e-01
-3.675684949883420316e+00
6.442416406019582098e+00
3.895958703609312401e+00
-1.888649808493897186e+00
2.608287165731279167e+00
3.075656959542738100e+00
4.573540368243835808e+00
7.546628821277535870e+00
6.832790192574879073e-01
4.586346875520238342e+00
5.458416525811477626e+00
2.439082770818886026e+00
3.841721705701328204e+00
