7.210945683950112262e+00
9.281812900296873892e+00
7.437420432474241672e+00
-1.346901379585103253e+00
3.906683076295334178e+00
7.196402440749379181e+00
7.417702038356788208e-01
2.325374842692945698e+00
-6.328775246353979256e-01
-2.681845005152355688e-02
-3.336658970227779353e-02
8.302472339383731637e+00
7.549691214602561651e+00
3.616207962614936378e+00
5.013433012573001335e+00
-5.623652017750431220e-01
-4.268793840276078555e+00
-1.120185435753577430e+00
1.106180603545087182e-01
5.007398754754786019e+00
6.817239339796649311e+00
-8.641979731113567098e-01
1.574791877884240687e+00
3.449153520963345265e+00
3.631955191676592865e+00
-3.123633772335303593e+00
5.742697580125499357e+00
2.955307742626272383e+00
5.579610925294264945e-02
4.432352788785810738e+00
9.312420003674215963e+00
4.601900146055286633e-01
1.900923409136028308e+00
-9.376336519663011071e-01
4.127658703127963236e+00
8.507245851610232279e+00
5.614032751225283668e+00
2.412878016606855525e+00
2.651000513583579021e-01
2.378512799183542636e+00
