-1.459880075908292607e+00
-2.894744448154893846e+00
9.229597928202274204e+00
-1.128074658990660950e-01
-5.861301812663943345e+00
1.270268855922897844e+00
3.082090734799346698e+00
2.069586244212321624e+00
2.337524277904410752e+00
6.414975279691915944e+00
1.170413343023176189e+01
4.320240354413760198e-01
3.777745881099490610e+00
5.149783912152138932e+00
-8.042195061666841394e-01
-9.314395205979428827e-01
-2.720900356896062799e+00
3.803480148794546878e+00
3.749579322458480135e+00
7.579851495426983554e+00
-3.036185022673884237e+00
-8.114215473445632876e-01
4.748128269557637671e-01
4.260811532581305627e+00
5.565589291183965948e+00
3.507591554319998028e+00
7.020673378017860067e+00
4.737826352340486213e-01
-4.827097834289252987e+00
-1.407447742562118465e-01
2.030008654345447194e+00
1.185855581612619503e+01
1.072799648258143890e+00
-1.682170327861666204e-01
-5.906678450281256376e-01
-1.217291490020120603e+00
9.877702116349151851e-01
6.842117781258702180e+00
5.544164312870265121e+00
-6.725351201806044621e+00
