-3.408369763182150791e+00
3.841540376632754050e+00
4.456524432183486262e+00
2.840486901512510709e+00
4.908135868328676876e-01
-2.050971331535741182e+00
-5.672789368675368316e-02
2.462222673746688795e+00
6.949347561896933811e+00
-4.390334245345242081e-01
2.491912655257290332e+00
4.156589454522265470e+00
-1.912369471519272501e+00
3.751054678448370261e+00
9.158746280739199719e+00
1.358678872922322034e+00
-6.391789453504678198e-01
-2.131656041949543390e-01
3.113907647661418032e+00
8.059022350356134012e+00
2.930706740833741275e+00
-5.372372382510304689e+00
3.690104975083243311e+00
1.808255825940479511e+00
5.317694400472611882e+00
5.785506155063048439e+00
-1.914440346337121790e+00
2.822210197249259700e+00
8.957918206795227434e+00
1.586800598895695913e+00
-7.532079717651813056e+00
3.103538672829638578e+00
5.225610837568133604e+00
9.445839523004408989e+00
2.684552638440354855e+00
3.882207733477653022e+00
4.287936880344590307e+00
6.369041924750126427e+00
7.805250198133903083e+00
-2.474659927371265056e+00
