5.511562410776984500e-01
1.038328729317763655e+00
1.010935412127452082e+01
5.868622255913981789e+00
5.917462246917981616e+00
4.464277567217085796e+00
1.386605220439489194e+00
2.283897332525302470e+00
7.407254820947185792e+00
-6.204453830792068025e+00
5.630515117375516354e+00
2.736595039472338176e+00
7.962857086098612314e+00
-2.371690679128886536e+00
-2.092155260617279966e-01
-1.968790447471378546e-01
7.281427611409621470e+00
3.863436450291568569e-01
-4.913887352956856525e+00
7.487594287838533758e-01
7.408268940268120772e+00
-8.267028979999082594e-01
-2.509036460081523590e+00
1.777626876906614362e+00
6.201631517364983637e+00
-1.833556151865868289e-01
-1.137337131473839857e+00
1.056898475773571378e-01
1.107343225799623276e+01
3.897175011021824176e+00
-5.548377421198622095e+00
2.947919187157113097e+00
-2.014976072457612233e+00
1.404760963136783003e+00
2.431146564414101263e+00
7.378029353838258864e+00
7.377257385913255083e-01
-4.625591075186044066e+00
-5.030878519224138756e+00
1.550211520417002387e+00
