5.564355408184037621e+00
-2.916238825310689453e+00
2.747918498895765005e+00
1.085257837468314390e+00
8.410711652687600903e+00
3.087714471154882734e+00
-3.122128267595832174e+00
5.858995529052272389e+00
3.825894846596998633e+00
9.144882371736950954e-02
6.061628063519560072e+00
-2.663298402967335665e-01
-3.107681138455808956e+00
-1.681646549899893595e+00
4.855621645264557529e+00
8.821642056202652071e+00
1.644196823166517385e+00
1.438878060232573475e-03
-3.684375739081957590e-01
-2.712079467510267961e+00
5.518529060599399738e-01
6.491712824610681665e+00
3.430871227079737018e+00
-1.086575749229484966e+00
-2.323717348120443393e+00
1.809618231831577884e+00
4.178835109821646299e+00
7.529599932150327746e+00
4.079603479885299144e+00
4.647112795911344740e+00
8.197074258751307241e+00
4.887211043443653757e+00
-3.980187919221856774e+00
1.646600335679863747e+00
4.985200453580256763e+00
5.548688700940616947e+00
4.348558125527713925e-01
-3.377997639247018125e+00
8.274055460398870299e-01
3.735514323641060397e+00
