5.112147490737942945e+00
2.609436780541290357e+00
4.984140201223916655e+00
6.608569511389269735e+00
2.596396704684828194e+00
1.973776659390296118e+00
5.831344295319752291e+00
1.026368414584216460e+01
-3.416360837586255528e+00
3.325172158010917478e+00
-1.845521734980870798e+00
-5.609518541948026460e-01
5.520144775733252906e+00
2.932079139660626055e+00
1.095489860474492261e+00
3.987777423908269725e+00
3.045806994704784998e-01
8.170649071613007575e-01
4.558602167834147068e+00
7.380409163941640927e+00
-1.317726107955959014e+00
5.394972897361405728e+00
3.869000411494964542e+00
3.550321728896196127e+00
5.193035915683320347e+00
-2.023941904614027010e+00
-1.354971433374086986e+00
9.970136736393554466e-01
5.006995694219762427e+00
7.867489173413932058e+00
-3.628009976039311191e+00
-3.735636135483156206e+00
-7.043763188704239564e-01
3.548156969603706745e+00
7.313303630910339415e+00
-4.642986355219423267e+00
-3.346939333558782259e+00
-1.269277665811699540e+00
-7.268237446041510008e-01
5.541145189875773980e+00
