7.848133744027679937e-01
1.986873204387686220e+00
4.445965608169721861e+00
7.402699994987941068e+00
-1.935875924788079683e+00
6.083422619927096875e+00
4.108185468180858280e+00
6.769627225114339453e+00
-9.519496154134488020e-01
-3.706132218514133658e+00
2.946400611151511750e+00
6.898244731879924707e+00
-2.533327529795260880e+00
1.356173995855213033e+00
2.115719862842366350e+00
9.389407241147115002e+00
4.540130828472141111e+00
4.335158887051984156e-01
3.694611991165396514e+00
-1.680203969021089705e+00
3.836332934964585828e-01
3.116013665880373651e+00
7.041061137087977428e+00
5.867043827163609393e+00
-4.455898624545516107e+00
-5.637141761250501482e-01
6.206915034806097076e+00
3.965091200471307253e+00
3.654426930921950589e+00
6.145521053073253803e+00
3.164586331591512813e+00
-4.320760295452467759e+00
1.853382314332644221e+00
6.573040725840682441e+00
6.092199847799278700e+00
2.359646688389306579e+00
1.106094128639424357e+00
2.642778321462246449e+00
1.770173506159474108e+00
-3.603957639553531322e+00
