-1.976150268193491932e+00
-1.910039525176614683e+00
4.661295752921470914e+00
4.905052755022956568e+00
3.405739921887312782e+00
2.170820497074255062e+00
7.604666545670912825e+00
2.129029372604338999e+00
4.492161990749270473e-01
6.629152232367058417e+00
-7.278897875026884012e-01
-4.544116925282985164e+00
1.079644775262188494e+00
1.209125556763066101e+00
6.068948363106226651e+00
2.861951823876998091e+00
4.187870154748268625e+00
4.791320160064188372e+00
-1.736218667427916307e+00
-2.743084393195351023e+00
9.105363087156479462e-01
7.340136263870715716e+00
1.486737225553015573e+00
-6.211317786506485028e+00
7.310793613981152461e-01
8.152080467529925656e+00
1.300123275630614295e+01
3.652230988905663445e+00
2.348850353522268897e+00
2.610166937983119606e+00
-3.227482351229455038e+00
1.101295719528727624e-01
8.608783477748705337e+00
3.069662795972282865e+00
3.275130290191989424e+00
4.919085884894109917e+00
-8.419689555965900185e-01
4.599006460887501646e+00
1.008913069315498667e+01
6.097656954248312999e+00
