2.286984726482023333e+00
6.623870702688212653e+00
-9.449068755903055061e-01
2.062748559300147555e+00
8.856588665441487151e+00
8.450094146456827104e+00
-2.604976922664439254e-01
4.875392320369738464e+00
6.826393071488599418e+00
-3.391008545161501520e+00
7.254367683099016695e-02
1.422508512106091194e+00
6.102688145035351397e+00
3.352450493842751289e+00
-2.029730627105496232e+00
6.478642327217635222e-01
2.686648420915952240e+00
9.597797984165755025e+00
-3.782710367441715515e+00
2.154088353546823598e-02
-5.848677537376834046e-01
1.417285993300237745e+00
9.652372128212217461e+00
3.790576453377574317e-01
2.379043515402720299e+00
1.279001008233001002e+00
6.953289601505003859e+00
1.188194417446772899e-01
1.071997764272784592e-01
1.813345980645729938e+00
7.850244082166051740e+00
-1.325037470981830889e+00
7.657331222465340037e-01
-4.384268640152135244e-01
3.816755368581207009e+00
9.897003864049301214e+00
1.890132624888179458e-01
-7.077967355511251002e-01
1.323501278120975622e+00
-1.217434974375880330e+00
