-2.265305751892863206e+00
1.734115776234417261e-01
7.572718774438265577e+00
-1.743362343429393668e+00
2.085094240033588786e+00
1.440338386154964789e+00
4.242951655737022598e+00
7.929378716396360716e+00
1.331121500744433250e+00
5.403315956734219272e-01
4.659105141452790200e+00
2.920014836998477747e+00
-1.167248111255347887e-02
3.063497701625061076e+00
4.644503828528675271e+00
3.869632075937896154e+00
1.056996704057962688e+01
-2.166301142969280669e+00
1.898137975640365793e+00
5.084448760732304784e+00
7.845176373515744928e+00
1.309645014677265351e-01
3.574582917851505393e+00
4.705429496275601586e+00
-1.519661451371651095e-01
-1.442015688138382989e+00
7.655119425395452426e-01
7.929822616549678571e+00
-2.164736148470764121e+00
-4.235968808388647311e+00
-2.022465354437927854e-01
7.149065977450759668e+00
6.309523648635747328e+00
-2.958333462042338269e+00
2.863114210745077770e+00
6.650049839598299428e+00
6.648733069458899081e+00
-5.856744373726219255e-01
7.321713375866971241e+00
2.634921055254793920e+00
