-2.936932208237513109e+00
-3.542336785483582329e+00
2.286519545542195164e+00
6.681753333087171676e+00
-4.715072395413578477e+00
1.572197203228505202e+00
1.447424298860571135e+01
1.942300164588231182e+00
-1.117950917418670587e+00
1.102026502525950358e+00
8.003636658477130794e+00
6.594341070104748681e+00
-1.038842088741057879e+00
3.124132010985162800e-01
-7.498425263069030677e-02
6.447481839013816440e+00
4.836699001705851764e+00
5.179831859457455501e-01
3.220339667028599528e+00
4.245561357176207196e+00
-2.139949517596273498e-01
-1.060615737360392830e+00
1.050416175283919173e-01
3.065920606387977809e+00
3.442428878634360423e+00
8.537871826863788982e+00
2.890204114873902164e-01
-3.736957049897504213e+00
5.259846801720526877e+00
1.066280706520942534e+00
2.887919261450254904e+00
6.984978643111706020e+00
2.023538566214083012e+00
-4.406175908969819588e+00
7.649607615343612110e-01
6.261989224514885599e+00
4.731406083836763088e+00
3.543895997869146886e+00
6.755151711497696887e+00
-2.759228038742225664e+00
