-2.131881134516619092e+00
2.397566104194369885e+00
4.980897098618883412e+00
-1.216372548781947227e+00
-2.464641075699311568e+00
-3.162601787308813028e-01
9.610239700102290783e+00
5.550806511363541418e+00
-2.286699780145904803e+00
-3.119617624746925610e+00
6.311349522157360115e-01
2.419760938666268402e+00
7.844049918126746235e+00
5.781860668254129365e+00
-4.042843271495648594e+00
-3.792209687585410549e+00
1.223379643209435708e+00
4.790221987309854157e+00
6.758267417583599723e+00
-1.337064048442485831e+00
3.184750623653184842e+00
7.275335857460899724e+00
-3.283949807610946348e-01
4.994509751374004658e+00
9.979800727661341853e+00
-9.425346868007364876e-01
-4.606056177554007647e+00
-2.331699362195277292e+00
-6.447087329710454728e-02
3.224501588091324589e+00
6.120323249265322119e+00
1.623272263112395919e+00
3.724960063267402255e+00
7.395670169944655647e+00
-3.641051767887495849e+00
-1.551736970421546680e+00
1.645434841711970630e+00
6.881070174053370181e+00
4.278267136410669025e+00
-2.521073568199086345e+00
