5.614989461558073991e+00
1.900744988007625480e-01
4.688859348854464315e+00
6.076887688816039912e+00
2.844543120231273647e+00
-6.769972733562574341e+00
-5.465816653482229448e-01
2.259960732018245544e+00
7.660437665162851850e+00
2.543572222041613262e+00
3.403978340233791311e+00
-1.950936452642856311e-01
-1.573020880110556297e+00
2.444500395773913093e-01
4.778046656265464875e+00
9.178570755569225526e+00
-4.515443977882247495e-01
2.840745726580186314e+00
7.958112716818667165e-01
-3.294318436275478490e-04
1.403051184257124051e+00
6.776172966546710086e+00
-2.108507509131882340e+00
-3.874517831706131954e+00
1.754523655143535033e-01
2.125884261110122075e+00
7.224206609777408694e+00
8.037031630086666212e+00
1.267698422119696300e+00
2.643971015274658054e+00
7.115173534796102039e+00
-1.259572263602882103e+00
-2.984748596073719451e+00
2.201709200806655886e+00
6.671400200359752120e+00
-1.269132183392887026e+00
-1.596472709859905637e+00
-6.895938370341779811e-01
1.826102155389740300e+00
6.744563597203834249e+00
