-3.385574908040704489e+00
-3.434689176016625378e-01
1.072803654186558209e-01
7.774199418546437812e+00
8.883431913842859018e+00
-5.913631113021122765e-01
-3.231791847789718397e-01
4.858812126803631060e+00
-2.587109437204193618e+00
5.024935364351524880e-01
-1.785651345358392206e-01
3.196568409358802043e+00
6.734490684504237379e-01
-6.991653672013286247e+00
5.013443330172084877e+00
6.795149276801913274e+00
2.121954134941570036e+00
7.417282923788876658e+00
7.474904020770888557e+00
2.261352887353329066e+00
2.996577822532282998e+00
-3.090852030665440231e-01
-3.976862765353951779e-01
6.874194019884651841e-01
6.159789279690169650e+00
3.284480662115459193e+00
-1.787509545391044563e+00
5.070826636793040798e+00
6.040465178373239929e+00
6.191120536980372790e+00
2.904711877871882120e+00
1.078971271942237076e+00
5.474717854134087958e+00
6.226774817820063923e+00
-3.404252415447335256e+00
7.012350698780371872e+00
4.785295173440612615e+00
1.863326089051944301e-01
2.030510073901045320e+00
6.187189647089887501e+00
