-1.514764756319710415e+00
-3.883903767983342137e-01
4.734009709840561797e+00
1.853804817362211477e+00
-4.302723827440712689e+00
4.957096072346665494e+00
3.460822617173632931e+00
4.089820567504980353e+00
9.931090792551955815e+00
-2.644484607111525776e+00
-1.802041119950599235e+00
-3.253197173510234963e-01
9.334104961237599252e-01
5.209476270334592485e+00
6.335971836779123123e+00
1.571604977825410421e-01
-3.123870410853167190e+00
7.517724033703641950e+00
5.110790322016846687e+00
-9.232610950074181533e-01
2.863958907987490310e+00
7.974975268645865256e+00
-1.707583208171882694e+00
3.828883025915331473e+00
2.926492669861199936e+00
4.338471139435367441e+00
7.909637781526226874e+00
-2.129955876570237105e+00
-2.071422096284475156e+00
2.300476579334877592e+00
5.662686377255224279e+00
-2.324961362554900379e+00
2.491262188205991102e+00
5.034866330917184385e+00
5.452912563479919150e+00
-1.333786962965097356e+00
4.103301378343352290e+00
2.650641096780887107e+00
6.623210750891090015e+00
6.452610024868599581e+00
