3.780149360977461015e+00
-1.991618837048332757e+00
-1.927118037424766506e-01
-1.061729751699979296e+00
2.891323751564114364e+00
8.437251372776847447e+00
-2.742611533410670988e-01
3.550895322050268366e+00
5.773630361341480999e+00
5.233431361192529607e+00
6.725643059628366949e+00
4.501660688483887895e+00
4.593339875268372952e-01
4.417038245919494344e+00
6.046574613894954986e+00
-2.530048409359992867e+00
4.017088009261689407e+00
8.153399005393221488e-01
5.355576188945805782e+00
8.304331620891048260e+00
-2.089847428282435970e+00
3.515923329270510767e+00
3.099017842659880451e+00
8.315402396105600502e+00
2.747098966488120020e+00
-7.844020465650680674e-01
5.078402685120584792e+00
8.988028831691252662e-04
-5.311557669378053959e+00
2.468449175507626325e+00
7.932846364381185289e+00
6.391953918575117299e+00
-5.458096610988733000e-01
-2.295776603133374838e+00
6.794262646431768360e+00
3.808654295512015953e+00
2.521462326233448792e+00
5.865515547541235719e+00
6.865611419746406874e+00
-5.311442594312159926e+00
