-1.391926856170498494e+00
-4.548041947700562360e-02
7.285202813605294203e+00
9.794967301927648418e-01
2.637768967412599252e-01
5.005832721214785730e-01
1.599888213299529349e+00
4.182295064794547379e+00
8.634771726736202524e+00
-2.121408192554300243e+00
2.715207314749945589e-01
3.009788873236817430e+00
3.345531029043725457e+00
5.803674803132023108e+00
4.506639438065105807e+00
-1.960692983386105093e+00
5.194015259885516045e+00
6.638177047284738563e+00
3.250749166846611082e+00
1.046711649567645619e+00
-3.219756596689768102e+00
5.012516430722235405e+00
3.099077233108149088e+00
6.616966492880564488e+00
2.249015272835948043e-01
-4.116208649897783900e+00
1.015907074601005045e+00
-4.046111120621712076e-02
7.233723671862799520e+00
2.675070127039116397e+00
3.181277004331134250e+00
2.419211377027634668e+00
7.085639981267299881e+00
1.183545416324144739e+01
1.046054925276377778e+00
1.878403955316417351e+00
6.339150398705656109e+00
-3.364116437162295803e+00
1.933126080389170109e+00
-2.463044590494995134e+00
