1.639465124653387562e+00
-1.006725135535550875e+00
3.615436455648230574e+00
3.171581111586201374e+00
-6.057756453890506876e+00
4.824895569810156104e+00
-6.743868498978655701e-02
2.652258762565570027e+00
9.984619689552399535e+00
8.746247421340758166e-01
-1.545329643524241181e+00
2.131777552768521211e+00
1.305833250642696841e+00
5.326442776811005864e+00
7.462433865898387531e+00
1.864451643656818591e+00
-3.661482369093158162e+00
5.814406118345146979e+00
5.803845422635641071e+00
2.405544995649333551e-01
1.793750257708316642e+00
6.959729778590776128e+00
-2.768107540416388623e+00
2.675387155285801732e+00
1.943290153583233870e+00
4.534136443510669245e+00
9.553908176509855465e+00
1.432280563037797272e+00
-2.106202298478356383e+00
6.021928891145480023e+00
5.526694935632241901e+00
-2.819754371478019106e+00
2.134625151896321960e+00
3.352085543776762488e+00
5.663632862486386976e+00
-2.168628355189235357e+00
7.023607099930799791e-01
1.663598654807368238e+00
4.576842074103097069e+00
7.631716301938429758e+00
