3.736544997629144493e+00
7.563442089844867766e+00
1.012576441995592935e+00
5.645132357419099911e+00
8.179833626871628738e+00
-2.511757084181578392e+00
1.384834521764032989e+00
1.803965724553240335e-01
4.363258240864094084e+00
1.204443325809280019e+01
2.373640101899374133e-01
1.323579436410324273e-02
1.559520631043256556e+00
2.194804864577525549e+00
6.645438751269927558e+00
5.244601416031991370e+00
-1.702796421021984363e+00
-7.785966081603948874e-01
-2.067362384593311120e+00
4.766369511204253673e-01
1.297315390507314037e+00
3.714774168395453824e+00
7.805196296140974432e+00
-3.504757122661575908e-01
-4.887042295124046642e-01
7.059772533467625344e-01
1.166881233755546887e+01
3.105102376074647452e+00
4.706447515695765027e+00
3.067785231761135822e+00
3.109633112213849859e-02
1.706289693604852609e+00
4.070924753293271969e+00
6.617486611862750223e+00
-2.081630635122283746e+00
-4.643446786687420724e-01
7.420017967828416161e-01
5.383668012227937893e+00
4.500550063813046009e+00
-5.949630205561881269e+00
