5.946369696222038037e-01
4.612638731015673343e+00
8.214959338209808948e+00
2.683523809771276580e-01
4.987303032084670074e-01
3.155320785339195577e+00
5.004353241901863925e+00
-4.679042050573205103e+00
3.571692794414679462e+00
3.849874555736909620e+00
1.112139241753775432e+00
6.520638497444021908e+00
-4.379460315917556024e+00
-1.595965002583600967e+00
9.079778874510063824e-02
6.186158804202428030e+00
8.976406204268631228e+00
2.040725872032423283e+00
1.151173860909675994e+00
4.561210251734992838e+00
3.614383371982522686e+00
4.766588592562510662e+00
4.354986641526313207e+00
-4.187277744077817498e-01
-1.601047060888469709e+00
2.189504192030694574e-01
8.338966201969212122e+00
1.512440431475390756e+00
-7.201604869589562696e+00
2.275290783563964414e+00
1.319769065877038461e+00
7.825218975613925210e+00
-5.141875708123081701e+00
-8.361846928385505695e-01
-3.368969470877168693e+00
3.568227647996390584e+00
1.063512086660446165e+01
8.638547062141056498e-01
3.382562119292703784e+00
3.285116455796854851e-01
