-5.490218039478735434e+00
2.614537606237686607e+00
8.864143746075390240e+00
8.493011230548413337e+00
1.594711822329153428e+00
2.585094315007650523e-01
3.744465938207992117e+00
8.102889176509298075e-02
1.479743648229274289e+00
2.095364205191640572e+00
1.043515923639724008e+01
2.559451032040696905e+00
2.281827367493206360e+00
6.542970195282590495e+00
4.703011138493268462e+00
7.990032859079965188e-01
-2.943333377202629553e+00
1.694597167198521603e-01
-3.261516047769247528e+00
7.833439446375138004e+00
-2.426349217394639379e-01
-4.210484830382662302e+00
3.356707294659020402e-01
4.620286253889061001e+00
5.817296298594285542e-01
2.567697002638981374e+00
6.855722371868957055e+00
7.724521306963424649e+00
-1.570101805695241493e-01
-4.729995305730653854e+00
3.971656572229513849e+00
9.179386675783799632e+00
3.637833707308883113e+00
1.663053267493006526e+00
-2.301697454304414414e-01
-1.813902276023211524e+00
3.165700873376374958e+00
4.202943276054333488e+00
7.537120410547100136e+00
4.455329775929383729e+00
