8.638496565870150690e+00
-5.915168262050951586e-01
-3.130775664236996825e+00
1.423496028936714897e+00
1.937380124814926274e+00
5.316423936159413444e-01
4.208568736195771542e+00
1.066778493400831707e+01
-1.473572863152884382e+00
1.834975806457490144e+00
5.113951290906835645e+00
4.508866192421640662e+00
4.124361312332116114e+00
-1.958301061287272216e+00
4.047282509379719340e-01
3.020411064650353472e-01
1.018791003414450635e+01
5.507976861502017485e+00
1.013976074207727507e+00
2.175194726060313943e+00
3.883746488558700971e+00
4.145236626545170111e+00
7.072514700563626633e+00
3.639493028900802507e+00
-3.818501578867016466e+00
-2.923784566519623596e+00
-1.330829915387916396e+00
2.976126347174950393e+00
8.665946434685697142e+00
3.448694821083927220e+00
4.612169929057190032e+00
5.425355216721632345e-01
-2.387242287409416797e-01
1.164259852091780623e+00
4.282198380403033688e+00
9.155460273312455044e+00
1.412912896539262331e-01
2.857388043549472734e+00
7.671642271557523429e+00
1.201109644505512541e+01
