1.208601139694790660e+01
7.071921523855001723e+00
1.736597938809220532e+00
1.384874782866456044e+00
1.470038945259802166e+00
-6.111157507269054712e+00
-7.636494357067968863e-01
1.609355977600090970e-01
4.983632514909173139e+00
3.884816628095087765e+00
6.377636502207280955e+00
6.861705469479456809e+00
-4.212923957100375816e+00
3.893204014431530524e-01
6.388496377755723543e+00
8.005670865690927229e+00
-1.073965277516268468e+00
-4.739855069387735043e-01
6.436592008139535581e-01
-3.367755319802160363e-01
5.896790278350890757e-01
3.832332304090886765e+00
7.687215607934111183e+00
3.701265642775523057e-01
4.041266085277995579e+00
1.832809347847197845e+00
1.646938699702456432e+00
3.117317209146232670e+00
7.623294115510057978e+00
1.494941910362938664e+00
3.371496671398263700e+00
6.849301306884605367e+00
-1.243245330621797429e+00
1.296769163852891094e+00
5.960401272889007451e+00
5.674515750569085526e+00
-4.328911100357919040e+00
-4.317001289154212551e-01
2.612503288458832840e-01
6.380530881003778632e+00
