1.966280954586709373e-01
-1.427102318140592851e+00
2.731567095622627228e+00
4.923579591962019997e+00
-4.810409822393376444e+00
6.182088050158368597e-01
7.582067170963641800e+00
6.153566376101742286e-01
-2.354746500695067635e+00
5.637540030069097874e+00
8.152853728256648225e+00
5.315540579791807829e+00
4.099528223645632963e+00
-1.594773493964085187e+00
-3.957301924189186693e+00
-6.924403411621460336e-01
3.131782111382816147e+00
8.272034353244903215e+00
-2.622474446801489556e+00
-7.069214594072986024e+00
-1.263843221266694572e+00
3.747887468042329751e+00
3.953792441403203739e+00
3.005245464896132646e+00
8.494730545787879450e+00
-1.359842682547093506e+00
-4.822633025524918793e+00
-1.902871559582805849e+00
1.226883910917485387e+01
3.549092511568963548e+00
-3.491555545308860253e+00
1.269493440480367941e+00
3.746468963922625850e+00
3.282363475808458997e+00
-1.467137088710342152e-01
1.942095854862754045e+00
1.508961207794647263e+00
7.093497731352504054e+00
-6.899363351625371621e-01
4.535155605478658813e+00
