8.630812558440778659e+00
-7.905274841490075310e+00
1.938214984633030991e+00
-2.264752758125159193e+00
4.431074653259084783e+00
6.642640138413364426e+00
-1.364691222569428986e+00
4.104607111235195838e+00
3.954836823482049901e+00
3.001769571555003679e+00
5.443429813549371943e+00
7.391084018165180680e+00
-1.650176188675795075e+00
-1.790052523341472579e+00
4.327484462572231294e+00
1.137793045294118066e+00
-1.686495579513553889e+00
1.964058749726425468e+00
2.607929476983572581e-01
6.357315259858299150e+00
5.086560817217291586e+00
-2.866772824189650848e+00
3.480689382552753841e+00
8.923713870663865677e+00
-2.445145336236772771e+00
-4.453759048538412646e-01
4.420705053363311876e+00
4.791433524923494502e+00
-7.748996854618507291e-01
3.764703654403630750e+00
7.702583480577279929e+00
-1.391264270502182043e+00
4.343920848846325455e+00
6.865463301596525625e+00
5.980132680004293100e+00
6.035517419831167629e+00
-3.091175259519761020e+00
-6.081102657075754259e-01
3.267828003892636057e-01
4.159289493018627937e+00
