4.342178960068865834e+00
2.558673305518750940e+00
-3.727120852113866567e-01
3.679538012304907291e+00
8.261253201136725011e+00
3.542629447165007051e+00
5.641668900771907857e+00
6.987935620684782911e+00
2.276121635916260377e+00
9.212427763793398228e+00
7.262611147685150037e+00
8.489393625942552868e-01
4.109333058594129895e+00
5.263290841332096903e+00
-2.499700807343073095e+00
4.380367328202731336e+00
3.967644585254112677e+00
6.766466387813165895e+00
8.873240373723618291e+00
4.582366763674980525e+00
2.055994357771933068e-01
-9.960031527595267775e-01
-3.246284563612809038e-01
-1.026051779824110000e+00
5.233192529087855149e+00
7.974197854400149943e+00
-8.910326103739014680e-01
6.367363540072292771e+00
8.367423987839970323e+00
3.169044352516612761e+00
2.506105954999175101e+00
-4.495961518344930852e-01
-6.490477995630087982e+00
1.533871160199244077e+00
2.266544339342781100e+00
7.871889876650334017e+00
2.111959414430034432e+00
5.624626728877936799e+00
6.213191229207692956e+00
-2.311109537799528102e+00
