1.915391625677364873e+00
4.527093322149472243e+00
3.004755381819858684e+00
-3.252107918922042096e+00
1.007910677315778436e+00
6.053917897146027904e+00
5.270177940577323916e+00
-3.192556051661743943e+00
5.849925580209577092e+00
3.602900162560433106e+00
8.960316160593829737e-01
5.917693120531447804e+00
2.798809700222016694e+00
2.425993312708361049e+00
7.116855494343043986e+00
-2.177166996497828855e+00
-3.400579405360490526e+00
6.376693158708186537e-01
5.367724128636700343e+00
6.052922005707407571e+00
3.041168722763248233e+00
4.018695146408720831e+00
-3.623222076950246784e+00
-3.362542198699405738e+00
1.757550039977005429e+00
3.052030377355633206e+00
6.089545426166012909e+00
7.965474352811731329e+00
-7.905883062976722941e-01
2.425307531382160153e+00
-1.299371383375054645e+00
5.364954522355191990e-01
-2.210101799125908872e+00
9.559268731053709445e-01
8.880565095782646523e+00
3.890798228312189799e+00
3.412492960870625147e+00
2.178791308133288140e+00
-4.168034686209895590e+00
2.298415337189017915e+00
