3.316697154367205691e+00
-3.176102136942067666e+00
-4.472455505084430016e-01
3.171231391843226444e+00
4.564106121884740297e+00
8.525740961780222449e+00
3.096853468254537223e+00
2.899283490898854510e+00
8.167147308429601793e+00
8.808715459760344757e+00
-4.534376924979810042e+00
4.659582307983663796e+00
5.679869707093160081e+00
9.284554888088317748e-01
1.729896596651458562e+00
-4.708303170951244621e-02
4.351867921112284598e+00
3.906959517071411980e+00
7.068825781280240861e+00
5.724653827258667782e+00
-7.850265453105191860e-01
4.168434685040436349e+00
2.123188252531389431e+00
1.119721660238766070e+00
3.458296152759673170e+00
6.150686508536902686e+00
2.944815336954275775e+00
-4.253351568336788624e+00
2.625946604770542425e+00
5.830663366387215163e+00
2.745123441993376989e+00
-1.481186302990876280e+00
9.053347865070976441e-01
4.712961803482484058e+00
9.485116000549112414e+00
-3.463102173759995406e+00
1.038185645859175832e+00
6.097655857399359114e+00
5.876219609848983616e+00
4.656622562219682848e+00
