3.562411362863328712e+00
-3.670968843871412979e+00
-2.785638574690660008e+00
-3.027707753992583406e-01
4.507988877061285926e+00
7.659586568509189064e+00
5.435016557215080368e+00
2.684334186729082639e+00
9.198860084108408941e+00
1.226621060721409151e+01
-1.285036272029685289e+00
2.884236204472552245e+00
4.366419091932702834e+00
3.141184076080849596e+00
2.184775613742452993e+00
5.947325472980911076e-01
3.894908818041607379e+00
2.873109233725777756e+00
5.859525781173464232e+00
7.975255606847809986e+00
-1.052011927642331646e+00
3.320575011598398962e+00
-1.721956713037873898e+00
-1.908917186148606504e-01
1.817404395387511640e+00
4.985209122770062784e+00
5.811305561445433199e+00
-5.160882876542475017e+00
3.527092470825686554e+00
6.825893254108025054e+00
6.463110839824117271e+00
-2.058853017994977552e+00
5.096108038793566442e-01
1.733937067383969577e+00
8.700479357608715603e+00
-4.285264692171585565e+00
4.459979192287499283e-01
3.919400446512866232e+00
3.646625308083972783e+00
3.751112085880521363e+00
