3.851236730837038991e+00
1.211498943167039988e+00
8.447394183758476505e-01
1.938283844606665474e+00
9.270788489087051332e+00
5.454342219943015380e+00
-1.779126086421566999e+00
2.213397597039111098e+00
8.364589211523229650e+00
-6.186957644467774742e+00
1.555489653316808996e+00
3.644426155392787692e+00
8.970462788520848108e+00
4.847118938448868875e+00
8.406767877798728694e-01
3.402227347778230993e+00
9.852110571000483930e+00
5.936521087952051801e+00
-2.739922804978009108e+00
2.450278416773580270e-01
6.583075367097427355e-01
7.303861734982926457e+00
5.954984858462855080e+00
2.387371591934117632e+00
3.271075833095215657e+00
2.635737178373861234e+00
-2.827527145448900825e+00
9.616966257240484595e-01
-1.821761692915003783e+00
8.156580410735587705e+00
3.818818592341262530e+00
-3.967955391310695745e+00
-1.072454725295972411e+00
8.797275197801504021e+00
-2.776195493922124946e+00
-2.079957014723159858e+00
-1.096782174363557294e+00
8.780166450324603744e+00
3.690256706202118320e+00
-3.758895741548112124e+00
