2.777986068008870824e+00
-4.033451286987337348e+00
-5.897015323657595065e-01
9.804719359280753110e+00
2.758184528342829012e+00
-5.385896464068384848e-02
3.517686969852400480e+00
4.367686308648401017e+00
-6.660501568171146580e-01
2.127623923667293138e+00
8.697974213176388858e+00
6.582894232561765646e-01
1.854453855864366840e+00
5.455442655247110473e+00
6.793169359811151331e+00
6.373116712362361547e+00
-8.680841212722377742e-01
6.567605302850341165e-01
2.481215581885440336e-01
1.951661269666266518e+00
2.202678071230899537e+00
6.746913168441639463e+00
6.321497456915761148e+00
-2.671954622001901480e+00
3.966160072238544387e+00
9.050743448393372859e+00
3.522290709934202901e+00
3.799238377507061948e+00
2.978348117490971614e+00
-8.317033359186017938e-01
2.484327817807052696e-02
5.449322838061863017e+00
1.195165839651090423e+01
3.704277810298262086e+00
2.431967691054536918e+00
3.163955676268700223e+00
-2.511371335042417829e+00
2.193498740436054195e+00
3.883705987772102741e+00
5.395876861989678197e+00
