5.768126242018833949e+00
2.534459742557642059e+00
4.434804328645213900e+00
1.755981523529140276e+00
-1.266420638207621518e+00
2.742764075578342009e+00
5.420855698079912521e+00
5.155852188640696276e+00
-3.569523463193730262e+00
-1.467849235570684030e+00
-7.839456256935026790e-01
8.331736116088235278e+00
1.030642129885627201e+00
1.218238268905575294e+00
-1.350748528879232691e+00
2.633964280980574113e+00
3.634020860131530917e+00
-4.516704588174216717e+00
-3.305685562198193317e+00
8.825965842844185616e+00
1.422208675151149571e+00
-1.492518314808108926e+00
2.072728229758081131e+00
8.067019065529759558e+00
4.291261908611590847e+00
2.957067428651515062e+00
5.663663024801938839e+00
5.146591165658813694e+00
4.044458470198406097e+00
1.154028082493149476e+00
3.740951893815085860e+00
5.934959820429570598e+00
2.691181845006248352e+00
-1.103614527377704491e+00
-4.638910306689430385e+00
1.109333685160468763e-01
1.859502745613665020e+00
1.199541636581768600e+01
2.559569758537941109e+00
1.491741419529398760e-01
