-2.990137568732015971e+00
7.707664137489497413e+00
2.588540673425582916e+00
-7.216404010126209911e+00
5.115098042100014730e+00
5.132549124643137617e+00
3.602704392516562493e+00
5.327459091415193804e+00
-1.289944698708027859e+00
3.476677582265741862e+00
1.475021466977171514e+00
2.613839303659708957e+00
8.561315331762674674e+00
2.873694359059464354e-01
-6.399680599402039149e+00
1.404891417188142144e-01
-5.468299336044438741e-01
4.839083141345797756e+00
8.346076943186453434e+00
4.297122381677275449e+00
3.933984559653767032e+00
2.304612927010599055e+00
1.314065684849250237e+00
6.895290585630723612e+00
1.151249455428587076e+01
-1.135599512134797040e+00
-2.579073306157664280e+00
-3.912419015675999034e+00
1.694920978447249205e+00
2.928480618397154345e+00
-6.020182581173583181e-01
2.816054109586989540e-01
7.340660940641424048e+00
-4.202046948406045201e-01
-1.475052983168214649e+00
1.704886285929985146e-01
8.504817323383429439e+00
2.534824442148543300e-01
4.347222376512548392e-01
-5.011767006881322484e-01
