8.947804379734620284e+00
-1.631704350906422851e+00
3.156381777394411170e+00
2.588409544957958053e-01
-7.781249221843604680e-01
-4.173469474448934236e-01
1.021088729000403283e+01
1.916421859171392406e+00
-5.309310800644798434e+00
2.072790373881355119e+00
-9.729898177774315426e-01
2.431375427020607383e+00
4.554028359638115475e+00
1.808663829570782200e+00
3.782131261080950768e+00
-6.377727864560859272e-01
-3.941067335223051415e+00
1.869110848250500112e+00
6.272615043758929865e+00
-9.597722275349951371e-02
-5.032779800772326784e-01
2.470864116099633634e+00
4.969457702957484457e+00
7.562464959352286797e+00
1.229656559671516325e+00
4.435517104808543110e+00
2.740474345233022468e+00
-6.187289537591352806e-01
8.136186745204172510e-01
4.599419685499749555e+00
1.435399475193581686e+00
1.499261133042470107e+00
9.293194331640147965e+00
3.263999071392620355e+00
2.286722438654710032e+00
4.124905659039323602e+00
5.961873003919096803e+00
3.008389941014196101e+00
-1.744054517957265515e+00
3.977363289840941007e+00
