3.333063895746722682e+00
4.682279459769467245e+00
4.667250849887017772e+00
2.704486764257343800e+00
1.945990626210131857e+00
6.062160630606535427e+00
7.123546058699417927e+00
6.490145547635504109e-01
2.889108891807083968e+00
7.865668575583326216e+00
-5.505851533184378255e+00
2.355042958785571905e+00
4.427229513741431255e+00
6.035374560173604186e-01
-4.353638669051814070e+00
-2.083992647060804337e+00
2.077564079307588685e+00
1.521612861511527415e+00
-4.489268132213881657e+00
8.242638910637248850e-01
9.666912231713480352e+00
8.564506268970768943e+00
-1.255516497649272978e+00
2.589407021097193340e+00
1.429097299274294297e+00
5.315289674399235942e+00
-9.725375968541583038e-02
3.637901719886205143e-01
1.808921710870516342e-01
8.361229260563160182e+00
-1.683682325699527027e+00
4.193837421704167401e-01
1.752155752556955548e+00
4.982207858133128831e+00
2.602567099344197388e-01
-9.299040658266219950e-01
-9.676818282695651696e-01
3.491692243035794174e+00
9.771246836742788489e+00
-2.119067405773776169e+00
