1.781658949470464215e+00
-6.818857073165025540e-01
7.140083870355433682e+00
7.148254179733711133e+00
6.718997475235481964e-01
4.389557633219496324e+00
1.897556709965431576e+00
-1.269090828224296974e+00
2.774191870925686310e+00
9.842934829566862831e+00
-6.228472012201214936e-01
-1.503657014533580139e+00
-2.950617156259714768e+00
-1.735323040649915161e+00
7.318646113220421690e+00
3.866169903558817289e+00
-2.176444913654636437e+00
6.284431933218042943e+00
3.554099527908056722e+00
3.948722471182575688e+00
5.966785195622525961e+00
4.944766849959322030e+00
-4.996101146910859825e+00
-2.698614804475696349e+00
4.442078140087223126e+00
2.326956696406647929e+00
2.890019637472711622e+00
4.619736531378400457e+00
6.089776256186437031e+00
-2.763173958317503676e+00
-3.435491957840527188e+00
-3.539957701875250606e+00
1.701704942631730333e+00
2.364969470286983899e-01
7.063767151512585052e+00
3.696378376943735056e+00
-1.026217878329328759e+00
1.837529775928540277e+00
7.842273249390230738e+00
-4.640028924947064759e+00
