3.317849908025390260e+00
2.432282726562271957e+00
4.528264640500484717e+00
2.731477913041505889e+00
-1.502747844276126621e+00
4.119560599665107681e+00
4.404135084240588860e+00
3.973923423852586900e+00
-3.065092288381413788e+00
1.924015046254655692e+00
8.601835542100477738e-02
2.074710819397188377e+00
7.870247037644957366e+00
-1.327537545920628670e+00
-9.918005452064186933e-01
5.325595739732502665e+00
1.085437134226614830e+01
5.232011959060169914e+00
-9.103519849719756696e-01
2.324249847260476898e+00
-3.028561656214530107e+00
4.129930159614891849e+00
1.007133202203564437e+01
2.536027605723532474e+00
-7.593507700424588780e-01
1.156938779062157696e-01
-2.586861507624622192e+00
8.967747420349081455e-01
4.546192843190140387e+00
6.601280037468401751e+00
-5.214142049648316402e+00
2.358658976170753263e+00
-2.169964844899281431e-01
6.738621557641399917e-01
3.109407602568425411e+00
2.644547399397099596e+00
-2.376664921951440856e+00
-2.158837042175291709e-01
6.686639327598981275e+00
-1.068802145693324324e+00
