1.188297943934867540e+01
6.624254088218832770e+00
1.343035722599235982e+00
3.942258753215227562e-01
2.299465656612949438e+00
-4.798120280846640107e+00
-1.696192977757103648e+00
-1.766228639686665103e+00
3.698980250818395099e+00
3.978208560680920769e+00
4.772783019221738421e+00
5.619178379876565543e+00
-2.721691824535110715e+00
8.018274442358868104e-01
7.644880343260157751e+00
9.291175677745906469e+00
-3.435019397742014924e+00
-4.579423848103001404e-01
1.095466574751683408e-01
-1.363963057828184167e-01
2.021886704087607178e+00
5.471491617900913873e+00
8.501762695576449147e+00
4.727207873480442357e-01
5.172699800954549509e+00
3.042664282900922057e-01
5.496062397264287469e-01
4.387928361753659523e+00
5.062332948028829271e+00
1.836048372644921933e+00
2.830735683628574417e+00
8.276617420321306540e+00
7.128753414052794168e-01
2.710610752579208249e+00
7.301360832412163937e+00
4.348973568435419601e+00
-5.479775786290235651e+00
-9.675112902327021036e-01
-1.089355933078777205e-01
7.722533107054657897e+00
