-3.229095101133600210e+00
-1.990149617209026722e+00
1.210039920817878922e+01
2.209455826172557202e+00
-4.778478131230952108e+00
2.643827269550087067e+00
2.275947353678426488e+00
2.875717360496049757e+00
1.808720693885865760e+00
4.924896977494426231e+00
9.882033099023646017e+00
2.950741713674995825e+00
3.641728878911424161e+00
5.206297069936971056e+00
2.877060485813742741e-01
4.102400077445998994e-01
-3.139721732752623229e+00
1.006916806365015127e+00
5.906031426017559482e-01
6.950199140678945398e+00
-3.747283251006507943e+00
-4.016393273861535107e+00
1.393800876312166537e+00
4.053005039650043884e+00
3.689641197402070638e+00
4.145798405622992178e+00
6.288587131989111789e+00
5.161972958070796480e+00
-2.932874317059224634e+00
-1.212297867110760263e+00
6.901368021452465307e-01
9.231559605096617105e+00
1.484195494407555493e+00
-2.562873173263326532e+00
-2.258604663507595589e+00
-3.438825253016055683e+00
3.456072234892838324e+00
5.437886818873819195e+00
6.746563249043761701e+00
-4.289430017634450643e+00
