4.333260499790591247e+00
1.684458135206166940e+00
2.300503526342813743e+00
4.727850694696822842e+00
7.123382023628543891e+00
3.684303317218253326e+00
5.793091808962281597e+00
1.635378918270350646e+00
-1.079241393718143760e+00
2.792643840838680447e+00
8.409311507618831172e+00
-5.071845614080021214e+00
4.682664101004339052e+00
1.813525255201744457e-01
2.466529551907706619e+00
7.559807660482990244e+00
4.528761368289957900e+00
-2.661863965959780032e+00
1.289158698841512907e+00
5.896053430820105135e+00
9.304673971097717100e+00
-3.611160362078973840e+00
-2.419246396191252479e+00
-4.645932872370102107e-01
-6.054166587836711244e-01
2.597051436308894790e-01
1.800235853328440161e-01
3.665425734880262798e+00
1.116282471472947257e+01
-9.563522820815528735e-01
5.156257240256789665e-01
2.015884683520115850e+00
1.178956163162527826e+00
4.438190312660259984e+00
5.519999105199779876e+00
-7.712990851041819917e-01
-4.165687552764412160e+00
-2.695042513468826506e+00
1.091944625808429592e+01
-2.327904078987436343e+00
