-6.085669447893779171e+00
2.839122322263547105e+00
4.935110111412997824e+00
-1.610512754726026063e+00
2.915583636606096096e+00
8.823901516033933135e+00
-1.562357984983276271e+00
3.420784134101326313e+00
9.223153012307019338e+00
-2.393235645012645296e+00
-4.303082898163342662e+00
6.171246018198255356e-01
7.373026535142946258e+00
6.724244382967464739e-01
-4.221165761516765258e+00
2.452590742801977086e+00
4.911384204133929288e+00
9.421474175478696367e+00
2.237027345445720350e+00
3.552690161178715833e+00
7.779328623627545625e+00
3.431484973821226081e+00
-2.399270558188166813e+00
1.940192662031320570e+00
6.843488701347705927e+00
1.192050256970817124e+00
-3.786103224428815750e+00
2.180792784636867321e+00
5.786564067944498291e+00
4.853807047701206301e+00
5.611817667843727264e+00
2.760255794892790604e+00
-5.011131438399529792e+00
-3.869406260248631768e-01
1.494236064106081452e+00
1.898127348836763151e+00
4.780341755334319487e+00
4.934987933134275195e+00
-4.951490503235469909e+00
-1.466520990979497174e+00
