3.326234477439739656e+00
5.862654403413516846e+00
4.012934486318636473e+00
-3.015053537569977404e+00
7.902229492986118764e+00
9.161995945505564620e+00
9.019406793391320676e+00
7.416326500508244379e+00
-2.789506058654155574e+00
-2.767362229023420994e+00
2.158523103216269945e-02
-1.732710157197075773e+00
1.348392307417775937e+00
7.568758472725377828e+00
3.039170464602767741e+00
4.543279192247800857e+00
4.055584264394466842e+00
4.291556262196973393e+00
1.765135978961265950e+00
-2.548830327947084307e+00
2.067046258265287095e-01
4.625676812154004836e-01
8.259730607772604927e+00
7.078687910700546482e+00
-4.019019831680919808e+00
-2.519156501109774959e-01
1.746014604694026584e+00
1.047617158340063970e+00
8.988804444614950651e-02
1.186345323748894121e+00
3.031759217423509511e+00
8.906028902578711381e+00
1.037104970013569272e+00
3.240406143230415204e+00
3.700232448148882192e+00
1.898189747338073330e+00
2.316826016799601540e+00
2.499981244238822953e+00
-2.668004336995350112e+00
3.690786029541621716e+00
