3.161520187736335252e+00
1.636634289608153381e+00
2.594783001344361129e+00
1.075976530710319601e+01
7.907251984097343644e+00
3.499467455339514643e+00
3.804407221415015528e+00
2.080268085882179374e+00
4.659568760096996165e+00
2.757778367734132541e+00
-4.729539150735623032e+00
2.282670103179134102e+00
1.904363045697777146e+00
2.898340868173402196e+00
8.718263820856098079e+00
3.439445288892422514e+00
-3.128289344529972649e+00
2.919927156533441259e+00
8.197694640463756288e-01
1.832309360140713217e+00
3.476182612039631081e+00
7.137633154242615241e+00
-8.043206002984351066e-01
2.963644669347041294e+00
-6.118108824930020839e-01
2.158618812052162106e-01
1.180709716214177440e+01
3.754733769472443639e-01
4.854420730336896916e+00
3.408964919546493277e+00
-2.152653211390511245e+00
-1.272820740187162514e+00
7.093970305918078978e+00
5.345800374700842461e+00
-4.875281605040171495e-01
2.796156074846563033e+00
3.665946397549098013e+00
6.896917863604663523e+00
3.881369648533238959e+00
-5.574987007222630631e+00
