-1.735840582808110266e+00
7.696144295753324371e+00
1.874307471774775857e+00
-3.436656483869938938e+00
1.464439618414323574e+00
7.140226704209403863e+00
6.191751344345173269e-01
-2.611978465441953112e+00
2.548628152982262751e+00
9.770880893609135143e+00
-2.813058899683178460e+00
1.319542036938804896e+00
2.078401844128568710e-01
1.552450550621319980e+00
6.641283289599575035e+00
1.207352910053980377e+00
-1.500484289927398684e+00
5.754936610278019060e+00
8.172399495480437537e+00
4.534164781148156464e+00
4.192032753241319298e+00
1.536861442939223776e+00
7.837556042958217617e+00
5.920272694074625086e+00
3.010941209238298555e+00
3.990310474999030355e+00
3.204179391010060218e+00
4.031773750453957916e+00
6.357071990925198257e+00
-1.697505676881388537e+00
1.109931061603488089e+00
7.258043607322257174e+00
6.492311661071852313e+00
9.029793655757463178e-01
4.662237624246872159e+00
4.079278457325177243e+00
-1.603147874249453375e+00
-4.604279589537088047e-01
8.672287934258388731e+00
7.594429022389823203e+00
