1.230191325126452018e+00
3.650737154036051368e+00
3.604973982587718950e+00
-2.118577200186304133e+00
-5.128150613502258093e-01
1.392843704565148499e+00
7.465254418641682932e+00
-4.863080719747189917e+00
-1.448951341633311962e+00
1.907121346274249563e+00
5.260115382472243972e+00
5.157913065111211282e+00
-7.454570473492472260e-01
7.526936337318868020e-01
5.902060657779273356e-02
8.300955097081986978e+00
6.112522956583611666e+00
-7.338962118218969266e+00
4.901447954988493727e+00
5.397599053999790009e+00
4.628827478960208630e+00
6.135760211429418298e+00
6.210995796969387861e+00
-3.645638558450802424e+00
3.374031645873329488e+00
-1.601458179451578090e-01
-5.225737141787536455e-01
2.177970007598828861e+00
4.811929518522031657e+00
4.658250426875725658e+00
4.842659636170192350e-01
5.096928772203574098e+00
6.601080246446467292e+00
1.458274731754801046e+00
4.101284650953744837e+00
1.988183781428781050e+00
-1.536368530300453505e+00
1.490476638546687216e-01
8.443545533618241450e+00
6.598998559161860733e+00
