9.100220364162185049e+00
-1.054514675952597166e-02
-1.161906906061601408e+00
3.617761438850044531e-01
-4.612727281443567140e-01
3.639540022687617338e+00
3.565625498439816354e+00
1.442168353351139576e+00
-4.683272792448994748e-02
-3.412602201869193053e+00
-1.887764708711598072e+00
3.755731278464632172e+00
3.213902634472186826e+00
-1.909053652044707450e+00
1.071165386856989699e+00
-7.994731810269699590e-01
8.563904960602238603e+00
8.301341900545072150e+00
2.914941623410971516e+00
2.540070716211910273e+00
3.533777754674536364e+00
4.836385504567385141e+00
2.739487455498946566e+00
5.375954090384969852e+00
2.653674854077621603e+00
-3.845729754793923760e+00
3.925797281820646301e-02
6.099531832553901189e+00
3.683289746886559524e+00
-3.217283354100933579e+00
1.170514414870422959e+00
6.096528571813028208e+00
-3.420060148046307980e+00
4.094851527344586906e+00
4.647753877927511823e+00
9.921373617582014415e-01
5.408925051747018209e+00
4.256571510981060236e+00
-2.607063172956548325e+00
4.443118948207270158e+00
