1.012839584387803171e+01
6.693412458896261796e+00
-1.324644486302491708e-01
2.861323259221743687e+00
-2.409691517612753131e-01
1.186812375230619665e+00
9.793389128845401359e+00
1.628503838989871166e+00
-1.573979252795347339e+00
6.786763811487286802e+00
9.462884084059432155e+00
2.746631078686663230e+00
4.933270970600032612e+00
3.064031654456774056e+00
3.411214292705888607e-02
3.437431636181571548e+00
2.278297263473418877e+00
3.613945240412332005e+00
8.852163219101990776e+00
-1.870269732500181137e+00
-4.529269580519624583e+00
4.543168796976625678e+00
7.698468132573985656e+00
-1.472852232330929656e+00
-3.559294217336096411e-01
-1.021472207287740908e+00
6.511293916067849574e-01
5.018249019732304639e+00
5.520140086479406349e+00
-8.977837987280957721e-01
-1.155858007349955807e+00
2.466017863815804567e+00
7.924623450772569022e+00
5.703430787547847380e+00
1.576507313993944948e+00
-1.041167429128170008e-01
5.648647082423599031e+00
1.793836136868557585e+00
-2.771077250958581484e+00
2.430599260532920525e+00
