1.486122936984164866e+00
2.960439714354489826e+00
7.408151427167463332e+00
-1.397456739529853387e+00
8.576496825939550206e-01
5.825066719234523127e+00
2.183938685984907480e+00
-2.679720917813748216e+00
4.462394310129889519e+00
4.897860781610241965e+00
3.229144067352915926e+00
4.598561537755752937e+00
-2.955593056172383104e+00
4.842466169883453686e-01
5.935161322728578215e-01
7.504118126435230351e+00
7.579880510850742326e+00
-2.434715654360758652e+00
7.359448236734610349e-01
4.133680545543498397e+00
5.872950121004596902e+00
3.030951740211198064e+00
2.297299018296634188e+00
-2.003180592376553548e+00
-3.265587817039794505e-01
-1.253161440266786331e+00
5.923621695788760633e+00
5.317637450025403112e-01
-2.513067461284696602e+00
4.239708289557486687e-01
4.714649310143710359e+00
5.081984208598314900e+00
-3.152987056427981383e+00
1.163869434029036309e+00
-1.758268777773994263e+00
4.510841201222089980e-01
1.027766545076006466e+01
1.260917142626841292e+00
1.394401290779165858e+00
2.446944212323960421e+00
