1.356519273679614779e+00
-4.097396342928062651e+00
4.965842109805924665e-01
1.274798699339844887e+01
-1.928015260640211226e+00
1.775654039005717832e+00
3.260050282676992595e+00
2.508361028807736481e+00
2.064518176040818442e+00
9.711141293786003104e+00
-2.555587417009876017e+00
5.349162227934655789e+00
-5.343987296928499831e+00
6.187768313997326075e-01
7.894101497534239620e+00
8.328948501326938203e-01
6.893746675369579968e+00
5.952795540370523497e+00
-1.008023735073080740e+00
4.883014426808492958e-01
5.641230332148652327e-01
5.729919729412531915e+00
7.714438481766350719e+00
1.695546159216839044e+00
5.503891805353739564e+00
4.699356884991894745e+00
-1.716459029754028975e+00
3.822795454890078215e+00
1.109724483790090144e+00
2.296117448271594697e+00
1.639988537499323051e+00
5.648659267449381183e+00
-3.868006282140723506e+00
-1.307379624098460091e+00
3.036264377057542152e+00
9.842353980047702677e+00
2.190776551586148813e+00
-1.586872374723478973e+00
1.926661631584635215e-01
5.149526923527783850e+00
