7.554162979216530793e+00
4.843061383438499234e+00
5.377172713268636883e+00
8.942880344410220061e+00
1.411721658874686813e+00
1.739385744833514824e+00
2.947572850650836074e+00
-6.865075906423924179e-01
3.733682306561250996e+00
9.139536127096677731e+00
4.319758863092775791e-01
-4.833907976839970644e+00
-8.536072190213057631e-01
3.534361869861722960e-01
5.885894489285625752e-02
4.748254251297548301e+00
2.451510438846646878e+00
2.989303080761096520e+00
-1.025138025156447474e+00
2.399031656439094551e+00
6.978999194147926133e+00
9.625807268569495534e+00
-4.330724460518088570e+00
4.827793053406466584e+00
-1.251955519877310241e+00
-1.353384316315428659e+00
8.116572372302911731e+00
1.846633199480316456e+00
3.552737536609772206e+00
3.714921341666343579e+00
6.516154985895422413e+00
-1.068276624647618300e-02
-5.475175969573911061e-01
1.861095399401627271e+00
8.899208428164085305e+00
5.494463733551508078e+00
-2.797457332529236673e+00
-3.830256520074739601e-01
-1.619752249045819159e+00
-7.802351879915158106e-01
