2.818650008932698015e+00
-1.566342821747520153e+00
2.836072553289813669e+00
4.214176036375008039e+00
-3.564353181933280545e+00
7.060309434774159065e-01
8.470308606937122065e+00
-9.007657107027502441e-01
-4.842028175507229193e-01
3.636917662537071383e+00
1.046522706026040872e+01
3.291377851508240582e+00
-8.184133304234999517e-01
-3.292910745289322705e+00
-1.321441780634306618e+00
2.191378508672208181e-01
3.426864881891839687e+00
4.862436442198657005e+00
-4.975197940794480189e+00
5.380558784091681979e+00
-6.381520461330225658e-01
2.817352083444242261e-01
8.720694028435577394e+00
4.702666837998606297e+00
-1.563140269453367592e+00
-6.196576190830709763e+00
2.076186373212645542e+00
-1.430922943870264419e+00
7.043075525893204514e+00
6.735894285973353490e+00
-3.122587488249022325e+00
3.832807017101074631e+00
6.007611822065525686e+00
5.891910269705282754e-01
-5.393316834654804381e-01
1.162324911353616264e+00
5.120867819344421257e+00
7.549375062843910911e+00
5.764483623985872107e-02
3.401130185499394276e+00
