1.426251252419308835e-01
-2.059563568571991077e+00
-4.710943231163701839e+00
4.048969098600228023e+00
9.955049948900610346e+00
-3.930411052245018855e+00
-1.539266809655455148e-01
4.053764246128311655e+00
6.676252571147664128e+00
-5.276141734257353555e-01
-6.044995956387106961e-01
-4.631278523738356356e-01
4.099774872832223416e+00
7.843761098450792169e+00
2.074209967443922942e-01
4.614509167394039935e+00
5.619989429824292948e+00
3.777394077627638236e+00
-2.594333273875180090e+00
-5.894548715326953792e-01
4.155842640661987275e+00
6.481395168400750251e+00
-2.131166673683643875e+00
3.374901983436679132e+00
8.163127894008868068e+00
-5.821530844538914451e+00
3.592385833040752097e+00
-9.606598388694712609e-01
2.181429123888882327e+00
7.743578465441575354e+00
6.532778818690731626e+00
-5.528971189936749964e-01
-1.079243683371295948e-01
4.630820522709500064e-01
1.959063297839259477e+00
5.651085590519199897e+00
2.020684145081418137e+00
3.483579518401632935e+00
4.685780133132386283e+00
-3.184846510090808991e+00
