1.328634653684123634e+01
1.947606733944396318e+00
3.796084450906364260e+00
7.261766569371698177e-01
-3.557560707394569754e-01
2.855827666007959564e+00
6.790081113960413361e+00
1.322344565780231296e+00
5.280581362372107623e-01
1.179418968391928502e+00
8.062099268956302467e+00
3.870272865634726500e+00
-3.849530348170481453e+00
2.218327717667012422e+00
3.861467327016129492e+00
6.496951158416754968e-01
2.387125198215788391e+00
1.482314366677643047e+00
7.321349049067209513e+00
6.987646541226966157e-03
-1.244850996630658457e+00
3.961488577822521062e+00
8.325123422613526003e+00
3.982294472199657154e+00
5.746505952027758379e-02
6.114611878145935542e+00
3.960958676677934331e+00
3.468643282055986710e+00
2.429147020104438059e+00
8.497173665813008370e+00
7.186204106346467668e+00
3.017199742055474587e+00
4.688012685795713175e+00
4.204560985117788974e-02
2.376887439714431505e+00
5.166083734672797689e+00
-3.052753923337039321e+00
-5.571176365584484813e-01
5.828130220565905795e-01
3.831753425438747307e+00
