-8.524485158013078712e-01
4.724858676228517185e-01
6.782580270472314155e+00
-7.170086407843381249e-01
-4.511677178090053530e+00
7.315394761993274653e-01
1.434362001620186788e+00
7.483175042685534351e+00
2.895180982431417860e+00
9.063945858687101342e-01
6.097573138671624093e+00
4.341971877747819342e+00
-2.895536821409487871e+00
3.436682499691346759e+00
-8.762001401834099701e-01
5.914550135351215321e-02
1.224313752734592065e+01
1.862502631130830588e+00
2.608513717651735675e+00
4.084821672031447193e+00
4.836620455067380142e+00
3.591961064962247097e+00
2.409663235071610288e+00
5.780530108502386355e+00
1.449899068463489815e+00
-3.321388557978705247e+00
2.568838387478158403e+00
5.643009658076740820e+00
7.877025422857489190e+00
-2.410800120854483808e+00
-1.555437177225927892e-01
7.576187608264961515e-02
6.545746464654556007e+00
-1.777589766541501026e+00
2.765944690189374722e-01
5.774661530532788412e+00
1.151243296369147728e+01
7.212864935466999361e-01
5.842480938877707253e+00
2.348755800571789010e+00
