2.397733599814368510e+00
2.569522926619521197e+00
6.731443129368638090e+00
3.426830724188734578e+00
-6.720391256944842517e+00
5.354849465887319582e+00
-1.056116658974922018e+00
4.348298377116532887e-01
6.721298104187780176e+00
5.302233214397772620e+00
-2.130622976705580651e+00
-1.635715018086297157e+00
-3.297962062404848460e+00
-5.924700218983443012e-01
5.176627649475594062e+00
7.616979594430808298e+00
1.870355361934084470e+00
-5.220267551478963153e-01
1.594721898078146349e-01
5.311253123206723714e+00
2.431471375653293965e+00
-1.374091642210800046e+00
1.979438091599194705e+00
6.717221403588798267e+00
4.127142978137165130e+00
-4.356874420905431755e+00
-5.278953117485138513e+00
-8.375052998102934243e-01
4.385682826531718703e+00
3.372429521380937878e+00
-2.878396695252132709e+00
1.681247119909876853e+00
9.462207478679303563e+00
3.893573995636767204e+00
-4.421858113624582032e+00
2.026261952077443418e+00
4.013471867053294950e+00
9.629840475755971241e+00
2.324361499729991287e+00
4.103171105181893097e+00
