8.790234202184819878e+00
1.144867113546288229e+00
-1.069460012461690868e+00
2.655921594069280189e+00
2.354308105529340445e+00
2.890440314456986570e+00
8.700788664028859642e+00
2.332438293914585792e+00
3.680042515976089668e+00
3.167065716266974196e+00
2.435027501460933053e+00
3.213554984087359401e+00
6.436881860765634400e+00
-6.024248545622031825e-01
-7.218328782957710299e-01
3.892652422250489685e+00
6.233530174018220293e+00
-1.226629976500780206e+00
-2.193680083063184405e+00
-1.287716601644250281e+00
1.845800422245272632e+00
4.050185528204628405e+00
2.159153426515679985e+00
-3.515650521213018465e+00
1.184373973719399675e+00
-2.277080970635271484e+00
7.575590406183170700e+00
3.332347697970322375e+00
-3.290773661212651469e+00
9.450049656285984812e-01
4.622871461920297520e+00
3.487737823931253089e+00
8.183147735121989452e-01
7.206518690763799029e+00
-4.631532781169357627e+00
4.348125562242524111e-01
-2.918869681809999506e+00
5.852910415942455202e+00
5.547310497558062714e+00
6.364270673612919538e+00
