6.073910478094139975e+00
-2.676459965322912637e+00
-3.635113891544798914e-01
3.953888987200294913e+00
4.071480055816254051e+00
-5.392688207492268404e+00
-2.836059067025936686e-01
2.068413985116621667e+00
3.795068593965627901e+00
7.403450436412111202e+00
-1.945394016217094624e+00
-7.543737073788845393e-01
3.858842820014114050e+00
7.182281323287579511e+00
-3.335633863227331020e+00
5.781398161030396610e-01
-2.435224618733151103e-01
-1.259078438192189120e+00
5.089254386323761814e+00
1.056293062199878818e+01
6.361810703535518696e-01
5.003179558828773743e+00
1.851960135016614606e+00
1.307133899293804191e+00
3.174478204573082607e+00
6.403140097390823904e+00
8.974140746423531212e+00
7.251498396314287609e-01
1.775101362933704019e+00
6.262412638133151299e-01
3.569383132003989267e+00
4.168922592074031819e+00
8.997034904598374183e+00
-1.699751071270876546e+00
7.699663895006287895e-01
2.086478095391967269e+00
-3.347094439508067509e+00
1.915962712805636681e-01
2.799393568443561797e+00
6.463453217871689027e+00
