-2.775557743545721934e+00
4.979812207530261992e-01
2.284278768981435448e+00
4.538382414296215472e+00
4.315404017640569023e+00
-2.505714962369269827e-01
2.352370166562978593e+00
1.021394599949804416e+00
5.052608907713320718e+00
5.890013107158853067e+00
-6.950712754019927608e-01
5.298495425529746505e+00
8.205726709924380913e+00
-4.785135327869882715e-02
3.334189351163676207e+00
-1.213618737450813168e+00
-4.595133017791937391e+00
1.792385920795139587e+00
4.156781001738749648e-01
5.129837557656282243e+00
4.098682917336395892e-01
-5.047658819104094974e+00
-9.590614869674153331e-01
7.655703096751655501e+00
4.934351974688254927e+00
-5.607723102098564283e+00
1.656616825994840170e+00
7.683025032393056009e+00
1.400852353974534559e+00
-1.370030799074735572e+00
-6.877483707347877839e-01
4.007070103090119240e+00
2.607406211307016441e+00
9.047875848831644419e+00
3.954546636441533813e+00
-2.643972710343355459e+00
3.805036281409331700e+00
8.032056691963758155e+00
6.580317039752237029e-01
-2.698016488649563449e+00
