1.868443541828847199e+00
4.678441494822075164e+00
8.071431493267136048e-01
-7.394855693004449837e-02
1.982021210047250737e+00
1.206773394911636110e+01
-1.069929984868734696e+00
1.267613170988447724e+00
3.648787623034746019e+00
5.689971157894420095e-01
5.184624815073741289e+00
8.454621170608755065e+00
3.891325581301797509e+00
3.627278550778806565e+00
1.895688341789977915e+00
-3.476677784050330899e+00
7.960661263295032430e-02
7.780778666211721983e+00
3.801020644989545616e+00
-5.744953330463996366e+00
-1.845312760667482177e+00
3.289328360748855484e-01
6.541088387106031021e-01
9.970090023489682762e-01
7.228847337154697961e-02
1.027027267066923599e+01
7.505125643858491458e+00
2.012556850083151883e+00
2.472465692987181107e+00
3.911246874649436656e-01
4.224667759537490852e+00
3.262461228918501099e+00
1.031266574472199826e+00
3.364693503069215552e+00
5.475677270044000622e+00
-1.287577437788028245e+00
-1.219945181840646597e+00
2.513219412622905935e+00
6.644024589492842914e+00
-2.145242875637271229e+00
