3.770850752619549162e+00
-3.665152596365330862e+00
3.615443241781052475e+00
3.811657723960249378e+00
8.853347121281751608e-01
1.833147211376846553e+00
3.223634784262896069e+00
1.069968342581612575e+01
-2.146199745394810066e-01
3.524348105036228418e+00
-6.892572904068139383e-01
1.318342824451705031e+00
1.666470981192401002e+00
8.703253148648428805e+00
3.951190771975464866e+00
2.529202979495168702e-01
1.739743570776055126e+00
-1.378813425508050416e+00
-1.546993773252321347e+00
6.561085199690479541e+00
7.316425971487894309e+00
5.910857758150185326e-01
4.011985311858913938e+00
2.920991518092185935e+00
2.009320263085756952e+00
5.637435342100323155e+00
3.583900508147189523e+00
4.896464144397777218e+00
-2.928293541482870133e+00
-3.745045863610716452e-01
7.808632925705479844e-01
1.080909748470691945e+01
-2.047443074758293236e+00
-2.572044179345461590e+00
1.080224071589549029e+00
6.932584195320670162e+00
1.539922940586143651e+00
-4.117765145894288104e+00
-1.357501171399034146e+00
7.849619926866002295e+00
