3.537026617868821887e+00
1.903891187732774437e+00
2.963693806681418685e+00
3.383018242441611090e+00
-2.839696888328171909e+00
-9.738585226615770196e-01
-5.295988328847405668e+00
4.967264305610853192e+00
3.290721058081931272e+00
-4.776409736862623490e-01
2.004720524282143312e+00
9.215913772888848499e+00
5.691144186818331008e+00
3.251778482840443907e+00
1.997608335183895134e+00
-6.686112304662249706e+00
2.449242508465530488e+00
1.892433819590644939e+00
4.359397745543560632e+00
6.722066260005624905e+00
5.305452043578013921e+00
2.621873777521523952e-01
-3.796682389293123627e+00
1.936480330945907991e+00
2.947042967315417705e+00
1.818475945682116901e+00
3.864619780529169102e+00
5.382468200056178986e+00
2.089944320225226804e+00
-3.527059373108335283e+00
1.662002199776902556e+00
9.358146198023945317e+00
-4.507904563881300675e+00
-3.008471960173361159e-01
-1.735359438594202164e+00
6.056196473679569259e+00
1.147148880718992014e+00
-2.484951062298442537e+00
9.793428142363049815e-01
8.945315001037592140e+00
