-7.277677539180404942e-02
5.256019398692568956e+00
1.097232113769751294e+01
-2.074941098469951228e+00
2.872761360668486308e+00
-9.799792878699793430e-01
9.659319577108922417e-01
2.636810068001901985e+00
5.809640670661200268e+00
-2.346800879999028311e+00
2.233864416627690641e+00
-1.430854244422558041e+00
2.169119568693918865e+00
7.318088148320531339e+00
1.739698850631423155e-01
2.510992057246010933e+00
3.730474236960071188e+00
-1.468436931942425083e+00
-3.916623119773173567e+00
-4.239304442195496847e+00
4.570724472802726090e+00
2.189255314054372015e+00
-3.708582902615530141e+00
-4.859667639424264607e+00
-9.013829381889881809e-02
5.298308202028644054e+00
8.891674330829609785e-01
2.934624460685562930e+00
8.268546396898052819e+00
7.513340769299103883e-01
-2.486403774428517011e+00
1.389509137195033217e+00
6.341591930514968389e+00
4.244332646176651735e+00
-1.348870457044794913e+00
2.892886053295639304e+00
1.067531313808923166e+01
6.324146437783363162e+00
-4.321651144185945981e+00
-5.354516664440044593e+00
