5.812262975397930020e+00
-4.817118928294505942e+00
3.110066218738401833e+00
6.891334460610444523e+00
7.877058666450891700e+00
6.699572722548407633e+00
-1.476850330903034303e+00
3.305360889413201164e+00
1.004060958659075808e+01
3.988177753237081014e+00
-5.031277377129901307e-01
6.108920022546420192e+00
5.048897320173519887e+00
5.436850610596996036e-01
4.077793432748249458e+00
8.316998881407188904e+00
-2.605083212129050363e+00
7.560579893700778431e-01
-2.234107620523808624e+00
1.376946217203024903e+00
2.712558701320441745e+00
7.774888677527053815e+00
2.679795528268288152e+00
-1.555694025418878024e+00
3.117418343774173373e+00
5.004979788379273486e+00
-2.969525367717314346e+00
1.901417429309025575e+00
2.596433209833218569e+00
7.165324117501984169e+00
-2.921780575418289949e+00
-5.580404858440056515e+00
1.231991675355315952e+00
4.224651197611979825e+00
7.091795232671555205e+00
1.574454616739870749e+00
4.509457881712653493e-01
-1.421944872451233133e+00
-2.830083799037523384e+00
5.121748599003943525e+00
