5.018121354154867930e+00
5.204088038920533954e+00
-4.475094204314369328e-01
6.755416351877761016e-01
-2.055436031038942346e+00
1.979232123218742423e+00
7.481927363306285272e+00
-7.532792059372090954e-01
-2.614601115776332030e+00
2.518050778331800021e+00
-4.063206916715430550e-01
6.468664839115153775e+00
4.984772408905079999e+00
-6.192359264990969780e-01
1.887109276648444522e+00
5.369703776145257734e+00
2.959339288822068204e-01
-5.757256183212604128e+00
-4.271116645473662210e+00
2.068237206031932285e+00
5.833888391789856520e+00
-6.744386322423649993e-01
3.065811619165647262e+00
1.330562182219114220e+01
3.364007441321698266e+00
3.032248290349467412e-01
6.640600748616209081e+00
3.820262704944670684e+00
-1.113527985854953162e+00
2.518266306926093101e+00
5.149936089424407726e+00
7.269839214302703745e+00
-4.124528893240897887e+00
-5.828272852370315338e-01
-1.584289984344278146e-01
-6.914075868802419533e-01
4.191454054405108209e+00
9.632498882286864017e+00
-2.923763590431976311e+00
3.427825959952684798e+00
