-8.138862277409881774e-01
-4.631307366873212317e+00
4.678165784904358970e-01
6.093488879483737186e+00
5.957759584398808705e+00
-3.079012235058059321e+00
1.822415822273505626e+00
5.644421119132080555e+00
4.508232808285691284e+00
-1.607431579862724780e+00
2.192149606997976008e+00
5.521237133885784409e+00
-3.447550138649237095e+00
5.317305731292980564e-01
2.755784345273927460e+00
7.752969535258485756e+00
-1.845223489213787094e+00
-4.207724433895053906e+00
-7.922858147467939371e-01
-1.017761842723087895e+00
1.990386355496771786e+00
4.924050639677461483e+00
3.970848376232325894e+00
5.696531038120928869e+00
7.315880180764029461e-01
-1.397545784497088661e+00
-1.116510990616050997e-01
4.838215355451934485e+00
9.413976362858862856e+00
-8.803499338442816180e-01
-1.891037758073059294e+00
2.955283744065534624e+00
8.672362612115081859e+00
5.688184440577822798e+00
-2.173592925896350891e+00
4.235301746319878546e+00
1.519640581285633507e+00
-3.991512153895350190e-01
-1.707342126707246166e+00
8.250748093120185089e+00
