7.118496817832186352e+00
-1.408530057642257027e+00
5.031868281945994781e+00
1.367650751791802399e+00
8.259097356374917709e+00
5.345907033618919613e-01
-4.938647659978247617e+00
5.218545537285611324e+00
5.967669035737142913e+00
1.740704880227517348e+00
6.060640010765203201e+00
9.920867056346138746e-02
-1.349353506092082267e+00
-4.432200674102525495e-01
4.063206459834609596e+00
1.185375463772075300e+01
2.489443488052038411e+00
1.973130065996720361e+00
1.286812101699816635e+00
-1.236075041242073791e+00
-9.023759585573495334e-01
8.414148230980879717e+00
4.119180640656492365e+00
-5.240490993388025487e+00
-6.916635222386655624e-01
5.688306706527165302e-01
2.714871785468727872e+00
7.848260805953560570e+00
2.411178936671980022e+00
2.617626671507887082e+00
5.652452835020432609e+00
3.293157576124236652e+00
-1.948511481408310875e+00
3.770526304369472559e+00
6.842350609001266903e+00
5.398121107692090526e+00
-3.888548887868587656e+00
-2.326064297527473901e+00
1.609024475390059772e+00
5.372768571541543636e+00
