8.570328384577621250e+00
-4.575062972858993326e+00
-1.342132252003528148e+00
-7.659400176461697018e-01
7.817870015908712666e+00
3.272048028623590898e+00
-3.078431513623345328e+00
7.291943864941978326e+00
1.836009394767167624e+00
-4.662761262571941678e-01
5.469750192057800220e+00
3.185470228680765681e-01
-2.175617838791635172e+00
3.850376142604830521e-01
5.059406462313698505e+00
1.055620057083175212e+01
3.677878213156354548e+00
2.190865798333161862e+00
1.526286621884340056e+00
-2.583002400384482478e+00
1.828655237479415163e+00
6.448522831465418825e+00
5.044803798896068336e+00
5.551037284245065040e-01
-3.355105184421996345e+00
-5.148704621473134679e-01
3.148311378417733231e+00
7.123252635841579306e+00
2.119739602158348557e+00
3.604063583658025927e+00
6.215093523785942153e+00
4.822120774119855291e+00
-1.191413687751076811e+00
2.745582947376283389e+00
3.477463665632409828e+00
5.430906144792990276e+00
2.178771102455441255e+00
-2.991447130823807754e+00
1.744143160348445409e+00
1.925956911343091216e+00
