5.424233812455479864e+00
2.221924444272293186e+00
-2.680668047685075273e+00
-2.178599111402806932e-01
4.785527829837914915e+00
-2.390454949582800026e+00
3.392576434421025411e+00
3.320042476326001690e+00
1.014017756241534052e+01
-5.864637894301786281e-01
-4.100496022253910411e+00
1.884604362613035100e+00
4.497381512377467416e+00
7.327318238093399216e+00
1.066697124455569679e+01
8.054296432524811200e-01
-8.203260346787427659e-01
6.066462088719681844e+00
-3.548296933151456223e+00
1.591054945546917843e+00
3.395282534090793281e+00
3.390609937220090409e+00
5.104512843573705716e+00
-2.074268934020285560e+00
3.960682346342733862e+00
2.162472771952992368e+00
3.542841366375378609e+00
6.236308594800538785e+00
-5.493440937779261013e+00
5.526484681642025443e+00
7.953668560171410107e+00
-4.435320543680131955e+00
1.119594788372975547e+00
2.087447706378884771e+00
5.457827473884830027e+00
5.532087502766237286e+00
2.253497296551014273e+00
-3.407742569511680752e+00
9.347264826945522742e-02
-3.758019582958938010e+00
