-3.084891754624452975e+00
-3.572317082513653208e+00
4.459150315174513324e+00
5.469815255711305113e+00
-3.765488261654686752e+00
3.231650138920085347e+00
1.022068776242393895e+01
3.289547050146390816e+00
-2.061325497221646152e+00
2.523428810329094052e+00
7.025897034973348276e+00
6.549548950358255794e+00
4.066945465939102444e-01
-1.591349526891676858e+00
4.301637030492881486e+00
6.394138410770156433e+00
5.343812857696096152e+00
1.774681715342507626e+00
2.437392830414525591e+00
6.770249191481889639e+00
-7.105416526382845044e-01
2.598802318287068425e-01
5.097902868222308204e-01
4.383575299765933408e+00
4.765838569760501464e+00
6.918596756357416666e+00
3.963786796736320284e+00
-5.060634020128532029e+00
3.319851231404642000e+00
6.663560572407585259e-01
5.711926817891457286e-01
7.461195200651278725e+00
3.462579674686793840e+00
-3.997840762719397478e+00
1.125332672675954715e+00
7.085440882757081837e+00
7.673272271185911819e+00
1.899041180792199857e+00
7.329318176124274054e+00
-2.860058808650046913e+00
