-4.226181979675103229e+00
-9.165142569793149896e-02
3.090927632572101125e+00
6.243486259389122495e+00
-4.276270527392760368e-01
-3.617094128296626798e-01
2.220276313153453973e+00
7.093074641995778862e+00
2.307926638068737990e+00
-2.836002219777478572e+00
1.244872530666230270e+00
5.984566652438982892e-01
6.497657978821766100e+00
1.073424542252792602e+00
-2.366103689852723235e+00
5.127662959606912096e+00
6.561791528602617163e+00
7.219767070388281027e-01
4.842588286373873174e+00
8.732788241496820092e+00
4.057038785240121292e-01
4.935770746800934639e+00
4.086905794443388196e+00
4.419432724964911685e+00
6.022623154893911313e+00
5.960077928059161145e+00
-4.116140361632312228e+00
-1.837091573696822522e+00
-7.359679903860221195e-01
1.003053041230060138e+01
3.482240520578545162e+00
-2.339532204686338268e+00
-4.889838484434951837e-01
-2.063974532248680660e+00
3.573627914325656185e+00
4.086243738819975491e+00
-2.781479143675116283e+00
2.646665889523805992e-01
7.300991786212021495e+00
-9.176805886845362803e-01
