2.358190520975897098e+00
4.582697912047435373e+00
6.588301241090032789e+00
4.353393255776625281e+00
-1.581399589421840890e+00
2.465637040651076362e+00
8.980531507774037081e+00
-3.595691046888772391e+00
-2.911431530952484970e+00
-2.062525315266927173e+00
8.510572330485157710e-01
2.801252812083978139e+00
5.398047335344143605e+00
6.627795711023712677e+00
1.957418970346469278e+00
3.992647574695196599e+00
9.121533105271609543e+00
2.481544417609672593e+00
3.679112551817796728e+00
6.907486821404500432e+00
7.659963638652462770e-01
3.706388268970588484e-01
1.256344663541999696e+00
-3.614867215868143635e+00
6.381815847408438547e-01
5.950743807019879483e+00
6.561714265026108883e+00
8.026927014173729447e+00
5.373168030333468348e-01
1.991577106584265122e+00
5.927309890600037434e+00
5.730462181712436376e+00
1.891843152035388220e+00
-5.163445963944465866e+00
2.662056011443265646e-01
-1.175227458423885984e+00
1.025356214410870992e+00
1.077380272928789395e+01
1.158914565907101846e+00
1.437061448633088379e+00
