3.437442730093313692e+00
-1.521613011193085896e+00
3.845418354664206895e+00
5.297185712503442723e+00
-5.968264284385262464e+00
-9.854585555654757911e-01
-8.521657480369621007e-01
1.833253919329466797e+00
9.717994768580863862e+00
4.440305942098223824e+00
-6.505136745379275220e-02
-8.916945601292498580e-01
-4.542082527730385566e-01
1.924162534931187940e+00
3.876138190449133880e+00
5.815276387818428816e+00
-2.858725409741785128e+00
4.336506252869928524e+00
3.641826919258341899e+00
8.976031519355316679e-02
2.297297296840705716e+00
7.242934991737559614e+00
-1.384868584750809317e+00
-8.071289726890060745e-01
6.636445532000132541e-01
2.204747862687836513e+00
7.976949438905791112e+00
7.400281938981121854e+00
-2.148384227269423352e+00
2.869828585072028204e+00
4.867282662711372332e+00
-3.261560409546645722e+00
9.622133261537269000e-01
1.543933305743487638e+00
8.275191674840385758e+00
-2.772450084463185860e+00
1.362106740362177826e+00
-1.824647321490133534e+00
6.655424973852033244e-01
6.934441388110599291e+00
