-8.225294318895972623e+00
1.037135851715423218e+00
-1.925396608843215063e-01
5.222732752838470383e+00
2.774457561448588017e+00
-1.914437055769310447e+00
2.495485352582689664e+00
5.173958256374168840e+00
6.283313308179450551e+00
4.539620053620854634e+00
-4.758017344129227055e+00
3.215106965397156458e+00
-2.848508286366242537e-01
6.611052183327018605e-01
7.389042954586010126e+00
-9.022424415726316704e-01
-5.057739996194221099e+00
1.231866617156003096e+00
4.805247663244635703e+00
1.161880861487165628e+00
2.436889152263018055e+00
1.039942561361350926e+01
3.829793044058491525e+00
8.264182408421061332e-01
6.050923883681753601e+00
4.899600591666810168e+00
2.639886810351886215e+00
4.810132678739512002e+00
5.011647242003821390e+00
5.514098871392932866e-01
5.716058858318248781e+00
5.696190938343804078e+00
7.660303246301408686e-01
2.036514865552928821e+00
3.972479624753856076e+00
-3.639074927509673874e+00
2.175106223015378593e+00
1.647497577903959343e+00
3.960152597441746636e+00
8.065499494537837322e+00
