1.205127145019586843e+00
5.509956815461762858e+00
5.763144783813396899e+00
4.558751405721782390e+00
7.681375587363249657e+00
5.599696142508653551e+00
-1.458000755728898978e+00
1.106650416274728599e+00
5.282622868819994544e+00
1.503581807957729222e+00
-7.068502027183002134e+00
-2.164958848825523141e+00
7.639438446394154703e+00
3.366783714610213085e-01
1.759897666413472228e+00
-2.601899148233639547e+00
4.559765698042630433e+00
3.003179169404694981e+00
-1.995391401713747292e+00
-1.323721211288404920e+00
5.798048632378584699e+00
2.229256472980713610e+00
-5.727725555706800975e+00
1.060823155873207746e+00
8.813540823495744192e+00
6.911874557242286832e-01
-3.991229178744111206e-01
8.999690460153175753e-01
1.412721721234826200e+00
9.113556926655707713e+00
4.407990090229807478e+00
-1.343189786669225505e-01
4.868906261845740602e+00
5.329031752600709382e+00
-2.071151413023494925e+00
1.970027521449948527e+00
6.952661094176034728e-01
9.662576506381626018e-01
1.228616636194125000e+01
6.410517833516975905e+00
