1.098931586919218217e+00
-3.403521395231311697e+00
2.376520329725271274e+00
6.585543471203089361e+00
6.144226893527984679e+00
7.886259389315385171e+00
2.826637662189558142e+00
4.264312415310877569e+00
6.923657475401618910e+00
5.402253116397656818e+00
5.183115656251153780e+00
-2.659460138263149975e+00
-5.314405412518796723e+00
-1.705508742168032166e+00
4.771986825429276102e+00
3.538245278142850392e+00
-1.716064711364039264e+00
1.332629332279703593e+00
1.877833453635860739e+00
5.947976418435386492e+00
-1.533070684671201001e+00
-2.847412308864293529e+00
-1.562905865690541907e+00
8.542721634446364121e+00
1.953101878427158322e+00
2.513770389581078124e-01
7.345894423721419209e+00
1.878017384678932755e+00
-3.162459027938274048e+00
3.994277280587803514e+00
9.653844025564483289e+00
2.300153630180920672e+00
7.431667675551939745e+00
7.875083996643910567e+00
-1.198307339618425393e+00
-1.401088425836651830e-01
-2.125921849270177688e+00
1.011966883891712632e+00
5.610090516872566546e+00
5.820845689257478028e+00
