9.703055099738588929e-01
4.124724420053018648e+00
1.163466571131912630e+01
1.704517264788074193e+00
3.610366013521968842e+00
6.272405152316791188e+00
2.599057810200208873e+00
3.375196976933826143e+00
2.785827678379613204e-01
-1.157774057136592871e+00
-7.486645919784439274e-01
8.644226235024859761e+00
1.178967063412658112e-01
5.084591636452620911e+00
2.955395120509521689e+00
4.853180393553946814e+00
-8.271366281006189425e-01
-3.061408479669840865e+00
1.646730629934146872e+00
4.375813256677494323e+00
4.398983860350719866e+00
6.292518418519764900e+00
-1.965695582883409953e-01
3.630810164493889935e+00
1.037546427450146780e+01
-6.816705245132870239e+00
5.056931486280964450e-01
-2.905849380998486886e+00
-2.364393723016418480e+00
5.093928984663389059e+00
4.391205429934437632e+00
4.384756881361473013e+00
3.264926513602298908e+00
-3.045509826262773778e+00
1.918749114559562985e+00
3.723918631395016554e+00
2.626861320415560197e+00
7.379874725680712899e+00
-4.268745956623924975e-01
2.517272836465350938e+00
