-2.756008830204436322e+00
-1.198285007744115616e+00
-1.624171650432921776e-01
7.846860209064185021e+00
8.680970518412769010e+00
2.590411246874164686e+00
2.745744394034883018e-01
6.769112508479988577e-01
-1.233781448802204306e+00
-8.453997141090643375e-01
-2.724430659859583326e+00
3.554364381457011390e+00
3.305847711862842875e+00
-6.349669842864993363e+00
4.205914037214768086e+00
2.990427420922742385e+00
1.159956266181129791e+00
8.575745044676160944e+00
6.797682304348658278e+00
3.340128830877997057e+00
3.503198526758087628e+00
-7.062486346801334358e-01
6.377838094487219278e-01
1.920916901886295935e+00
5.740380239331352108e+00
6.693637327316208641e+00
-3.113033378554503905e+00
4.198471466604873470e+00
1.953384724067860789e+00
4.366860087908914778e+00
6.801031209622499851e+00
1.708915827772337970e+00
4.992151132329247787e+00
6.314320901195023872e+00
-3.724878531472825216e+00
2.559261059360717017e+00
7.691474684325640965e-01
-6.317593737287587885e-01
3.202500145988214086e+00
6.707530856171503686e+00
