2.391339658251905753e+00
-2.509244018610370830e+00
5.036092899328640016e+00
4.260153668470326060e+00
1.817022356383187986e+00
4.078096948438604485e+00
7.574091346165374716e+00
2.712282930582381457e+00
3.017467461867002210e-01
6.168260657926817103e+00
5.668617160283531575e+00
-3.381997162030355941e+00
2.665310459951570898e+00
1.781194631692677000e+00
6.591059950789579069e+00
3.797071321512157205e+00
-4.578168193328780333e+00
2.497679898675813970e+00
3.215705756588668418e+00
3.851170393172489881e+00
8.730454292701624652e+00
-4.686340771246987558e+00
2.155016137951223598e+00
2.583480879800720942e+00
4.637625009213732774e+00
9.735870694664477298e+00
-9.255124896091160291e-02
-9.736564082599038494e-01
6.535900679958203341e+00
2.963449320622918215e+00
-2.573500030279942230e+00
-5.426246120156682506e-01
1.109395990218255434e+01
7.217545056028538131e-01
-2.104617329528938985e+00
4.925284035288189699e+00
5.236905655846593177e+00
-6.896453733970064892e-01
-6.999636436635803260e-02
8.479351132609966868e+00
