-1.292469630751387433e+00
1.307536622124651382e+00
-3.402743098265114785e+00
3.275854819147301367e+00
-8.886284921181419882e-01
-6.428363682310858529e+00
2.475983553001124271e-01
6.514987987732737906e+00
5.309307917765979212e+00
-4.599692222738885228e+00
3.361203815958753616e+00
7.221200815777342186e+00
9.148628511681179631e+00
-1.991465932221153201e+00
2.287735516136436331e+00
2.298087602217159908e+00
1.929451326430466906e+00
4.788018712935950383e+00
8.147649842044444313e+00
1.017873525639497068e+00
-6.326909590954010731e-01
-3.618621517534540200e+00
8.690738510391710081e-01
-2.619293440105904924e+00
4.719148772326047236e+00
9.501460955662892616e+00
1.683218583333853324e+00
2.081562557284150738e+00
3.866483737846358792e+00
-2.099786703375656316e+00
1.549013492907477474e+00
1.332694399967189858e+00
3.403803661785893997e+00
7.148836182142645157e+00
-7.911182278274219160e-01
-1.247226536745783765e+00
5.721099010111652561e+00
6.622826673679468534e+00
2.644150348440858611e+00
2.486686500176464421e+00
