4.423184619909600102e+00
1.142092325728214064e+01
7.854545785368707289e-01
1.834698086903390868e+00
5.121062851985705322e+00
3.693016388958104024e+00
4.644340914683998456e+00
9.147288684329403452e+00
8.954020140749042733e-01
2.130229672766050797e-01
5.336921802333319143e+00
2.092971889409075636e+00
-1.712088471735582207e+00
-1.131481610814234928e+00
4.651402726803601340e+00
5.191595272046913401e+00
-2.164840522817651214e-01
3.734693996601220256e+00
5.688165298621984611e+00
-5.758334726871711107e-01
-4.515344979656860325e+00
-6.169951917577455314e-01
4.979865471210221939e-01
6.030381118484000602e+00
7.316227423894838822e+00
-8.616076652323494400e-01
3.411403122424953693e+00
6.756048016235830289e+00
-1.000344149598428878e-01
-2.363690899912116450e+00
8.971866840607356508e-01
9.448481613694957204e+00
-4.268753771929929552e-01
-3.675568645168545867e+00
-5.943706036202440757e-01
1.980432732445328581e+00
4.728217298209626662e+00
7.464801036855584826e+00
-1.538289420097470606e+00
1.956124873130109298e+00
