5.862074218349017762e+00
3.977378573193680822e+00
-4.350607311529106624e-01
2.245506012514334460e-01
-1.806284072644673389e+00
1.758604287693922075e+00
7.999120598684531736e+00
-5.981189831207266439e-01
-3.117091188116111411e+00
2.690677674800202812e+00
-1.535907908687077938e+00
5.299393920084515486e+00
5.581793135221524871e+00
-2.740528493492818463e+00
3.669355318149406520e-01
3.008284662217871830e+00
-3.247714150179521475e-01
-3.894408563219864838e+00
-1.426501320928730721e+00
4.404698677917830096e+00
3.533337267547875804e+00
-3.544012622411953917e-01
1.470880057442878863e+00
1.172690606565916127e+01
4.321107283446282921e+00
2.417341199508447058e+00
5.861023463190417004e+00
6.032111134458301827e+00
4.297167819726841476e-01
1.190765103308532691e+00
4.588873922688910589e+00
6.141687359105426403e+00
-2.675096206228300133e-01
4.424162491332034319e-01
-9.152246342041996385e-01
-6.637238181814579807e-01
4.639473184834217889e+00
9.620983249057935893e+00
-2.987371127457963293e+00
2.856929614103971726e+00
