-3.561327533116754651e+00
2.709166029740252668e+00
6.906517606779090990e+00
9.113413102952099276e-01
1.828075013210167299e+00
6.483054677835430546e+00
-9.359187971525211314e-01
3.182746943218623503e+00
7.858111407079880983e+00
-1.868866688342656790e+00
-3.526271504371651044e+00
-2.453434705365689972e+00
8.259057994066637320e+00
-7.530541595323020365e-02
-1.590358050024637926e+00
4.549702052220727655e-01
7.780713387823371185e+00
9.894813801178182544e+00
-2.488681429093964059e+00
9.648967159503110125e-01
7.954734944701743693e+00
1.026203146101624775e+00
1.170292174832474608e-01
6.346659254200877065e-01
5.760041723696610383e+00
2.537038600591564386e+00
-3.359202657367314160e+00
1.974842345645660968e+00
8.839187525103163523e+00
6.245793309610544242e+00
3.544253461089000190e+00
9.534775541827573697e-01
-2.996005937938967634e+00
1.349431617221883872e+00
3.195450374506839886e+00
5.794892381505061252e+00
4.735345697268254384e+00
2.396517669256836847e+00
-7.431162862842198180e+00
3.008047212194917996e+00
