5.308986673574629833e+00
6.806990188871838043e+00
5.749073266492345624e+00
6.239059563969910904e+00
-2.463710168031975289e+00
2.545652428288295521e+00
6.303783319517562767e+00
1.277203721313837903e+01
2.422535380957991702e+00
-4.091944272451956799e+00
3.400437344410410123e+00
4.807687300565303801e+00
4.643167583801810494e-02
4.147272688732010160e+00
2.447716869210907920e+00
6.210650891521303230e-01
3.400688401540352679e-02
1.694834271636281198e+00
3.791701968800198053e+00
6.438165424863301567e+00
-3.310153133667705028e+00
-1.541545675129973869e+00
9.044794851144569714e-01
1.158967822211462995e+01
-1.928679416017196058e+00
1.666248930620024105e+00
2.930474483153448162e+00
2.383330990917740699e+00
7.709534377001181493e-02
4.538888681005424530e+00
7.264397903481014218e+00
-2.123126595929995641e+00
-5.764070401573111013e+00
-1.128213656349104532e+00
3.114282442518622851e+00
3.920350935145142657e+00
-9.385043505491120763e-01
4.537260072204158057e+00
6.069894894236787408e+00
-4.256084692459018548e+00
