-7.412531921698879422e-01
1.873283033757416005e+00
4.075701862316244650e+00
6.116084457580662104e+00
1.062276042970964784e+00
-2.537997122710769382e+00
9.440862711553799080e-01
4.619856053918831584e+00
-1.281582694641032472e+00
-2.917096756555793036e+00
-2.260204136551191012e-01
8.662257308470474371e+00
1.815312743259027028e+00
-3.582690659681593282e+00
-1.354768230272060059e+00
8.730547046875067885e-01
2.288790850196834370e+00
8.311160875226795142e+00
-2.831369465232194571e+00
-1.369585010423210347e+00
7.585530613509356979e-01
-7.524710097203307635e-01
3.249014228050636000e+00
6.429424879360599476e+00
-8.479976287223629505e-01
5.685777365311925458e+00
9.276592166319282740e+00
4.055745115540611678e+00
3.239144676426128910e+00
3.347527532092104963e+00
-4.338023930130029626e+00
2.064473105862570712e+00
8.178517139974243122e+00
-4.433067887097021043e+00
-1.478018942829995463e+00
-2.483138550338439110e+00
8.069225558065795667e+00
6.744906678913108244e+00
5.049259494498510303e-01
1.955865394780546662e+00
