5.813021205915267942e+00
-2.098609145013984989e+00
4.362990134993053104e+00
8.511775317231050408e+00
4.365019707898746049e+00
-3.269767232560652381e+00
1.002584623121574925e+00
-1.872057881011429892e+00
-1.081573636997431032e-01
8.432397392694147342e+00
9.381366817771092936e-01
-5.132768503454395059e+00
9.747246625193316527e-01
1.274012277190994347e+01
5.237934869870048971e+00
-1.168278783832768841e+00
1.689757999202428751e+00
-2.733715022676886930e-01
1.634107729942231746e+00
-2.083166631752559006e+00
-1.155423227190491620e+00
4.674509693015010292e+00
9.113350538122427125e+00
1.033045799025542166e+00
5.815168844252091240e+00
8.012843903768702702e+00
9.515253848805902415e-01
2.199233687780149715e+00
-2.427612506310195428e+00
-1.301291673219762579e+00
1.108301199403888937e+00
5.472086991410146872e+00
4.211077166694636276e+00
-4.618551893521213536e+00
2.528561229511300468e+00
1.630957717269783558e+00
6.997146241368001895e+00
3.263224925491207795e+00
-8.551871477523556031e-01
4.034702582506351831e+00
