1.145421083145171437e+00
-2.215576506702610082e+00
3.504615573749128909e+00
4.907035239571730045e+00
-2.118452223163269643e+00
1.340963066711213347e+00
7.567669342731087490e+00
2.173824351643842689e-01
7.949169359166099458e-01
2.274224735878664028e+00
6.781317379972995774e+00
5.015898583283964207e+00
2.391549902668107297e+00
-3.042848883263432391e+00
-3.340658119800277159e+00
-1.927968438840206855e-01
4.735871189411337667e+00
6.998450486359669043e+00
-5.880857775629926287e+00
-6.443445978495725424e-01
-2.717969377467329473e+00
1.266356141997299956e+00
5.527425147174931830e+00
6.145276736835768361e+00
7.679891289345905037e+00
-5.081872987448292633e+00
-2.827099597044989476e+00
-2.448054622597665819e+00
9.259471495289055554e+00
4.715045360183456324e+00
-1.929249771289649251e+00
3.355650775725361967e+00
5.823471558067888409e+00
3.913796670031954861e+00
-1.572210008570791850e-01
1.774498033129122465e+00
3.300807527394379548e+00
8.172951047089949128e+00
2.224256995235198986e-01
1.000459695234061641e+00
