4.239185825307468569e+00
8.917556388672281287e+00
4.772661020097999973e+00
2.708549240681613401e+00
-5.582510526258503969e-01
-2.129908904496687683e+00
9.128356114747759875e-01
4.566241000098330005e+00
7.730947354797020665e+00
-4.714482326534544798e-01
4.271018486284635429e+00
8.199509939399490577e+00
-5.425468406742470329e+00
-1.116638796049249205e+00
1.605983169147608747e+00
7.635384126068809785e+00
-2.820651421968113581e+00
-3.128077538368253308e+00
-5.717795284378751619e-01
5.466039221699350747e+00
7.029294279980334181e+00
7.129554666882643943e+00
-7.928157990149879986e-01
2.967467241834240266e+00
6.343772385559884874e+00
2.951511933104062013e+00
-3.804874204561229378e-01
1.740430636566384193e+00
6.943540413311060533e+00
1.544204212118575503e+00
-3.364889020558947674e+00
1.506763690491632168e+00
6.156650690505049983e-01
5.946944379903115419e+00
3.394330940035762634e+00
1.051467975296867863e+00
7.278871211311115363e-01
6.921262570401076175e+00
1.587491287946712903e+00
-3.899193944477617357e+00
