2.118579928129028289e+00
-2.910878412338874011e+00
4.846191096200909598e+00
5.007343688747817545e+00
9.136538385463531808e-01
2.202151957158942963e+00
7.215956515400746341e+00
1.014985538402885412e+00
1.975909640378179288e+00
5.942354157242553114e+00
4.410636970911105403e-01
-4.776615213693971462e+00
3.656756131070230120e-01
2.043081329816740954e+00
7.176370728453488113e+00
5.549638995625284288e+00
4.942836821752030652e+00
6.053836840361004334e+00
4.590826607626943279e-01
-2.060654172523153083e+00
2.889473182796562067e+00
1.082469604127816787e+01
3.600966276324571780e+00
-3.470965965675818055e+00
8.612053862261196402e-01
6.773525747763386562e+00
1.080529032215117979e+01
5.491190764533063984e+00
4.295826853242772358e+00
1.715145345488857664e+00
-2.279392375701563722e+00
2.966033876343944886e+00
8.543907478303273351e+00
4.151302772057126944e+00
3.718514581254898754e+00
4.305735287740501072e+00
-2.871891009271238193e+00
3.726111309052377418e+00
8.656983398404509700e+00
6.394822679064713356e+00
