5.306091953346398604e+00
1.298687930206105623e+00
-2.381060380500104601e-01
4.947736601912145815e+00
4.823064875194884138e+00
3.103832978047726954e-01
-2.636173241715642046e+00
-2.790588407481086275e+00
-3.569093231963696766e+00
6.846226249439840927e+00
3.649786350556755377e+00
-3.086653119181928417e+00
2.001471721712606566e+00
-2.448538400593170739e+00
-1.359948820742655551e+00
3.867180417997342801e+00
9.180500919947087723e+00
-3.883564030596756034e+00
-2.032114894529939431e+00
-1.256981798059249478e+00
-2.838175489321561606e+00
6.848601675520214371e+00
7.482406706080055314e-02
-5.433981240060333562e+00
2.345610455519275384e+00
-1.707913502619917256e+00
-7.336819998680632615e-01
2.135781322966387119e+00
8.066197261746630431e+00
7.649603625712409816e+00
1.216072210121278863e+00
2.538758758017952921e+00
3.500632622142508144e+00
1.267192966647205488e+00
5.151811225552503259e+00
6.059492128267365274e+00
-4.521960458940354144e+00
-6.065596418773477883e-01
2.681922425111778807e+00
7.015387138503960784e+00
