1.068715373457943052e+01
2.300138348954092304e+00
-2.504455283643706842e+00
-7.778075856674337984e-01
2.483378113533296627e+00
2.329257803031856700e-01
4.054281845151717967e+00
1.087193961948064924e+01
-2.501384604005639112e+00
3.884375558471722556e+00
3.612386808696966600e+00
6.278745911316573114e+00
3.638385778071198562e+00
-1.387144957555855207e+00
4.708122908708552989e-01
8.538548723551212527e-01
7.484184107131394370e+00
3.390940800295204394e+00
3.401312475876380859e+00
3.454577465186688734e+00
2.216273906285841200e+00
4.180485692118486973e+00
8.382729699466755946e+00
5.230866557529251004e+00
-3.996213198134412892e+00
-2.693469357102165951e+00
-1.538527270944318737e+00
2.906640232627122344e+00
6.933207478803601553e+00
1.855072470356928127e+00
5.415769598373178617e+00
4.005328379103058056e-01
-1.028600231699540402e+00
3.178737099722592774e-01
4.205301269548487042e+00
8.915731410162553772e+00
-1.068522908604103039e+00
-4.494634044942502626e-02
6.847778007196882122e+00
1.120357375555710000e+01
