-1.730595574479103504e-01
9.050083958089517600e-01
6.514540821823159078e+00
5.301944265810399237e+00
-8.725807224256327821e-01
-2.332156705879217196e+00
1.290276049961071259e+00
4.570336106694446343e+00
6.391673671737770235e+00
2.254955461011459050e+00
9.197299543604581240e-01
3.419488046662028324e+00
9.026686866089290717e+00
9.614462396701137781e-01
2.366878695371125385e+00
-2.820750466029426029e+00
-2.427678868002169921e-01
1.970602843665499204e+00
4.674743883296533120e+00
4.536871365175128901e+00
-3.368561327359439694e+00
-1.381588023292526834e+00
-4.399600419090651471e+00
6.306037556084680418e+00
-1.339517752148191132e+00
-4.503064901065430448e+00
-5.853400166122972870e+00
5.098953125399764197e+00
2.721555047408064532e+00
-1.908977954623244599e+00
2.194940114733177516e+00
3.407584757984018609e+00
5.757670626102658673e+00
7.047048813915352206e+00
-2.143560494086222956e+00
-8.567865413083870507e-01
1.908356443141929537e+00
9.994934054369258192e+00
-3.759532986144424438e+00
4.330923218464675983e+00
