6.340889134975951968e+00
5.879448549904673804e+00
-3.270857277762451609e+00
3.422644903526375515e+00
1.567009548762262838e+00
3.551414804977138129e+00
8.986224801805345663e+00
-5.902313680258161277e+00
1.842456029894434355e+00
-3.511854970481986804e-01
2.536409089407280604e+00
8.973893638256202010e+00
1.929263457069781973e+00
1.298130246104596264e+00
3.737501567076551012e+00
1.978409881848661733e+00
4.440142185033290723e+00
6.756012708746529150e+00
5.735247903663831526e-01
-5.424625081152871786e+00
3.842663978687028692e-01
-1.194315248940159002e-01
2.721522913147396583e+00
7.669397565284406859e+00
-3.383702004182317147e+00
4.602980119670199599e+00
7.662446932667121402e+00
4.301747531924860368e+00
2.958505631020097226e+00
4.533247970690589490e+00
-2.438242895065172444e+00
-3.568092221111168083e+00
1.720731545058441725e+00
4.561160936340545646e+00
4.904714559241082128e+00
2.210130904505588578e+00
1.910680394270756199e-01
4.880213779644129168e+00
9.232102703590278736e+00
5.624937975549308078e+00
