-5.572347875698739905e-01
7.023144792456135654e+00
2.554919467537143163e+00
-1.435549244438195648e+00
1.056510159634892476e+00
6.409050645681392488e+00
-6.116682293739538201e-01
-6.972600474134588167e-02
3.031719818608360928e+00
7.078274352335975017e+00
-1.679252866588498705e-01
2.432959406116466994e+00
2.668967355365517768e+00
1.727927941703654380e+00
5.819941462113115804e+00
-2.497510552241556381e-01
-2.226179521232403591e+00
2.335963615567457019e+00
9.988349699236014345e+00
6.354215210160493399e+00
3.055677520543493397e+00
9.227545773911578486e-01
5.689293076321924048e+00
5.251516876197261929e+00
-1.190836530045890296e+00
2.858092527161232077e+00
4.434357686577509838e+00
5.642024308793688547e+00
5.503789173635681209e+00
-2.069944127193432681e+00
1.722638249356716056e+00
7.137167354337919711e+00
6.247870070536293063e+00
-7.373944972049683022e-01
4.943866225308195084e+00
3.044645231177792510e+00
-1.962063508869440254e+00
2.449522491126228996e+00
9.863733391246697124e+00
2.921652301621762149e+00
