1.065791199345611062e+01
4.691642233570222587e+00
-8.338970843496360530e-01
1.241119248055100099e+00
3.033545855874477670e+00
-4.534203861301420169e+00
-1.889314535053041588e+00
-2.439379244742351016e+00
4.163641257065203938e+00
4.880526879826352804e+00
5.442794168706337921e+00
5.030936737230311984e+00
-3.695733811655967482e+00
1.710476111121270071e+00
6.416746759436047221e+00
8.717312071167826915e+00
-1.900303529552797466e+00
-6.184860594163363867e-01
1.541186010550123164e+00
-8.410148195526675474e-01
5.162311237567271949e-01
4.904495207795458889e+00
9.246508807082596704e+00
-1.688804637649717222e+00
4.605361685790084536e+00
1.507504948044876336e+00
1.459038557910365963e+00
1.889179502928548526e+00
5.508260070887800453e+00
2.001651056684755847e+00
5.830187387360521001e+00
6.132415656215915334e+00
-1.630090192316247855e+00
4.837222889602481590e-01
8.094681394888105785e+00
2.373085541637263152e+00
-4.736204548974813022e+00
-1.416192387552327014e+00
3.509324112438183541e-01
6.937326089525615025e+00
