4.989774111025958803e+00
5.961220739738624985e+00
4.082601942993128397e+00
-8.771311656953223457e-01
7.307680086543896891e+00
1.047541993524484560e+01
-1.923780780589888550e+00
3.204573004528154634e+00
-1.690113380328493786e+00
2.672182434251709093e+00
4.394663572117263328e-03
-2.716977116730755482e-01
7.286332485668877368e+00
-1.910360433228828425e+00
-2.201353049709351417e+00
8.004466831280299122e-01
2.524658089381150106e+00
3.725833420936251361e+00
7.667841147996925955e+00
4.534951638171108357e+00
-1.277154397678717856e+00
-1.677654986009871063e+00
-1.504996799404990648e+00
-1.048202495206760787e+00
3.040057623506108531e+00
7.042333557107816056e+00
-1.838570222829038814e+00
-5.574410058722891748e+00
-1.257662001356989467e+00
8.118896725765120337e+00
5.783150469451499021e+00
-4.331528757548829489e+00
2.855987286071288267e+00
4.428899102048627912e-02
-3.164128661942162690e-01
9.623491691745011956e-01
4.744865206741249786e+00
-3.632325217432910591e+00
-1.323944467341015674e+00
3.915592461731033147e+00
