1.565181641348778463e-01
-2.790410366170913981e-01
5.894281056880469549e+00
-3.340910884680273973e+00
-6.857551831078039228e-01
-3.386428172352009547e-01
4.818288036709969191e+00
6.856667436354169531e+00
2.536670323881148548e+00
1.228669031466067763e+00
4.546082360623413088e+00
1.131483744525995316e+00
-1.771773923689039965e+00
4.595752955144684293e+00
1.674872183515059065e+00
3.003635848707688183e+00
9.963749127862676858e+00
3.850614584877351199e+00
1.917850865231168545e+00
5.162647441739124154e+00
6.385271895847958845e+00
2.680221512834134678e+00
3.806169354635995816e+00
5.466930206036554551e+00
-6.754734598612752716e-01
-7.324860395276791003e-01
2.329700570380808244e+00
6.661320446721856747e+00
3.027563519552011417e+00
-7.213567123111168655e+00
2.456027787906668980e+00
5.359138112288166944e+00
7.411213995388115094e+00
-6.456591614278902602e-01
6.197744823222152144e-01
6.319649013204277743e+00
9.073226224987427813e+00
-6.679915859989996596e-01
3.187946154631851048e+00
2.211422047124111501e+00
