9.494275566974937908e-01
-2.877755165971442430e+00
3.330230096451058941e-02
6.386900668932542047e+00
4.421771344361950185e+00
-2.501460489817391331e+00
1.852514701354214033e+00
2.820631457105928774e+00
6.327657355362855895e+00
6.378212739866779835e+00
-1.205950591617385603e+00
1.717222166204467770e+00
5.575580368898620520e+00
5.466090514416656276e+00
-2.678906185328678635e+00
3.834941744645600892e+00
1.457728131226927903e+00
3.368652991570388333e-01
3.644544598477281738e+00
1.043434023310858905e+01
2.114682777611231135e+00
6.151929156487211614e+00
2.004293705081274801e+00
8.083494444897457720e-01
1.651806146364305450e+00
5.733918397073209050e+00
7.191878753030992222e+00
-1.663038218047819150e+00
4.537265504204563982e+00
1.644245603523657451e+00
1.064909434981356373e+00
8.367649068207425600e+00
6.835917192463796255e+00
-1.897748636943649814e+00
5.455878188690173047e+00
1.808883563051118193e+00
-1.421051363332479500e+00
1.754740333392186713e+00
5.073476248825804724e+00
8.645847475223495948e+00
