-4.572176948452971956e+00
1.133082241104159005e+00
1.981905488286799688e+00
5.475961850937451025e+00
5.706357620680813980e+00
-1.270499982432373498e+00
-1.371045007611149780e+00
5.143094419912303650e+00
1.377625101698131793e+00
-3.278799943400849681e+00
2.654526516185193863e+00
6.035722915961136970e+00
5.143784352643574032e+00
2.005184903357280835e+00
-3.592288205224429820e+00
-1.233826330120567194e+00
1.466014892173933770e+00
7.721155040961335203e+00
-4.936167570530434201e-01
-4.338841011376728396e+00
-2.419437922023337517e+00
-2.741073619838751974e+00
4.670927354018453492e+00
6.199891493754620342e+00
-3.250435983251453997e+00
4.846133082514265666e+00
4.340176173785693869e+00
4.124061420544928858e-01
4.875028493304312427e+00
5.486485947830041177e+00
-2.401420590111810416e+00
1.893949691871851027e+00
8.622087449392264347e+00
2.062758246512671256e+00
-5.791608593324426124e+00
4.129120194834489332e+00
5.955530721745128098e+00
6.264142588436609316e+00
2.957864925518177923e+00
2.118111830340442925e+00
