2.051125540279172821e+00
-1.189539950492030984e+00
1.233792297927274184e-01
6.759330429139775553e+00
-1.476467456749811280e+00
3.193157604974810493e+00
1.266304454121611833e+01
-3.007230563393370026e+00
1.285319341201426324e-01
2.842943810963484363e+00
8.377594928844025901e+00
-4.133448848105802931e-01
-4.968090407400231889e+00
2.255875809619657169e+00
5.652286031274541322e+00
7.564622239333472109e+00
2.286927026284074405e+00
2.254459868446051729e+00
5.728470409910389805e+00
3.349554367425978896e+00
-2.349992783366283255e+00
2.804517746233896602e+00
3.546884326078167948e+00
6.018881971397100017e+00
5.388373757973308642e+00
1.643113077295481839e+00
-1.886074689988281428e+00
-2.471530403608780624e+00
3.691615230324295727e+00
8.102651520759977188e+00
2.813960654045157384e+00
2.984250259802430971e+00
-2.133776386125541435e+00
7.186736960682438280e-02
-2.338180962769770055e+00
7.275513017122319681e+00
7.938978950993226924e+00
2.867329334917043671e-01
2.465676139283712764e+00
-5.498588889594921980e-01
