9.651900519796011935e+00
7.258740073963125816e-01
2.045299184812575888e+00
7.312975115506798574e+00
6.125987433778306013e+00
2.749156017598538781e+00
2.031090181088662572e+00
-1.143225070456101444e-01
2.581565837676014219e+00
3.624522357353808566e+00
1.952610661336791953e+00
4.296506013753792708e+00
5.065409505500949372e+00
2.037650565239465639e+00
3.999719750982678956e+00
6.417287988491840345e+00
-2.224238174053668082e+00
-4.340711291091298385e+00
4.866189910623759940e-01
-7.993346615669791877e-01
8.842371584980211807e+00
-8.441183724727563398e-01
-2.993521049579381366e+00
1.114101615610662233e+00
2.833691903350000540e+00
2.057019061532385340e+00
2.745204864747562645e+00
7.043081089578552501e+00
-7.178875173376724206e-01
-3.107850873445841877e+00
1.153995979486174273e+00
1.070317774798578725e+01
5.763124281094197165e+00
-1.204619172029643082e+00
6.481999971092561097e+00
2.221717972460746982e+00
-6.237123931169896718e-02
-7.902222744488663908e-01
1.025085854687167508e+00
5.054419158574137150e+00
