2.090601445048235529e+00
-3.234118322347288910e+00
4.109301529604646674e+00
7.115499752017051094e+00
-2.906943585232360849e+00
8.802690421684689071e-01
7.614866075265614320e+00
-9.986501431304941612e-01
-2.053783925157742996e+00
3.275690699828966324e+00
7.195163502461372929e+00
6.413218806239054715e+00
4.288212415931952570e+00
-2.012142361502856414e+00
-1.511469112447612728e+00
-1.170059577263639516e+00
1.866775156314326001e+00
8.807216262364800485e+00
-4.458849218506350631e+00
-4.717045903383551675e+00
-3.585058665085439689e+00
2.508271976757033173e+00
4.096968547058827959e+00
4.327889953923131472e+00
6.185102311152191668e+00
-4.295556418725227310e+00
-2.141072501723814803e+00
-2.677773290677613272e+00
1.128720304442905764e+01
4.964729464545488469e+00
-3.502449698742467366e+00
2.865703809271376912e+00
2.716411616193116441e+00
4.456104848911515148e+00
9.714557802264760511e-01
2.120387155525337297e-01
3.060361656823759713e+00
6.965634689385261424e+00
1.528590753232627941e+00
4.192714098515047283e+00
