9.026758251121561827e+00
2.455037278472358420e+00
-2.469558123190316756e+00
-2.443795156441441740e+00
-8.492468681499192318e-01
-7.740549858706203823e-01
7.996934666829506710e+00
6.198725549746704644e+00
-4.373495632494336927e-02
-2.756272907860735089e+00
-3.209559163647040414e+00
3.464817605748272911e+00
3.171362175357077540e+00
3.565604265259309624e+00
5.216547654327257533e+00
3.011688727903990337e+00
-3.493614089980853432e+00
1.742276819499518181e+00
6.325952766572512154e+00
4.888332907652784165e+00
-2.152341821996420990e+00
2.387479420580755074e-01
3.885008604590840520e-01
8.108346784603886803e+00
-3.597730058245342200e+00
1.672817643446961489e+00
1.125584460827583344e+00
-2.417054315751502092e+00
1.331900039274432013e+00
6.523318055668536175e+00
8.150379793791960870e-01
-2.895947868692843041e-01
8.075229089398252569e+00
-1.186811093956905427e+00
3.179795185307570105e+00
3.568023805534141779e+00
4.901026236678866610e+00
8.094939477290385099e+00
-1.346143235174421138e+00
4.166635731457210667e+00
