-8.095060070962305510e-01
5.207575922127857027e+00
7.582326865028118590e+00
-4.019946705285564192e+00
6.404256557273342310e-01
6.287212571263043337e-01
3.995185941016133224e+00
7.906185979871188430e+00
6.663049499336489490e+00
7.590837858505495639e+00
-1.304252439242756356e+00
-1.384550270742252787e+00
3.212117622217047774e+00
6.549382381999226510e+00
3.937947032915367629e-01
2.024635598159024052e+00
-1.280409029767448637e-02
4.319162361609550693e+00
6.631973425120253118e+00
1.484257362684052950e+00
-4.280684528196039729e+00
3.125473663221953302e+00
4.889714109684761389e+00
8.097944481487848734e+00
7.750332069022151771e+00
-1.279681745319932729e-02
-1.557802934538216943e+00
-1.843936425406115465e+00
-9.894829098739652551e-01
-6.173231319887139135e-01
9.426602420378993319e-01
1.111951089187805231e+01
-5.642695867453058067e-01
2.354583477436915206e+00
1.407259061771029440e+00
1.031519230258741038e+00
3.206325146415914595e+00
7.565242920208982369e+00
-5.839872568593649227e+00
-6.837680265061315543e-01
