6.866060474254028989e+00
6.562611968177700206e+00
5.362176924794212596e+00
4.368917515735892820e+00
3.566657024437878132e-01
-2.932149352371491435e-01
7.359456301590291183e+00
1.559653024275440281e+00
-2.128448231512424016e+00
6.143851850356794486e+00
4.583945649567244374e+00
3.318109131214542984e+00
6.424483161575214041e+00
4.845770667426727130e+00
4.243324793672988093e+00
3.463646296645884970e+00
9.766696397090062209e-01
2.072874437888937216e+00
7.006168494925478107e+00
7.412118133219597560e+00
-1.598433025763585480e+00
4.649605892640749971e+00
7.895056078863206928e+00
1.243979982457122491e+00
4.771749745183039848e-01
-3.213364894594643140e+00
6.529948010995834107e-01
1.698983244722471087e+00
3.642409315229915734e+00
2.584321329010378587e+00
-5.762604010310389491e+00
3.151915051653017663e+00
4.285564415176912334e+00
3.475331383388615247e+00
3.476207163088402829e+00
-2.344693389413912143e+00
3.590848093170580402e+00
-1.262236540875088409e+00
-1.070816073676131630e+00
6.338950193317520743e-01
