-2.526009923586204131e+00
-9.193583120397530450e-02
2.165194055618301583e+00
1.004512833582003495e+01
4.448979036052493896e+00
-6.215663100663737062e+00
1.256768027047952874e+00
8.987981814335340047e+00
7.351886864884650485e+00
-1.978150156948171423e+00
-9.008038794247350545e-01
-1.370881561470844057e+00
-4.818628198551485609e-01
-3.464542612718441994e+00
1.466874354604934094e+00
6.892264834457986211e+00
2.350763827435303543e+00
2.848840146852331223e+00
6.761363440004872771e+00
-1.767389842570721514e+00
-2.675527570286659440e+00
2.348659553163098934e+00
1.056426773842536360e+00
7.714051777488889705e+00
6.256748052043115571e+00
8.905443042265681619e-01
8.286232223036272160e+00
-4.017888348248377373e-01
1.368591674247983558e+00
1.329562137910905939e+00
1.490791512398191188e+01
5.552979822272471999e+00
3.582696444303986594e-01
3.813409183157407956e+00
-1.069135214017664648e+00
4.011316565147417634e+00
9.595468691576259923e-01
1.322692170905657161e-01
5.605921329516402984e+00
2.225664933941827961e+00
