5.687918579095894600e+00
9.193220501237966857e+00
6.836313394553327427e+00
3.432832226621372662e+00
2.710887456723372058e+00
-2.005877145954399587e+00
-3.991671398088250555e+00
4.092377123849141318e-01
5.719885703128066545e+00
1.593398683754629008e+00
4.845334606605932848e+00
8.728078995872298407e+00
5.832809232267384125e-01
-8.105904228864091454e-01
4.988652249252934823e+00
7.139081035809032194e+00
4.448583026612249469e+00
6.367755086299849987e-01
-1.476666007946933201e-01
-1.094056646891301998e+00
-6.022587851949470217e-01
2.055227526241184322e+00
9.124738114885474261e+00
-1.217156516873519889e+00
5.741315677074523727e+00
1.736795148799350486e+00
-5.490661874914387619e-01
3.599382129281222920e+00
5.207987551059136244e+00
-1.210736943330089632e-01
4.687140126361195591e+00
8.701515089664809466e+00
-1.562593179096012364e+00
3.819942098095868488e+00
5.455775629639823876e+00
7.151382668046720070e+00
-2.200076870951839680e+00
-3.006937548904932367e+00
2.403740217382555944e+00
5.065879473704619329e+00
