8.715363459174264804e+00
-1.660197212075043560e-01
3.035821994629388954e+00
-1.924619626419541873e+00
-1.132842763043917067e+00
1.835751443876816769e+00
3.179685648973379131e+00
4.855263686756067010e+00
9.606328516001674256e-01
4.262917605261467457e+00
7.015376680276435906e+00
4.875628127795271993e+00
-4.451591808833379460e+00
1.262187302388380949e+00
5.655507244791637689e+00
7.359327479363761526e+00
2.792328195686089920e+00
-2.447177581973230431e+00
1.486385203094335861e+00
2.386779328895938690e+00
9.496863554638427019e+00
3.763021472637616327e+00
-3.236991673041567541e+00
4.935039252370156948e-01
2.806159646994744961e+00
6.380978900593956560e+00
8.210921841074226180e+00
-2.263092356407118699e-01
5.853943329586443589e+00
2.830913060723182717e+00
2.842161716683231365e-01
8.899087175988851239e-01
9.243548920431644333e+00
6.104965975305161940e+00
1.088379275094564669e+00
6.461273528307172498e+00
4.501167521865797383e+00
6.059624846346478577e-03
4.903749887284281628e-01
7.399628322118382506e+00
