7.599433372265736786e+00
8.826701211093974653e-01
3.535815653503432410e-01
2.735851059650876049e+00
5.578831333729113773e+00
3.284604574589004011e-01
-3.575283155866999074e+00
8.217960386793089489e-01
2.424362638790187763e+00
7.047081194461491727e+00
3.567866667238591916e+00
-4.555922842508354220e-01
3.351719126667024540e+00
6.445972728223606119e+00
3.358145560101387872e+00
1.623811081667794198e-01
-9.261986730182769634e-01
-3.674789593719438585e-01
6.337826486251933567e+00
5.636972931726913494e+00
-7.614541908735888986e-01
2.921460403815276496e+00
-1.889493156403555751e+00
-4.270483783488758789e-01
-1.732936620427240726e+00
4.758760545966453925e+00
1.107669662028112256e+01
1.442542201265957003e+00
2.306608546196519338e+00
-2.154231188460603019e-01
1.055442367646283408e+00
2.598859778158480793e+00
1.120847298815487569e+01
1.558680893076453078e+00
2.994377344291570431e+00
2.049184464472563416e+00
-5.106375653724923858e+00
1.123440500038447976e+00
1.910160012497994497e+00
2.461057310978051138e+00
