9.426512139769258170e+00
8.600089250917212880e+00
1.514788967532384678e+00
2.244716611229434999e+00
7.145099312993941076e-02
1.613928712114002240e+00
7.590518597290230041e+00
-8.453185030701675373e-01
-6.970691515173954578e-02
3.664223781327924367e+00
1.039294789473276381e+01
3.434325924334680646e+00
5.766286945128204167e+00
4.566487385434731650e+00
1.956088940345998894e+00
2.386674549680933843e+00
-1.864054337350224966e-01
3.079453675193631668e+00
9.325623593982909298e+00
1.776946498285618237e+00
-3.377887371111423676e+00
2.856719566651564790e+00
9.696084097303915073e+00
-2.050636048750701601e+00
9.846943637736208510e-01
4.300678223455245419e-02
2.293078522405997965e+00
4.206995260442158546e+00
4.669703802667351411e+00
-1.611241105430718745e+00
-2.425655507208202000e+00
1.736569301889766104e+00
6.644682439734521218e+00
4.429000158425438372e+00
5.623682661437807706e-01
-7.757956603881679958e-02
6.576355152955182248e+00
1.316892526647709838e+00
6.689249900104876634e-01
2.602411129290890912e+00
