8.056044402419850314e+00
1.940094588738796588e-01
6.075235730125786660e+00
7.855649658381443912e-01
-7.947999750029456356e-01
4.179786456891946500e+00
5.441056831882377764e+00
3.720562839547280731e+00
-1.950324653836663646e+00
-1.700978488802764144e+00
-1.372409318160036973e+00
8.363691586192084415e+00
2.757776096561196155e+00
-1.580485777759941923e+00
4.026619655195168512e+00
-2.038585208524942516e+00
4.458411363183470977e-01
6.291023245698863953e+00
7.839441468860380624e+00
-5.608254008182635530e+00
8.550481775238711890e-01
-8.789457110677125762e-01
-1.318622295937008637e+00
2.151774970243579332e+00
6.248018479598977493e+00
6.293793599737205646e+00
1.978837089009588324e+00
-2.140413807731784690e+00
-2.762919233973339495e+00
2.990180548458543086e+00
2.115691297536974158e+00
7.552705098618472945e+00
4.441382126113828654e+00
9.077776812663709283e-01
2.835444128516554585e+00
3.675086272907675866e+00
-1.000373515023059934e+00
-4.339546127119867647e-01
-1.407408007898431457e+00
7.560088660086629275e+00
