5.990591397701797050e+00
-2.528775397878659792e+00
4.510324991438320552e+00
-1.278140055556877375e+00
-2.162991869972819003e-01
-2.097808819241305134e+00
2.991890927770868736e+00
9.747821293326918379e+00
6.510152232674643047e-01
8.113551328061988643e-01
-1.095152040057063569e+00
-1.037242187723666831e+00
2.706422661439930266e+00
7.913079449635215035e+00
4.136288857314741385e+00
4.614853404150214278e-01
2.392421564903862041e+00
-1.435868432664871852e+00
6.848701797902984056e-01
5.997794206679449402e+00
9.180193715904461982e+00
-1.040607803765547068e+00
4.036775215728799715e+00
2.616985065621311168e+00
1.737642685601490822e+00
3.653210045887144375e+00
3.608086750223568728e+00
5.695775924673680990e+00
-7.071823954411818880e-01
-3.666595899228267896e+00
-9.532946751493780457e-01
9.706282885955911155e+00
-2.294377341911034152e-01
-2.212997039698048507e+00
-4.820645272410434279e-01
5.323633799140182532e+00
2.254794976847549925e+00
-6.891944280325476235e+00
6.914989047945667711e-01
8.162716520039694501e+00
