6.618723100898304956e-01
1.062013324177522033e-01
1.411146010650829563e+00
4.003353544127572050e+00
2.793351279948181443e+00
-3.895686279912573546e+00
2.113312187234503536e+00
3.048025503137757886e-01
-3.458384735874520111e+00
4.212343977199351386e+00
5.247841527362024472e+00
-1.136812100667893510e+00
5.509073799933287496e+00
2.628944142627982927e+00
1.243740304779329620e+00
4.699280147366971860e+00
2.995227954029363815e+00
-3.533203214434150752e+00
6.027074830409786088e+00
4.412319872192451697e+00
2.131359877046599571e+00
6.515110490841363955e+00
-2.363103480812440260e+00
-5.220287224542453641e-01
2.896270827718471441e+00
3.860741150073899064e+00
3.612286650538605315e-01
3.225744385284984528e+00
9.985951852179850263e+00
-2.717834386523871881e+00
1.165862147079468891e-02
2.053701709974225853e+00
4.678553552290498629e+00
5.531973270555187838e+00
5.930816190450388659e-02
-1.965597654171007846e+00
-4.829208949258913641e+00
-3.796889793201803642e-01
5.121812024688055409e+00
9.688085142048059595e+00
