4.196882198975499634e+00
1.003001771377287810e+01
1.809409132454559810e+00
3.959767943380322563e+00
6.415870270827774391e+00
-2.265025475394573107e+00
3.453495240705754199e+00
4.713933315510798749e+00
1.009488763375713205e+01
-2.916316567346779021e+00
6.969141137364958105e-01
2.977227790551356446e+00
6.560490021235233726e+00
2.906653663610680560e+00
5.275001105995316131e-01
-6.138594844560172348e-01
-8.467686478922760163e-01
6.759922800043581148e+00
4.164974318219220706e+00
-1.182468582768918086e+00
3.624822708584140685e+00
7.462445447442873636e+00
7.151948782947354033e+00
4.021492758251985933e+00
-2.060017735221695290e+00
-3.098092717643336158e+00
-1.044763174655336524e+00
-3.619674524024922846e+00
4.558608301988714473e+00
5.560120266637453845e+00
-2.345194488967707880e+00
2.678098618527643637e+00
5.844336229966967444e+00
3.873011736820308304e+00
-6.335024158365306635e-01
-6.797707180940917304e-01
6.897700547066227816e-01
8.882349602275100509e+00
-3.083028008174300005e-01
1.956248629931077510e+00
