-1.852906711802427386e+00
6.824454225250596195e+00
2.700059320848896771e+00
1.660838219807806437e-01
1.638088892392409956e+00
4.800696201511364336e+00
1.827215543372969320e+00
6.505467945367298110e-01
2.840482113444776857e+00
1.104345060581209381e+01
4.751277345458715384e-01
-2.501812777447402159e+00
3.938052172423819108e+00
8.566974078330925835e+00
-1.476441938421516165e+00
-1.737693128367276962e+00
1.457923351551112967e+00
6.279145999929617972e+00
5.646144557778471906e+00
-2.603740539250054553e+00
5.591431502389444752e+00
2.407559199667170358e+00
-1.795252331475428953e+00
6.038209170714676777e-01
1.914387638308171491e+00
7.500989119706542141e+00
-5.530336417643448854e-01
-2.283301773489644582e+00
-1.048229049717395167e-01
2.233799249417902200e+00
3.770348810385234728e+00
7.662824603719197825e+00
4.233809301693179705e+00
5.317788712204700730e-01
-3.194342198141873479e-01
4.182405779435250937e-01
2.048279124679767804e+00
3.166165094563434756e+00
1.272537569714162586e+01
-2.100821525439844906e-01
