8.409641120251293955e+00
1.120316077258904919e+01
6.399488264640831758e+00
-8.809875222050904675e-01
5.264381498280348737e+00
7.641731059795470848e+00
-7.128583191219726167e-01
3.492407576630479404e+00
3.274776333114868265e-01
1.166739756154211438e-02
2.339407546721622211e+00
7.151383018452099449e+00
7.914884512438749908e+00
2.636771397668479455e+00
1.983634344631968860e+00
-8.790355975967457658e-01
-6.753339644460354396e-01
-2.237221004081642484e+00
-6.559852488402954096e-01
5.337510027054983119e+00
9.543700203450512731e+00
-1.755226491467337446e+00
1.444716376948918191e+00
8.754005968651810576e+00
2.457378432120322032e+00
-1.679745444076848671e+00
8.138913304228012180e+00
5.099682321514299232e+00
5.003771458627143121e-01
4.383731531160318440e+00
6.431042357793510078e+00
1.025801641660751384e+00
-4.124685127386993888e-01
-8.426310122870910302e-01
2.722895814158732275e+00
9.115685058801140883e+00
6.048475165290067679e+00
1.404672410513442937e+00
-1.270895798605649496e+00
2.969722576653966772e+00
