2.069930866797318636e+00
9.175445274516931704e+00
9.721097438264866497e+00
4.110711012124087738e+00
-5.787375969198449432e-02
-7.264507422030725969e-01
4.891833001905953715e+00
5.494953201972617940e+00
5.887125419374685809e-01
-1.115492106117124960e-01
-1.341971005351261459e+00
8.944918775855570381e-02
7.226726573108839702e+00
9.082357157324119967e+00
3.486793154379706383e+00
-3.282576288689112332e+00
-6.083139359736862151e-01
1.728740291936275764e+00
2.149335011304865262e+00
2.339823238605989175e+00
3.473636885278421182e+00
5.535248340917883425e+00
2.152660164575304902e-01
4.447713719319887460e+00
4.987914003792247364e+00
8.130869756241569490e+00
9.324822212026791846e+00
1.020418684588542568e+00
1.453853840024732280e+00
7.615054665226439479e-01
-6.509094181943839708e-01
-1.249541733853042125e+00
8.689323203432065768e+00
-1.022641300932895181e+00
-2.497361417004676731e+00
1.649049894343881162e+00
9.429009557761101945e+00
1.379538055690184839e+00
-2.771410922138045851e+00
-4.379690531152507837e+00
