4.678853234489794843e+00
2.502056162197298095e-01
1.201378356682230919e+00
-2.676553408268482759e-01
8.057410216894176358e+00
7.200560715853683291e+00
-2.045223757504042617e+00
7.585479215370327211e+00
1.904839801334379690e+00
7.864857050212703538e-01
2.465266357846968681e+00
6.858013290881532775e+00
-2.602816677902320297e+00
-3.583874424762591993e+00
-1.159063185654768957e-01
3.651764578717356713e+00
9.965301520282068282e+00
5.740133529632510667e-01
5.868145547182987087e+00
6.816992655472012608e+00
5.507795636973034981e+00
4.283227552306730246e+00
2.190230714736882689e+00
6.421723898715414158e+00
5.535485374700732208e+00
6.641673490696952342e+00
6.499201087350797934e+00
4.501908507271360271e+00
-1.381474032940845031e+00
9.102473216637578801e-01
-2.554826587676767069e+00
1.548746928418794688e+00
4.076333311610857990e-01
4.317796531916121339e+00
5.956616431683687374e+00
3.218710988542127893e+00
-1.837244754761213628e-03
4.068323668887482647e+00
5.682575007400202161e+00
1.758145132937634747e+00
