1.678365930970127984e+00
-6.012517953447771291e-01
-8.942779917749863472e-01
9.647531631103111849e+00
-2.631526836119063351e+00
-1.438184327054126133e+00
1.340757905070835365e+00
3.066071373116927568e+00
4.068076819704744551e+00
6.146519927484197510e+00
-5.958228861509078378e-01
-1.314695064499879829e+00
2.980042359116611639e+00
6.859834038481131380e+00
-2.233856479013516250e+00
2.594138285271655242e+00
6.962513350457532724e+00
7.962173165904985472e-01
-4.214003018572170411e+00
3.008421471368228906e-01
-6.128881029412666659e-02
1.147927262720201735e+00
7.013745322491979017e+00
6.090299118920296628e+00
-5.520664250493933167e+00
1.372709394959732432e+00
3.396659267854414299e+00
6.332288589434369896e+00
3.448586416556040479e+00
3.391825660113982899e+00
-2.842937504049730890e+00
1.382138598233977111e+00
2.829590797680088254e-01
3.995976817138887860e+00
9.000968054993471412e+00
-6.025352864295148159e-01
-1.913118239010937582e+00
-6.741701942297182448e-01
3.423397744936280684e+00
3.609366633032455418e+00
