8.530829777485813281e+00
1.980346339581236403e+00
4.188363548265192193e+00
1.001983791107769939e+01
-1.697526404668285194e+00
1.678748216897608891e+00
3.817595899290130212e+00
3.632680326110541813e+00
4.155911882867725282e+00
4.685775652668185742e+00
-3.065635601260643384e+00
1.380230215938652139e+00
2.594229323860306913e+00
6.207604540022019890e+00
7.244457503330212766e-01
1.565100859028755842e+00
3.010320556199943098e+00
1.850469504832986445e+00
4.399545176330510010e+00
-4.555113534020110322e+00
-1.107607651708563790e+00
1.670713478207742408e+00
3.641017799649961972e+00
6.613443986326529966e+00
-5.075296986161969670e+00
2.879953004970578601e+00
2.336932373612302882e+00
4.898470215291862218e+00
3.578659461758012306e+00
-2.866996595807467241e-01
1.910054512341970989e+00
-2.316505363821554919e+00
-1.254760639371240050e+00
9.798677793882268006e+00
5.733780174545529462e+00
-1.905437813668064972e+00
-8.737419850812303546e-01
1.487489257070502724e+00
-2.593935243419969172e+00
2.802118636128922535e+00
