7.308757755749857310e+00
-1.109839717776921031e+00
-3.313605475824080493e+00
1.976729981605964026e+00
3.239952097188650626e+00
5.927362048331821676e+00
1.275340154006130655e+00
-7.609867477445297901e-01
1.936588350949879800e+00
1.586374884759084836e+00
8.730469858593920662e+00
-2.924971251700958064e+00
-7.509548914040187206e-02
-3.219863892587719878e+00
6.298358356303450201e+00
3.932106343262728565e+00
-2.087457629684920324e+00
2.213715854221613100e+00
8.127829337144985899e+00
8.044793792499107532e-01
2.601903261221107044e+00
5.164280310029640830e+00
1.823634821135823980e+00
-4.775776868846214995e+00
7.274361986431260307e-01
7.127869336683510859e+00
2.524368800091907783e+00
1.452095005699791663e+00
4.708826322946717546e+00
2.729744543512299337e+00
-2.595091777085738016e+00
3.733416647864530979e+00
3.755991351589504923e+00
8.405125003549446250e-01
2.593382064050970826e+00
6.369070431185932080e+00
5.712041189447419676e+00
-3.846358756352496133e+00
-3.919780711602033563e+00
-6.213617167454880130e-01
