4.655088890957659764e+00
7.006355079571697786e+00
3.917178189254379106e+00
-5.100911021831778802e-01
3.358408633495921336e+00
5.958322672232123196e+00
7.635217462096833829e-01
-1.099451313361584637e+00
1.259560045795252048e+00
1.042143065884109454e+01
4.945733211669647744e+00
2.708758141738532466e+00
-6.072978660441785692e-01
1.448042970638634186e+00
5.937577955491253334e+00
5.288976616017420085e-01
-5.196162448436678627e-01
3.895825707722986753e+00
1.215031143507565936e+01
8.644321072633318614e-01
-2.630393212238235634e-03
-1.459039666028860482e+00
-2.350390174530555321e+00
-2.391658025506262941e+00
1.778778627943310875e+00
7.586251858726958730e+00
6.040698397810628784e+00
-2.158353095355695639e-01
-3.032892100794512213e+00
-3.500894568472237900e+00
1.694849694277213548e+00
3.464843816331434123e+00
3.363626171910161666e+00
2.972136167588758759e+00
6.252228810452291619e+00
-1.058518959745041510e+00
6.068663819784536617e-01
2.964706365289890400e+00
1.003784614114026041e+01
6.331602158134820080e+00
