8.140525063186453636e+00
1.416654480602824062e+00
-5.349285193469262012e+00
-9.048890019903222948e-01
1.007156700594802601e+01
6.083573113841497459e+00
-1.491221567449096286e+00
3.474486453657605001e+00
-3.166213862178957505e+00
-2.678836440358092208e+00
6.680156936354572750e+00
1.781005070506157750e+00
-3.451655621585962397e+00
-1.760568632227355490e+00
3.356713824487711495e+00
8.025589820195000001e+00
5.728833228277847578e-01
4.346942899736598420e+00
5.093097787972235224e+00
-4.203780833482820611e+00
2.190048184918299334e+00
3.215663982284056921e+00
4.214685447613220504e+00
7.936458167016856358e+00
-1.487239118956264372e+00
-1.981020965550016832e+00
3.180989098926729319e+00
6.820466402350476187e+00
-1.733209273319539001e+00
1.498317691891111636e+00
1.991652390073943346e+00
8.975235335707104412e+00
1.565598498220884593e+00
9.406087425325322382e-01
6.999635358065938728e-01
3.519021582408166982e+00
6.875590272042550133e+00
-1.757789681967520501e+00
-1.187531833319272145e+00
9.951036382509405032e-01
