5.808266461473428954e+00
6.904345381800134795e+00
-1.332408711078699737e+00
-2.623812909867621279e+00
-3.521757766872912754e-01
4.858901531170551458e+00
5.094469890143974666e+00
-1.090186460395988099e+00
4.258477849156548700e+00
2.595214629559086994e+00
1.817648459134581840e+00
7.040609028904765587e+00
7.241093804773260700e+00
4.036669575668037524e+00
2.289147072403191707e+00
7.079192225372071157e+00
1.110632786374996961e+01
2.185975062375097533e+00
5.915016940478686536e+00
3.711172473294446661e+00
-1.767453556617726962e+00
2.521918536486639884e+00
3.274213587141437953e-01
-9.506046559293139797e-01
4.346778878520839440e-01
7.401253384593498907e+00
6.016127904119935366e+00
-2.955358331475008704e+00
1.232766521337490540e+00
3.208267403515168592e+00
7.634208019065714446e+00
-1.827112094333096515e+00
-2.608037399120710198e+00
-2.714372610354783832e-01
1.781680182734828310e-01
5.479188889125704565e-01
4.094508104290656370e+00
8.729138275330109664e+00
-1.469369660333399885e+00
1.282653279817722591e-01
