6.288021737022331692e+00
6.559291174899172461e+00
4.833263193472637553e+00
2.859701315075334982e+00
4.869008122586617304e+00
9.772013624321683523e+00
5.476075786392956779e+00
1.915965085813023383e-02
5.178724296531687088e+00
4.577862180123554836e+00
-7.787123413343532974e+00
1.919924816288584024e+00
8.292843177538800958e+00
-2.035326386443580660e+00
-5.815232864373739430e-01
-2.064313795079287583e+00
4.019844224484485196e+00
3.352459955771870170e+00
-3.331692074483187049e+00
-2.928948418895243044e+00
6.679165026801236138e+00
6.906687275717427354e+00
-4.877158212506278900e+00
3.329761338588279607e+00
5.873538979355932277e+00
3.630939008941504120e+00
-6.527292748327289118e-01
-2.251330758346313132e+00
6.565320394229842149e-01
7.534510096773158416e+00
4.121829039317420396e+00
2.478050212595464430e+00
3.504894015974869159e+00
6.362202717510068162e+00
-3.706992970139542098e-01
9.222112608038952608e-01
-9.617519929416222801e-01
2.711709612410301062e+00
1.228099149000088630e+01
3.983614612543467715e+00
