1.942973183866427922e+00
4.153474233445452413e+00
6.457589524844239648e+00
1.944162526655542900e+00
-2.516709700847674203e+00
7.916578239847620324e-01
3.495446577674816702e+00
7.163854378101081721e+00
3.387585717479753011e+00
-2.911150250082590318e+00
1.959857804624173916e+00
6.380339098745725579e+00
8.056578529792346899e+00
2.122106720719463269e-01
5.640603531519911229e+00
-3.282363816888965447e-02
3.192754300481313035e-01
-1.428221676654666705e+00
5.403228411660359498e+00
4.388150065096117380e+00
-1.442376983788466349e+00
2.841029553575439515e+00
-8.054165501249939130e-01
6.853450075590518331e+00
-4.237880887568390986e-01
-2.211221953207576973e+00
-5.695460977810453684e+00
4.921907971031258544e-01
4.839039473276429248e+00
-5.350128337545609902e-01
2.221715171176198655e+00
7.191695729298827722e+00
5.446443738087426212e+00
-2.543779584813432582e+00
-4.638295713858099134e+00
8.094859429502641035e-01
3.639554403918345837e+00
9.039429729046881690e+00
-1.033855483282466681e+00
4.903753378542701213e+00
