7.048483187041271414e+00
1.200137354754739816e+00
4.136037304448228369e+00
3.620794055410537116e+00
-3.714644484035714012e+00
8.541521647750146551e-01
-9.222385092614373558e-01
4.868278093192285105e+00
2.628161873181162456e+00
-4.082460633495995417e+00
2.162954573231846478e+00
6.300895076453866039e+00
-1.997752980000131240e+00
-1.687197421576966505e+00
-3.850459004290729403e+00
3.053090912384825995e+00
3.759300450469647004e+00
-4.019152994624812791e+00
4.786314630690724492e-02
7.976474500892997810e+00
-2.109696398474831369e+00
-9.401252318958435161e-01
7.429903541365699970e-01
6.832825932088812948e+00
-4.967635529498422020e-01
4.690440700130841023e+00
2.666242361308417852e+00
3.761997296542344049e+00
8.347983746983814513e+00
2.754048610736737235e+00
3.943409808966445773e+00
3.288034411994960937e+00
3.555545973292724149e+00
5.749787316360234435e+00
-3.867773563861887975e+00
4.177778172419603919e-01
3.170741568100846397e+00
9.876029937026679306e+00
4.215642392203189814e+00
5.728312885636133167e+00
