-3.979082021752732068e+00
-2.735179727926640769e+00
6.097150262602747395e-01
9.351222369935353385e+00
-7.602843594181200038e-01
-2.685536182164749430e-01
3.270900542416961265e+00
1.341214994992102616e+00
3.925591649832063545e+00
4.844293290742745839e+00
3.749054118667576319e+00
6.767761944061171597e+00
4.018840245004129841e+00
3.117891122863085673e+00
1.828094688883870944e+00
-2.094979365419054496e+00
-5.580845892318561319e+00
8.605608731295497638e-01
9.491326362624298296e-01
3.017816358908628427e+00
8.704368341362302530e+00
-2.954376764562752555e+00
1.583543521464817694e+00
4.176529628851182174e+00
4.073070067596306743e+00
3.950245159980188436e+00
4.338459713556885866e+00
1.900454019395516170e+00
-6.820258720325766966e-01
1.427154070385765472e+00
-8.759706185290996872e-02
9.029093767357254663e+00
6.273565440431652096e-01
-3.593682744102790316e+00
4.985493156326943343e+00
6.280919799961798944e+00
-3.227099666154170876e+00
2.075205536317135113e+00
6.774099890740479246e+00
7.464071651336324997e+00
