1.444604933271167679e+00
4.419315149440405932e-02
4.116747274943992174e+00
6.302984473861037884e+00
-3.359906311704537352e+00
5.372514715325711343e+00
3.273494302426223523e+00
4.990842006054036162e+00
1.727440541377187611e+00
-3.508856124484026395e+00
4.050069759905106537e+00
4.749633103093955810e+00
-1.675956123684131382e+00
-4.508175996348185999e-01
3.151793364422260879e+00
9.947284836635688521e+00
5.231805983892610534e+00
-8.830880234674649554e-01
3.910412987592733369e+00
-2.072797479335923398e+00
1.380919447820347479e+00
1.749319377837653233e+00
9.444212233245858457e+00
5.485369932969833329e+00
-6.749130808415079841e+00
8.402068777233512309e-01
6.147172830745513572e+00
5.208999917520589662e+00
3.068669513095642731e+00
6.143239021524777854e+00
5.058009169222878576e+00
-7.472407405815999937e+00
1.074394134583040561e+00
7.701436974055436480e+00
5.457707083392378422e+00
1.925977650153861909e+00
4.867386568385557055e+00
4.684711227085543328e+00
2.139772407881772143e+00
-3.570228024082316765e+00
