8.113492463063449733e+00
8.572618056773901873e-01
-4.272121767869084152e+00
3.186753629188078918e+00
1.611816718817174365e+00
4.615233785035545822e+00
2.955661814846197721e+00
1.755069636589244864e+00
6.513530059625443513e+00
9.985364599866928259e+00
3.754041223865316024e+00
5.310840785586525392e+00
4.054551243911828529e+00
-3.386175670435265683e+00
1.433540895316512742e+00
9.168894459460885216e+00
7.219607695212871157e+00
-2.749518263563276221e+00
2.978979140580785945e+00
5.137073566942818026e+00
1.152148649705503125e+00
1.765925702747203285e+00
4.768959285796530168e-01
3.886085449698656324e-01
1.349916325990754062e+00
9.516955541177887667e+00
-3.548627120916248767e+00
-4.390662658588383671e+00
-1.321840178894372553e+00
5.709067317200847036e+00
4.478871661300827256e+00
-4.710082847703719544e+00
4.789221460500492356e+00
3.556189119947380739e+00
3.766846687934103599e+00
2.653811275897633770e+00
4.577953628337072089e+00
5.237785397171750290e+00
-3.639642991200835009e+00
2.297051677527001345e+00
