-1.779686527237420490e+00
-8.600044845729204468e-02
1.115296430756580648e+01
1.303704774154206047e+00
1.335147386964345984e+00
6.727123507388304446e+00
3.598636162979175879e+00
-2.806652600681931453e-01
4.182175983299222466e+00
4.586013803874801731e+00
-2.311828857288825034e+00
4.039849005653274538e+00
7.617331595637362618e+00
-2.179820084601582941e+00
-2.316875949518084177e+00
2.212135345769375983e-01
-2.668506553426455152e-01
3.858008436793307627e+00
6.386206398316120136e+00
-2.235458113055483587e+00
2.934859490930944670e+00
6.836215305620148897e+00
-3.117548768821917893e+00
-1.049031083189885694e+00
2.046209125605276125e+00
8.098460209913630692e+00
7.739745196300088281e+00
1.106055910355941085e+00
5.933200209954003768e-01
-1.320897289825303078e+00
-1.463527057349800709e+00
3.066798726958098964e+00
1.294649755219631082e+01
1.965439866718462270e+00
-1.193273746145089742e+00
-9.446712375001908857e-02
-2.605984801755173663e+00
-1.450024024796141120e+00
2.938367234003009365e+00
3.541843953179902194e+00
