4.538680539671005931e+00
4.735744293671015015e+00
4.484595256603038038e+00
7.883183914630218503e+00
6.199191715883422660e+00
2.304706236833831579e+00
3.087944770645368209e+00
-3.335426287552127889e-01
3.744801209930037622e-03
1.430847805819804863e+00
9.054490831658027261e+00
-6.835603306492863407e-01
4.474057627547426641e+00
2.550671844780715070e+00
2.797302893051226924e+00
7.051827273155396369e+00
5.883990723769751963e-01
-6.277756907521570895e+00
6.188724428317058379e-01
8.885011165791690146e+00
4.519884056178065102e+00
-6.035137134467539077e+00
-1.212901663470563385e+00
-1.528898867098699377e+00
-1.610271846677697516e+00
2.432164244995436153e+00
2.159665317772439863e+00
5.030222025185325130e+00
1.212441478230624625e+01
-2.501948148203267053e+00
4.114637599601572049e+00
9.090722711613135054e-01
2.231367800079346431e+00
4.674443219344093237e+00
4.977003188652012078e+00
-3.191507529326423231e+00
-1.625183556212903557e+00
-2.940629682400397016e+00
1.057761316899059345e+01
4.499508386617820044e+00
