-3.936838796357865711e+00
-1.852948140625807483e-01
6.835054421158926807e+00
1.206334614898950885e+00
-8.206982331586296642e-01
2.315956055027182103e-01
3.522920278968107333e+00
9.195447140246242768e+00
1.342198701689636842e+00
-3.458623546538921900e+00
-2.321661435907903304e+00
2.702804631441183325e+00
4.608893850294976779e+00
5.220363448372162374e+00
6.981739776142054765e+00
-6.961875516173154921e-01
1.085341553473155862e-01
-7.514162730082633024e-01
7.724639048562673693e+00
8.056596989736533487e+00
3.744506424799899147e+00
4.423665952214359542e+00
-3.569070696343934479e+00
-6.422274169732258287e-01
8.041178317816902066e+00
1.052547066016373023e+01
3.151642555388107336e+00
5.807012030798538227e+00
6.913582331658306046e+00
4.009372935171665375e+00
2.521254265680794582e+00
4.423634392938386561e+00
2.852654824332228500e+00
1.993986428961963764e+00
2.018464556074458294e+00
-4.147003554772383360e+00
1.743314570083497106e+00
6.564368867996050128e+00
2.376891215737749974e+00
-3.524812649541895659e+00
