1.078382073244553485e+00
-3.817758280828362771e-01
5.481291828413868750e+00
6.228817903027501934e+00
-4.332799155665833513e-01
5.878983719267079522e+00
3.914085643636746159e+00
-1.154724485631082320e-01
2.660393536121441027e+00
9.193789682821876141e+00
-1.834239663352579930e+00
-3.806100077694751782e-01
-7.524986508710758137e-01
5.650365711298910298e-01
6.625718672370153328e+00
2.922141406601974190e+00
-2.057334258785306513e+00
6.810422201488660399e+00
4.512028693562408321e+00
3.718065622438282425e+00
6.535111859811174817e+00
6.461158722360213602e+00
-3.016340802681295230e+00
-8.772670392049541910e-01
5.108297331223528026e-01
1.791186211276629914e+00
1.987534548378456112e+00
4.663592849681689856e+00
6.906760716411622703e+00
-1.446550921089873931e+00
-1.404228967182434396e+00
-3.645719332687058056e+00
5.686519089262086490e-01
-6.477608995043100393e-01
4.775035639713513191e+00
3.019640117689036618e+00
5.126643482385306871e-01
2.624145167629505782e+00
7.177786140084165822e+00
-3.307908593317463009e+00
