-7.967079860866795871e-01
1.816952869924810310e+00
5.518161820416371377e+00
-3.961835749821084107e+00
3.988479055407370577e+00
3.394553486955716792e+00
3.287677947128362366e+00
1.087083343692764181e+01
8.179768200216313900e+00
3.314880888286773519e+00
3.561519007470321352e+00
2.371712926037067959e+00
3.650068085371845683e+00
1.199396112883159393e+00
3.597299862216269073e+00
3.836901107575085845e+00
2.091455735614244027e+00
3.130187815525463879e+00
6.853151863300744218e+00
4.103459465465395084e+00
-3.699587751640279087e+00
3.797872882361313263e+00
1.405799448751705594e+00
5.428598887500245773e+00
9.091485419401832857e+00
1.040962968318242643e+00
-2.397648831132510150e+00
3.758328751149542235e+00
5.251963605051286343e-01
1.876225604446373207e+00
-1.029537987451809578e+00
9.345540306909578376e+00
1.961437290437163750e+00
-2.582900586434883294e+00
1.712836058344058943e+00
2.083404521962320288e+00
3.437300452587739308e+00
4.548851601978525672e+00
3.850661458695709527e+00
5.653043344600787723e-01
