3.197660082425000994e+00
8.573663019643811278e-01
4.274610507348316268e+00
6.631030234672943280e+00
1.253595733245201238e+00
3.209984405968204779e+00
1.148152758411372076e+01
2.950547333381187132e-01
1.440153444481331313e+00
5.606630884979927565e+00
2.047544881634046021e+00
-5.077796042903998774e+00
2.326474304792548242e+00
1.986195079851426071e+00
7.565460960982388627e+00
7.845229113466136717e+00
-2.660775947302872257e+00
2.799731390810223708e+00
7.024577993603903003e+00
3.535963963472677496e-01
-1.458971429280816468e+00
2.146514035164724277e+00
6.027433007936790155e+00
6.640612351328117668e+00
-2.251963452287628620e+00
-2.582289017457157332e+00
-1.162697568658092873e-01
-5.798042706607553498e-02
1.112825645338642477e+00
8.609119666699672990e+00
2.441968901435626282e+00
-3.564789745808609744e+00
-7.371349108380741422e-01
2.346305118158629632e+00
5.538119816171505061e-02
4.386967101221074472e+00
9.624365710506221916e+00
1.684628124280689310e-01
3.995543956182189937e+00
1.121256843887459942e+00
