8.192894998493727599e+00
-3.146215597806282016e+00
-7.712288030519697246e-01
1.988512353481363348e+00
2.791917914819046498e+00
7.363397647099620968e+00
4.580409011421130216e+00
1.648585508906080577e+00
5.537491957945797516e+00
8.653224864052301513e+00
3.863826770353052886e+00
2.798091427573794032e+00
1.079655156619701017e+00
-4.611610600541035332e+00
7.712713460798945597e-01
9.533097835428460343e+00
1.593874862519973234e+00
-5.597848100336848987e+00
2.724983698194409332e+00
6.532153509958173565e+00
1.896495954324128430e+00
4.819100720586221520e+00
2.177994891175140335e+00
9.029914720314944354e-01
4.343210923695846937e+00
5.924735377637101230e+00
-3.538041814941743191e+00
4.394025355425510426e+00
-1.144227855694032847e+00
5.591774531186722186e+00
1.897692288523755044e+00
-4.389318452189111319e+00
3.109428929276264686e+00
6.280618625448361136e+00
4.250903448849831179e+00
5.306529777258021774e+00
4.980030685106042299e+00
-9.770738236016449640e-01
-4.129404913491907969e+00
1.807956125872661080e+00
