6.251402296950022475e+00
8.399221049273215556e+00
1.035449638594470922e+00
2.294932150603086640e+00
5.509561858353607677e-01
-6.657390712340806260e+00
-9.297293261826549138e-01
5.009007042550528865e+00
4.059240279674167340e+00
-2.499725977711429792e+00
3.342804587774772962e+00
1.018055026745404490e+01
-3.262337986970871295e+00
5.996864137988697774e-01
2.282635316721446372e+00
2.005389370177912856e+00
8.100977872966943494e+00
-1.440103963747933147e+00
-1.596891837139165604e+00
-2.096325755342406394e-01
7.874374862167131894e+00
4.407775546600707806e+00
-1.742665028661075421e+00
5.968427652921068916e-01
4.553455361417249492e+00
7.647394239794246040e+00
-2.140175240828203318e+00
-4.936394148621868205e-01
-3.635943308065736623e-02
6.036012084695288493e+00
5.087404925619527951e+00
-2.006203262011276856e+00
3.069354226413417930e+00
7.498439706315572550e+00
-4.040095084157937499e-01
-9.727612285216498123e-01
-2.997752710158725797e+00
1.678798551371007086e+00
6.631663632493810745e+00
4.260269022331146793e+00
