-1.450529350510818549e+00
-2.658902848576267353e+00
-3.543820594108540778e+00
7.527411375498445523e+00
3.832319130214148384e+00
5.033126619357433107e-01
4.024072918853049963e+00
4.018756266679539557e+00
-1.279533914168017095e+00
5.579726373224518809e+00
8.571886467457611403e+00
1.654802651420641979e+00
4.800073332383589353e+00
8.810599393569450655e+00
4.511443438244310933e+00
-1.967700805576782397e+00
-1.903755229945765848e+00
3.190375796557039401e+00
4.035104408837302259e+00
2.215533843514756462e-01
4.870080005603668383e+00
5.909250336633191658e+00
3.922630034033209867e+00
-1.828401083612002154e+00
5.388866190297321168e+00
1.153390558552620426e+01
1.515753215806965093e+00
1.854192988112653984e+00
2.490759854332415646e+00
1.207810549561082025e+00
2.569516307722353954e+00
7.889869783577244888e+00
8.707677683086943787e+00
-3.035391871136287723e+00
1.151081574124326101e+00
2.492486390098689775e+00
-2.235473199773581943e+00
3.198680317554855712e+00
6.736735065532451827e+00
3.784509851701415517e+00
