4.971862873524048432e+00
7.166329159446073405e+00
5.178692462131160745e+00
-6.794427714418381781e-01
-3.514745657371107335e+00
-2.369287985785185846e+00
-3.861275397620982819e+00
4.606759972744645104e+00
5.531927306356335450e+00
-1.806196790238229877e+00
5.817791086904067654e+00
6.373758537891117015e+00
-1.421440786585304927e+00
2.033190943574374465e+00
1.361203148451776279e+01
-1.440794663197797254e+00
-2.372475634453575122e+00
2.095304242836979469e+00
7.096657812998300230e+00
1.318557470122036390e+00
-2.159298325679991581e+00
9.941866887858372692e-01
5.099967593902325014e+00
6.988350409670887053e+00
-7.647097238375376804e+00
1.851470592352451927e+00
3.883782149128228167e-01
6.991072015182616894e+00
7.830291717928361983e+00
3.870006015632509122e+00
5.677403977891938958e+00
4.910547212020023977e+00
1.402046392864103819e+00
-3.677250917346781556e+00
-3.128233277639220766e-01
-7.034202948134405942e-01
6.488375701115169925e+00
9.372600156757759038e+00
-3.637040304634529875e+00
-1.060650435228669419e+00
