4.229322530096354171e+00
1.238558737254349618e+00
3.271521411514927813e+00
3.937875552779738442e+00
6.133419495971841329e+00
3.239649486100223186e+00
5.662652312115712405e+00
2.998129321867052943e-01
-1.687209640691635482e+00
2.091371562895983693e+00
7.927791183913785567e+00
-4.393940101838675893e+00
2.706358083621123178e+00
4.552564527259904681e-01
1.595689898581881483e+00
7.753195514906714436e+00
4.812405743900680655e+00
-7.044848515225703878e+00
2.416361389224496392e+00
7.518430731293047842e+00
7.980389729179520941e+00
-3.704462867853169250e+00
-3.136855348966465229e+00
-1.959635958226540797e+00
4.546366536113013446e-01
6.266726764524201965e-01
1.503983923004504009e+00
4.146869201242131098e+00
1.161625826834093544e+01
-2.951698198933621509e+00
1.085082742681444223e+00
2.264179455067516500e-02
1.218121951256299740e+00
3.396293210486081460e+00
7.714107328893523352e+00
-2.690463635753704175e+00
-3.334935257194943770e+00
-1.208907532732751644e+00
1.189911506680195785e+01
-2.771378912023926055e+00
