1.299623236242835711e+00
-1.821602790086181756e+00
1.040687862801462416e+01
-9.939074800295392143e-01
-5.621529402345576187e+00
1.818164399858722691e+00
5.146366770610199204e+00
2.356448701995843553e+00
2.619772047371023316e+00
9.455492867878490415e+00
8.416584924250543054e+00
4.499930174091650859e-01
3.271849483022353677e+00
5.719049357340276529e+00
-7.578194122031211011e-01
6.174926842689834050e-01
2.493112077317445330e-01
2.349430711845933217e+00
2.095750176943403265e+00
6.039870801250675214e+00
-3.006199127384789005e+00
2.321054948722477140e-01
8.515835212921316622e-01
3.930022478125414498e+00
9.718979041079485626e+00
5.951004461144288271e+00
3.924997949095597072e+00
-1.323335782550691508e+00
-4.769020309335310515e+00
2.781650166825920145e+00
1.794910866721633358e+00
9.340001799222974910e+00
-7.527273909168852306e-01
1.789310899713651981e-01
5.990429244865036473e-01
-2.831317092438209837e+00
1.218556389470743628e+00
7.533434654019371735e+00
2.740567800135700338e+00
-6.706763878565825898e+00
