7.633475712939468139e+00
-1.490138927923782663e+00
-1.378875821267936619e+00
5.276540323081139183e-01
5.765249758051790963e+00
2.242172276641248185e+00
3.156252879975102399e+00
7.120283901601091259e+00
4.399978606828514494e+00
-7.123287571213253955e+00
-3.842683950505267898e-01
3.028974354634349719e+00
7.976084848526523885e+00
5.090774383104615275e+00
-6.154759374800359950e+00
-2.005470703958002865e+00
2.661560266085996052e-01
5.252155673639617994e+00
9.217815174719894422e-01
1.794406933895893452e+00
3.515686062856987704e+00
4.476584037155206808e+00
-2.709046572058113611e-01
-2.192047722390518261e-01
5.429123567375957471e+00
8.155421520375993438e+00
3.384122200925268054e+00
-1.006682535892767572e+00
3.617103891530364379e-01
4.323360066879958552e+00
5.765594909117854883e+00
-2.975042941616919290e+00
4.220296579248431712e+00
6.136895224046230446e+00
3.469698021609775918e+00
1.841997809545686815e+00
-1.692164328208199509e+00
-1.144718039641031915e+00
2.945004159746489325e+00
4.067219225044289566e+00
