-1.949665442736705945e+00
-2.047024860505175070e+00
-3.453309137853360689e+00
6.420321240500765470e+00
4.893851552331156540e+00
6.130206627229528582e-01
4.353048342837447571e+00
5.975110356175608928e+00
1.376654298273889632e+00
3.609818679367164940e+00
9.547497510526740783e+00
2.597710627536733874e+00
4.432079946749972521e+00
7.745559900070935200e+00
1.233110720384330117e+00
-1.725218671227148892e+00
8.058240897527132462e-01
2.579902597971132305e+00
4.357925530740726749e+00
3.408238932393187870e+00
6.582974529595849056e+00
6.814015287161583778e+00
-6.234325664044274573e-01
-5.251678168236922906e-01
2.864947327617385575e+00
1.117900087016196764e+01
-1.559574013046860053e+00
4.016679921899916295e+00
4.488953123375770460e+00
-5.507766405431335777e-02
4.854657729235523078e+00
1.117075234442029341e+01
2.513517029339061626e+00
-3.632971449005062858e+00
4.886696508925363780e+00
3.847898515543807019e+00
-1.361223770496349239e+00
3.547455817369784103e+00
6.539552412098484702e+00
-3.497197643269350786e-01
