1.408705872967434658e+00
7.093316671995713030e+00
1.060750080366997317e+01
-4.374323108863079068e-01
3.162983252652964428e-01
8.705996486689515645e-01
2.135939864529922405e-01
5.017406841215854563e-02
5.906437266763801652e+00
-1.744971048336248609e+00
3.105461516241188047e+00
-1.673359604254411659e+00
2.129726390541579306e+00
4.779010085218868831e+00
-5.542187550955574027e-01
1.749175104800994918e+00
4.260926806854024029e+00
2.924739067241866053e-02
-2.619037808713384319e+00
-4.279478470354673547e+00
3.727184153178908499e+00
-4.662825935103294128e-01
-2.556647331219595642e+00
-6.464217366101211226e+00
3.092770247728237720e+00
6.257459549164461343e+00
-2.296922884371506157e+00
2.667485001350075269e+00
7.544551542543869616e+00
3.950411487233125740e+00
-2.394006933046581409e+00
5.916415931156988606e-01
4.743627161033797002e+00
3.439837971848689335e+00
2.934495868208782943e-01
1.161768102459070029e+00
8.354057390973062880e+00
8.674859709929009455e+00
1.332564465372576556e+00
-5.778508852947391361e+00
