-2.208790623630559669e+00
-2.170416417150100141e+00
3.287946013051614269e+00
5.402315598812669428e+00
8.009839767648399000e-01
4.933889689361229181e+00
8.505457759118122851e+00
1.231715127009118449e+00
2.918809857924040241e+00
6.443212770657855692e+00
-3.324380538658825213e+00
-3.613568033946487734e+00
-3.219324636430330178e-01
1.815488142628776114e-01
8.690423427085162800e+00
5.927890759185500791e+00
2.504386817909990626e+00
4.213359260721381894e+00
-1.802759043929671456e+00
-1.871840651144720091e+00
2.949643801204109739e+00
8.411212049273801838e+00
3.034183858179702042e-01
-5.664491323209830398e+00
4.551250858074379346e-01
8.879150633904025369e+00
1.448940325430974063e+01
1.544266023263936471e+00
1.165891085608681044e+00
2.174197747173496786e+00
-3.271717037821277430e+00
1.560142385182388791e+00
8.747007892060265632e+00
5.244967503106741091e+00
2.715456851287661344e+00
3.681054912067228457e+00
4.307682608758840459e-01
3.871590751790495499e+00
1.123307637704813722e+01
4.897659326988455852e+00
