8.022011946352403555e+00
9.351600825890180602e+00
-2.185686212783456206e+00
1.783154342776441137e+00
6.745814356209696605e+00
7.611634303800519419e+00
4.950687070512275412e+00
6.794380084140581033e+00
-2.387127027460839823e+00
-2.455750749910996511e+00
6.891575381044470205e+00
1.390656604466069091e+00
-3.137561982824037532e+00
-2.065002817306524907e-01
4.682883294348688885e+00
6.320380792843341311e+00
9.191550015144818175e-01
5.144490586655232178e+00
5.419278376566534661e+00
-3.771529097791621599e+00
-8.043082669578782706e-02
5.127321395076766403e-02
5.311511023317547764e-01
7.576184076502707754e+00
3.896982146693562576e+00
-2.336571799009826922e+00
2.269020470736224038e+00
8.472292585960474298e+00
-7.804556802288522555e-01
-1.940442051338968632e-01
-1.146511672747829280e+00
9.211435069785240515e+00
-1.139984981575427714e+00
5.007656730914417098e-02
6.042733410056586596e-01
2.169392012258612557e+00
6.835961115095589236e+00
3.514443185646929368e+00
-3.358301991582262502e+00
1.472646467025868766e-01
