9.447079783895090399e-01
-7.370036366679851847e-01
-1.155462254016778267e+00
7.328462990177876613e+00
1.587034853145673052e+00
-5.391506526808840682e+00
1.787648710829671916e+00
3.428914487464830962e+00
2.952632694567184579e+00
7.831957901019753088e+00
5.927910041677346697e+00
-1.961288167842161645e+00
5.781995692347626559e+00
4.078439774565080889e+00
-3.817326791210010839e+00
1.156611454348257517e-01
6.075666911918033541e+00
6.481160822872167770e+00
-1.893837507443310031e+00
-1.286116846328705154e+00
-1.992899027335453432e+00
1.260175229809693320e+00
2.323051127342853572e+00
1.106345805009473438e+01
-3.948923435627360590e-03
-2.830295011089850377e+00
5.382414849573971871e+00
4.152677274755398606e+00
2.850078729417431234e+00
6.315772771179052114e+00
-2.793990105884276431e+00
1.190425676541262412e-02
-1.802246687142393000e+00
3.860344363360714404e+00
8.641151283448397891e+00
4.054628932226279403e+00
-2.629744626553363052e+00
-2.535110384691855234e+00
3.861598155156459100e+00
1.321808213322567038e+00
