1.364776176122902696e-01
-4.810436149934230521e+00
2.992722660224058639e+00
5.720617544361206619e+00
7.167403681690254658e+00
2.108428444354343512e+00
1.253580591423229196e+00
9.355751961330220468e+00
7.428349296170552840e+00
-2.901991513050786953e+00
4.274879118663809763e+00
7.283468485120210723e+00
-6.371515399273506297e-01
-1.614546569452863789e-01
3.365492620148326175e+00
9.651897573834279598e+00
4.582122856774933695e+00
-4.051607093629488787e+00
-1.785649515594717629e+00
1.471582549510849880e+00
1.836155749266781712e+00
2.832521576172148059e+00
3.763541433770615896e+00
4.348828143109163769e+00
4.461833442827622065e+00
-1.005635537321596606e+00
-2.241228367558216306e+00
3.001231026714009875e+00
7.123173169931352966e+00
4.238276546854848448e+00
1.344467427016668104e+00
1.680288274024003714e+00
5.299021893935356609e+00
6.595096147721634772e+00
-6.527949340968124403e-01
5.007397656943912700e+00
-7.891142295631699000e-01
-1.912030083968407679e+00
3.709752264848094616e-01
6.168169832668029429e+00
