-1.635213391288895535e+00
-1.170921431629219356e-01
-1.701412435017445324e+00
3.846678484619157956e+00
7.741614355014477589e+00
7.048609401021534993e-01
5.158488199862033774e+00
8.289108827087467546e+00
1.503710308321422051e-01
4.632575103705259600e+00
8.856426557272721212e+00
2.723116123884916639e+00
5.309078983347516711e+00
5.803079488276548403e+00
-1.390145600875631882e+00
1.486155370967308542e+00
1.830205853197857668e-01
2.657944421262922408e+00
6.067286952729393334e+00
5.859622347961083833e+00
4.925430307863537749e+00
1.836841764203046790e+00
-1.583310537935301410e+00
2.309573487773887157e-01
5.206767796414109029e+00
1.085573876201037180e+01
-3.358180423884186694e-01
3.712417679595005904e+00
7.219415526714649367e+00
2.440303520090790546e+00
4.759752824979725183e+00
7.101206804139126305e+00
-6.863788900873816878e+00
-3.678534424506394007e+00
7.594857285519345247e-01
5.280379864312072513e+00
1.336229804171190638e-01
4.852701607367444048e+00
7.205578670539454222e+00
-2.331402257616048690e+00
