3.501892991012264034e+00
6.709735149073491556e+00
6.348358954305611590e+00
9.395648038518153555e+00
5.556996010335343961e+00
-1.992770850521362602e+00
2.294410883398199985e+00
3.871988001413809943e+00
3.390397275145752509e+00
1.701119764376009647e+00
-2.784949314171269563e+00
2.430726864027170642e+00
3.139104782975686625e+00
6.273963040685803350e+00
7.936893654528201836e+00
-3.936301445918645392e+00
1.065823502899583719e+00
2.899683303709822635e+00
2.790624853468730571e+00
9.827472603274276519e-01
2.890448907593781591e+00
5.610075731737023119e+00
-2.651520665363098495e+00
4.458373856673984115e+00
3.444181763454488010e-01
3.573200036576901439e+00
1.246438013778353593e+01
4.617742233255913931e+00
2.345622466634414316e+00
-1.028090828345585184e+00
-8.446312323074283146e-01
-1.559363407954910130e+00
8.160452995595198544e+00
3.351253817583703665e+00
-1.546264254821385631e+00
2.457237922908607874e+00
1.012872505747446006e+01
4.895977330585593812e+00
-9.798365887428942544e-01
-4.792009099747041034e+00
