9.971935937024583030e-01
-3.311613328463911543e+00
1.696417499547673291e-01
5.479150222576677498e-01
3.642646738991525801e+00
7.014446290948352036e+00
2.183142020205064870e+00
2.569435610020390115e+00
9.363904064289249263e+00
9.928277317251394507e+00
-2.694220583705053684e+00
3.662721045201347891e+00
4.173413499184059461e+00
9.295097732479202790e-01
2.979534807811657249e+00
-6.520316133144826720e-01
2.065152990229257135e+00
4.689670593571744206e+00
3.733413731559090731e+00
5.409094996829932001e+00
-1.452758503397597156e+00
3.220998617501101613e+00
2.070344442179602673e+00
6.602941296378999070e-01
1.934646988056490491e+00
4.401089084472249446e+00
2.681298620370689001e+00
-3.542124992163989905e+00
2.060275687711077719e+00
5.902776367874817076e+00
3.250177923535545688e+00
-3.192691995702892527e+00
4.563128829242772966e-01
5.728237832581509537e+00
7.872415715438141781e+00
-4.555058654213379299e+00
2.659059495543762086e+00
6.046709817654179808e+00
6.118865254329207914e+00
2.307341088336787749e+00
