-1.746842032473601591e+00
2.514521495745568380e+00
7.612784607269349024e+00
-4.796915052228159837e+00
1.886947282417113403e+00
-1.786853006258283250e+00
1.870510783263591215e+00
7.777038071854105006e+00
7.167890351664485848e+00
3.918392492901427548e+00
8.419316102816331693e+00
2.239213083319080422e+00
3.788121566329832213e+00
4.937006010170962966e+00
2.061703986292932722e+00
5.104150628102705589e+00
2.429295772527516828e+00
1.109692753466773318e+00
4.539818572362122495e+00
1.090244211753452852e+01
-2.450728302716115969e+00
8.509984554992929828e-01
3.246988992226753634e-01
5.202695011464279595e+00
1.021981061426888715e+01
3.586964392957876058e+00
-2.269444496199583661e+00
2.124261546705219939e+00
-6.483553199923379751e-01
-4.611760746470789374e-01
-4.844470118729133912e-01
5.415942985146115163e+00
-5.350576520178873530e-01
-3.671889413946533232e+00
5.719986661507860948e-01
3.131041410593486507e+00
2.815891783361327505e+00
1.624157243073580448e+00
3.530624407617041882e+00
8.795281356820967567e-01
