3.870943146333474250e-01
3.731681184063572410e+00
7.002368076610077097e+00
7.864277942780883990e-03
5.677490424436176575e+00
9.594826812286648021e+00
9.895441252975498259e+00
8.594870362103590011e+00
1.721100472773075207e+00
-1.430062968627420217e+00
3.340720783213074085e+00
6.733327849653152342e+00
4.988568680207041695e+00
2.616165380859196699e+00
2.765050132387420589e+00
3.725891723793389509e+00
1.813266559296361491e+00
3.349271051747858330e+00
7.839108998066736333e+00
5.961714140399265727e-01
-4.674267348919380005e+00
2.794488406528182090e+00
8.852137046888838512e+00
4.283052084291472994e+00
9.504160378445902779e-01
-4.928140656620242588e+00
2.037941896500968575e+00
4.682836849481899932e+00
4.671466221860533174e+00
-2.513043712291627152e-01
-2.143599876076729138e-01
7.290444634339640295e+00
-1.250358623349461018e+00
-3.338145261799874697e-01
1.225586363240720678e+00
4.364045159891802861e+00
7.233285635226968324e+00
4.266018034669484038e+00
2.274474090617397692e+00
-6.328921325118785912e-02
