-6.989160212488412682e+00
-6.426685702245388265e-01
-2.935671257467121209e-01
1.543447016891546619e+00
3.944223271688012122e+00
1.242480553766706519e+00
6.364885474699473633e+00
6.631546512043416719e+00
-2.352174698858522817e+00
3.678382310951723078e+00
8.113483386807700981e+00
3.562840779570020988e+00
-7.719631507993724995e-01
-3.477801630002801403e+00
8.677454896034815235e-01
2.206283840466356505e+00
1.239329663241710477e+01
2.222967999082183344e+00
-2.243002958105362765e+00
2.782335835489045728e+00
5.153694874425419847e+00
8.306998036021992604e+00
3.429503895430990656e+00
-4.596070698956915557e+00
-9.349974111554927303e-01
1.310700629543891882e+00
-1.587954549479974720e+00
3.531228097783827735e+00
1.152671932990852000e+01
3.686710183393906437e+00
3.765599092357936328e+00
-2.759997847689876771e+00
-8.015711970039736123e-01
9.099808411425271970e-01
5.463239923007514598e+00
5.673603417254565962e+00
-3.214148548041393827e+00
1.462623835864991007e+00
1.284580233001037897e+01
6.748745605843891937e+00
