1.929034614060576303e-02
3.118850207590690538e+00
7.397300670955887725e+00
-4.324517697531005567e+00
2.920987623047299753e+00
2.871269153600560120e+00
4.685082941517926258e+00
8.995208182581512446e+00
6.273563439456505186e+00
5.207690578799635261e-01
-2.689890463030469192e+00
-2.232267127853047040e+00
2.680896030609914327e+00
6.006993648498927030e+00
-1.808499880709699914e+00
4.716599879385938721e+00
1.186474110310161922e+00
3.331491133204273147e+00
5.307569286808172748e+00
1.664804384005054150e+00
-1.824919726945861687e+00
2.278363405270144249e+00
6.835047784468379461e+00
1.039514662299936276e+01
1.516210814219633551e+00
-3.854335654414171586e-01
1.151975539815288441e+00
-2.592463129244686471e+00
4.646015542949645249e-01
8.736155204293793997e-01
4.867565394770749343e+00
1.024113407466459513e+01
1.382411398767142252e+00
2.689876825901579060e+00
3.181873360924714955e+00
1.628212987214285867e+00
2.400067724513850642e+00
6.431285965181307240e+00
-6.917999310734556317e+00
1.250889139091381441e+00
