6.825360143386476786e+00
-3.631267444266087274e+00
3.783574395214603481e+00
-1.340725129807342153e+00
3.883591436635449590e-01
6.275919342241487175e-01
5.895003423346077298e+00
5.517808332439977370e+00
-6.912673352342368904e-01
2.655213868054895787e+00
6.931917468907347057e+00
1.947052944758547177e-01
-3.099432157621628381e+00
2.113145803009367718e+00
5.983537871417351717e+00
7.158823264424050592e+00
-1.111919567205490456e-01
-1.249066288920299250e+00
-3.060165078708345088e-01
5.242513401504650616e+00
1.013414551622994786e+01
1.772488780678361575e+00
-2.172503219905444816e+00
-2.537070094273639054e-01
1.023522296790875030e+00
7.250793405524475155e+00
7.657751299907714859e+00
-1.034964529930974653e+00
3.601789600141804826e+00
5.548904829346787082e+00
-2.144471980001108058e+00
1.594269887415905584e+00
1.171813440198180700e+01
2.401461702328131942e+00
-4.723325027549665767e-01
5.536918120621153072e+00
3.074773570070238549e+00
-3.002892116512334120e+00
3.135191566310889799e-01
7.134018666793307872e+00
