3.474054082678371458e+00
7.364898891081714360e+00
3.419548988361032382e+00
6.417870736260226749e+00
5.234030066965903671e+00
-5.234159770619034369e+00
1.058725356058457523e+00
2.774777350334259651e+00
7.338571037792511298e+00
-3.261597947273779941e-01
4.046638593548721019e+00
1.133001968018090544e+01
3.504326094815807036e+00
-2.476293684507890447e+00
1.222263152419134080e+00
8.055721658891819459e+00
2.036754341737801788e+00
-7.678449730736389256e+00
5.060450649742992413e-01
1.166376399201780822e+00
2.964345810739007270e+00
7.542079302072388636e+00
3.674295427345343867e+00
1.484115806309952657e+00
5.570782642442818400e+00
1.819072073375415322e+00
-2.545723697267290309e+00
3.804609303584784108e+00
4.375025257458795558e+00
5.910719316771256615e+00
-4.221655423701601961e+00
-2.094496972414855218e+00
-1.800432572297101297e+00
4.865325921377221974e+00
3.785742854756051656e+00
3.159553138174846509e-01
-1.709485286441889240e+00
5.708971064276417984e+00
3.447436844981741633e+00
-2.179368460401984731e+00
