-4.751680175467575928e+00
4.574765416152879460e+00
4.999605309018802402e+00
-2.322856039238741510e-01
5.690816861827846296e+00
6.857568972903623106e+00
-1.898930148210276059e+00
4.934765135650864387e+00
7.260138903076579275e+00
-1.291296026048222245e+00
-5.411897843342876158e+00
1.759799335930351205e+00
6.941104833796346796e+00
-2.194182106588758341e+00
-1.318393860704755838e+00
4.273170272427202487e-01
7.324910735733344502e+00
8.186389964932841323e+00
3.169163583099419590e+00
-7.607835012176085154e-01
7.444302372490107622e+00
9.228387069159815770e-01
-1.836147598962991179e+00
1.741045139336899750e+00
7.717781546472548548e+00
3.680614823364477317e+00
-4.040636315214616303e+00
3.416696428874608227e+00
6.411830238400476389e+00
6.134065043975316378e+00
6.419162934003301402e+00
1.802231082249575955e+00
-5.716193927829047006e+00
-1.154536663863127810e+00
3.096642777642406585e+00
3.266632742700190661e+00
5.389437746346057878e+00
5.576904922406821896e+00
-6.778328375669572914e+00
-2.497241863109985083e+00
