6.807581549180507174e+00
3.320121230848013916e+00
-3.131114750720379813e+00
4.191779406303257627e-01
3.767134744717103523e+00
5.438045485632692966e+00
-7.547541050060466716e-01
1.272558883017703035e+00
-2.061267435169433782e-04
1.019884434825568498e+01
1.461711563129376890e+00
-1.640702079414577241e+00
-2.328322948090990163e+00
1.725822720086412687e+00
1.672090460557785208e-01
4.966904655892043330e+00
1.012466661592277539e+01
1.930259871429820251e+00
1.933551906247814589e-01
1.872418014669908759e+00
7.918984284392579731e+00
1.631404834632917300e+00
-2.363568378418475557e+00
3.528771846853369532e+00
7.237268451150884019e+00
1.064068582816957820e+00
6.223507308089404333e+00
5.907504731283775179e+00
2.915788031025028815e+00
5.214448908037533137e+00
4.082591388373242758e+00
-4.855936712913305975e+00
2.158701048025326141e+00
7.280293966222107116e+00
8.800376177135926792e-01
2.022049751241595139e+00
6.568572302890828496e+00
-4.899317611788294613e+00
3.526143263716300602e+00
1.462890705511537881e+00
