5.995423888995633277e+00
3.040519895716979004e+00
-2.326349404675217780e+00
5.843949612164444085e-01
1.345834922693539992e+00
2.960976162306319104e+00
6.029204447354801211e+00
-3.526967976718194953e-01
-1.590050463183186213e+00
-1.659591465848287317e+00
8.791387692787678176e+00
4.758998733471867304e+00
-5.730572419682026464e+00
-1.914760111633827977e+00
7.344898443894477325e+00
2.010694026289109093e+00
-2.994345433169033122e+00
-7.320944893310168400e-01
6.573603059887624056e+00
-7.409278332596196115e-02
1.211272625392470825e+00
3.283579834126393315e+00
8.386733085529357368e+00
-5.014512813843325034e+00
9.908248165047853773e-01
4.227418335348827050e+00
1.609399943613456729e+00
4.570768818342218487e-01
3.098641260175289514e+00
8.514773315887097738e+00
-3.374013286807614698e+00
-3.060578143067155032e+00
-8.169199719213433575e-01
-5.861186973015276580e-01
6.786619700644491715e-02
2.131580124930421150e+00
6.912511782791741943e+00
9.905453020345156290e+00
-1.347395519483945314e+00
3.753187575487222816e+00
