4.141423293529211236e+00
8.239069604463225005e-01
4.841322736147564143e+00
6.280873827158663047e+00
-3.333476183452173114e+00
4.292890160071147765e-01
3.431046512504392965e+00
5.841331097428875019e+00
-8.101951850365818331e-01
-4.368289543525528451e+00
-1.077630685611126626e+00
8.979054018056420006e+00
-1.072622078537138091e+00
6.899379637469960080e-02
-4.753465699979342318e+00
1.836432741916188105e+00
4.307165390187658538e+00
-5.049339404895985872e+00
1.804572517972953261e-01
8.281058027579918601e+00
-2.953768460470986401e+00
-3.552106268552900348e-01
-2.549243036919315308e-01
7.651052914040168851e+00
1.140611852501028700e+00
5.742782484543052846e+00
3.681133619355559716e+00
6.193340702173088630e+00
7.856545909641252656e+00
-2.524936973378630878e-01
3.401249818827827731e+00
5.614487018111438132e+00
4.619235396333854382e+00
5.650572597889330417e+00
-2.414627251593629786e+00
1.275373183271203636e+00
4.788004581997425291e+00
1.194289507149526308e+01
6.990486945882776304e+00
1.206427213823443978e+00
