-2.808552249775707055e-01
5.789934682955180101e+00
5.337617502735394481e+00
5.419712290600803506e+00
8.239321742623056721e+00
3.343252921209847184e+00
-6.101062701256469989e-01
-7.858525042127868510e-01
5.727163823267373388e+00
-2.963222036188727593e+00
-4.186612368508418669e+00
-3.454486103757338000e+00
6.742223494896772529e+00
5.810098314915226325e-01
-5.675492475351400223e-01
-3.753905744240995657e-01
2.007603704924210142e+00
1.301145892680183547e+00
-4.421404235028742136e+00
-3.706811661291700144e+00
7.079553665913296712e+00
-5.325758510940457047e-01
-7.589055495213489877e+00
-9.048292112838025592e-01
7.933988414842120029e+00
1.199411744970137139e+00
-1.754443511476788675e+00
1.364539959488022092e+00
4.305672196957242015e+00
9.033796787348023827e+00
1.906411121593211355e+00
2.282281293285322310e-01
5.462978057693535838e+00
4.986089250220434366e+00
-5.738146523289302525e-01
2.557358969834653273e+00
2.126728965737259003e+00
2.712874075108921978e+00
1.364331244855837255e+01
2.877437145291181331e+00
