4.427471815951241396e+00
-4.334597818174692030e+00
-6.688875761363403116e-01
3.350848832649035436e-01
1.363446793804450774e+00
4.259937577722661572e+00
-8.907339637228575135e-01
1.231752720505505216e+00
6.444923188232150935e+00
-5.027889902962231483e-01
-4.699713135816125487e+00
1.084943442195110741e+00
4.972188186183548186e-01
1.891044998025669610e+00
7.013738381184476900e+00
-3.987713104204785086e+00
-8.084744940630158583e-01
3.544224755387070935e-03
4.810723227255773615e+00
5.697590895153384238e+00
-2.119052841712373514e+00
-2.029660071272533006e+00
4.632780862391394194e+00
7.988347412616122689e+00
4.210721636623375730e+00
4.289755174592771780e+00
4.781760846058580317e-03
-7.965575105597473282e-01
1.984987027028525697e+00
1.004908473686269410e+01
-5.617720415829419167e-02
-3.488788813133702482e-01
2.958276284177742355e+00
7.508605020709223865e+00
7.336368811459021977e+00
-5.080073246102484452e-01
1.559157275622670369e+00
-1.844560421226089764e+00
1.704378497862218733e+00
6.434261364303783814e+00
