7.254201103224296787e+00
-2.990455625692946651e+00
2.899189060500705573e+00
5.432713758322334385e+00
5.369688940435875857e+00
-6.201926246619177130e-02
3.119279373306311776e-01
9.187326857518605117e-01
1.669752394836864440e+00
2.412050252862972144e+00
4.169324494489840660e+00
5.464119036640926907e+00
4.658687992627427832e+00
5.156969852432841783e+00
5.577212866176687989e+00
2.080713515156209503e+00
-4.246229525967674334e+00
-5.013596440725602843e-01
-8.759689412745410575e-01
1.337544426856962065e+00
1.039552257587632056e+01
-5.085396683336430579e-01
-1.915709406595532904e+00
3.389323543522118509e+00
3.630594943537028385e+00
2.754775377885489984e+00
2.018228057027225297e+00
4.519962761570969434e+00
2.973669864274884889e-01
-4.518552953598695687e-01
-1.491564678555071133e+00
1.062855590980513654e+01
4.176415234803521059e+00
-4.209759434789391186e+00
5.806691285010137982e+00
4.379901591816295792e+00
6.103891469852230633e-01
1.610861154208984569e-01
1.791583891187432664e+00
8.734005440850337365e+00
