5.635608292376140582e+00
-9.498345471275523311e-01
2.476057990580619261e+00
1.304430196362799421e+01
-1.718043181314481416e+00
3.007090913441706537e+00
4.301726231205055484e+00
2.558262391646215494e-01
3.283407390758239952e+00
7.647441598490013703e+00
-2.364763719365852168e+00
1.880570435135275442e+00
1.141040694569880554e+00
7.093571083135497446e+00
4.102677826136760242e-01
1.950417301968205619e+00
3.078040448305245924e-01
1.871286582003001131e+00
7.169175243977712775e+00
-4.247016053070227670e+00
-2.656865192796721065e+00
-5.223955700671839564e-01
5.918999137359013396e-01
7.245255299004286442e+00
-4.941942980243266170e+00
-6.014786745729497897e-01
-8.009103194306708140e-01
1.519719283349505679e+00
7.030979945763331962e+00
-2.477690682514707810e+00
-4.933035371319206552e-01
-1.968217836312096347e+00
-6.496095266064823015e-01
1.008339804506143977e+01
6.541829126382235238e+00
3.411086666082442598e+00
-1.152619224021445898e+00
-1.832562592173131999e-01
-2.313472760674857742e+00
5.570142743936132845e+00
