-8.838398958152373641e-01
-3.431007203336484235e+00
1.742960282903711633e+00
1.019425544114512228e+01
2.145750438511724756e+00
4.796056974113100502e+00
-2.918723392215906154e-01
-1.407258979398080090e+00
2.940670278423754835e-01
4.961256613911325886e+00
9.788228168125236550e+00
1.805322210114947756e+00
2.737783201577937309e+00
4.336600705326374872e+00
-5.030040064004255740e+00
-1.793143936284826712e+00
1.508002242196341269e+00
5.772290722332805046e+00
4.751537007106658272e+00
6.431244110346800547e+00
-3.537765994827285709e+00
-1.576158944724038946e+00
7.190520111437158635e-01
6.866466963986067817e+00
6.357031855677252707e+00
4.163763181466359597e+00
6.481710846877036580e+00
2.631294323436315641e-01
3.652527172994238791e-01
4.968447386042409875e+00
6.495100054925278421e+00
-6.505847599038820483e+00
7.939900212099973986e-01
3.163696041695037042e+00
1.504803381227233894e+00
3.019113813415440717e+00
9.040833888448405631e+00
2.022182048048369651e+00
3.527376329329268145e-01
-6.615632574073384564e-01
