8.911979577269848463e+00
-1.022742394503193264e-01
-2.420329042677600295e+00
-1.531683991022344982e+00
2.225528262245701328e+00
5.041790228402542873e+00
5.282833854814523278e+00
-4.608744507015559932e+00
-1.504806281853082517e+00
1.035369658321520170e+00
7.267493230595398757e+00
7.922353855049087956e-01
-4.376551278080083485e+00
-2.947819124086454856e+00
9.623362743987746271e+00
1.344305352730357006e+00
-2.591919684098793475e-01
1.500164558582738561e+00
8.827559142565775119e+00
1.183199114403677754e+00
6.184022650725921055e-01
3.828171482088029265e+00
3.935304514493635164e+00
-5.535025946965487442e+00
9.388214233183586055e-01
6.578767970938544707e+00
1.410440703154895559e+00
5.034961878783806855e-01
4.572605641081272765e+00
6.766514617854655356e+00
-5.813329890022215451e+00
3.809083973853727656e+00
8.834334903387275340e-01
-2.119436716563537493e-01
3.708586045833577316e-01
4.599637687543604692e+00
9.823186512429698425e+00
6.501386850719468313e+00
-7.604795165213296571e+00
3.244579427375875902e+00
