9.646905584549008594e+00
1.309247664175745118e+00
2.211984941665126048e+00
4.005520892948044143e+00
2.571567821435620793e+00
2.956109183089012493e+00
2.452014406633019838e+00
1.710520351555063101e+00
-3.610182059399981158e-01
1.547154913543754839e-01
1.392824571182095461e+00
2.515972790151310701e+00
4.643777925672606166e+00
7.586514630727888564e-01
2.903271865634435400e+00
7.188075733441319670e+00
8.740466689671855249e+00
1.584372936322189451e+00
-5.881782561558864586e+00
2.409374416670706509e+00
1.064634329941218738e+01
5.233653117409803990e+00
-1.011655244849886115e+00
1.734198341784261022e+00
-1.402166724670471432e+00
-6.594228771858615668e-01
-1.206633380239916509e+00
4.134018471665939387e+00
5.044316425537439308e+00
-9.351849775489922134e-01
3.589787330026832368e-01
9.157254403438749080e+00
4.812755141125139247e+00
4.539042714977668425e+00
7.792948810184937791e+00
2.653281489328320752e-01
2.045582113647352429e+00
-1.305581532586561844e+00
-1.373281811332057178e-01
3.150475255706605360e+00
