-5.661271958430614815e-01
-1.014074023160926319e-01
5.434496797791406486e+00
2.650786542964882919e+00
-5.291734581221047229e+00
3.899521159020299166e+00
5.131326035773231986e+00
3.562686519664331364e+00
7.513906859357610379e+00
-2.661480530437000169e+00
-3.409483379997607644e-01
1.035581274082066905e+00
3.489999280093005751e+00
5.905637080317906573e+00
6.584763940932306880e+00
-2.248388975328216688e+00
-7.827220965939918340e-01
4.064921583002849559e+00
4.067969165931485165e+00
5.742002975481169669e-01
3.171505035735330047e+00
7.181228841899961246e+00
-1.495962503222314499e-01
3.778258805140301657e+00
5.891692675060743234e+00
5.914426595673555553e+00
5.838952513415637036e+00
-4.622452610000610917e+00
-6.261711421033980818e-01
3.370592240000492623e+00
6.100444660213499404e+00
-8.949730118129131107e-01
4.611250723779331651e+00
7.178460401837955196e+00
1.830305029520616911e+00
-2.690715271908355799e+00
3.635682902987540377e+00
6.745818818964124830e+00
5.004837539436283400e+00
6.317837143717343729e+00
