1.159409834505935066e+01
8.318891426365278285e-03
2.237510047538489033e+00
1.908287903393858009e+00
1.240550817304081566e+00
3.365445876653521573e+00
7.399437197053576831e+00
8.713869680319377142e-01
1.400284256012946704e+00
4.055969981565724858e+00
8.458842881120235191e+00
2.024075846726689942e+00
-4.327342507113299597e+00
3.837317775167273126e+00
6.245136587241463033e+00
6.967893740349105913e-01
3.408445762710496929e+00
5.978817461392236687e+00
6.985919305456304684e+00
-8.637513418694309220e-01
2.106394005128821245e+00
4.206664398903048330e+00
9.001862312949885592e+00
2.681862615542116579e+00
-1.462861100465835396e+00
5.696672487159442966e+00
6.301570268073202641e+00
2.134803631415903791e+00
4.962767189284727820e+00
1.002791501999907986e+01
2.637952764917984361e+00
3.125645323943236242e+00
3.515778020547478455e+00
1.630637429512836301e+00
3.664927458151575834e+00
8.275235739453330908e+00
-3.456313622135926966e+00
9.755234046635825607e-01
1.397242372695348900e+00
6.209866756000181454e+00
