1.692404053122608998e+00
3.444941061231221013e+00
5.762868439665309594e+00
2.992803294978262141e+00
-4.095884960686495546e-01
8.368082091678893164e+00
9.011165394271543505e+00
-5.256306588046908423e-01
-2.628578926178936293e+00
-2.172270917708939209e+00
-1.308850899910579457e+00
4.820235745362570157e+00
-5.691439654907397561e-01
-1.257940323139901118e-01
3.456256661914613115e+00
7.648384182692186783e+00
8.286420825595214312e-02
2.524009245919922595e-01
4.432404143731806023e+00
6.914946566513939796e-01
2.070604766393203899e+00
6.333452477899195188e+00
6.605579027184317553e+00
-3.899366341659685098e+00
-3.364481562100258394e+00
-1.699479168367302950e+00
8.329312341777288964e+00
6.328188430418706822e+00
1.310660079045143700e+00
6.583638046912275499e+00
-3.289631377247199673e+00
-3.029289882142048196e+00
-3.362233702857428508e+00
7.385734235224583166e+00
5.993153089236328057e+00
-5.888903243630050355e-01
2.919046236902142599e+00
4.621868162191498541e+00
-1.368294558950990947e+00
-3.328624606787101925e+00
