-1.611035925168545768e+00
6.991715076529011696e+00
1.176222532721888925e+01
-8.513039996036926293e-01
6.403836722502223466e+00
3.832261501729520514e+00
-5.090458719795152298e-01
4.453688218396841592e+00
2.662295681197433428e+00
-2.860995841525951100e+00
3.724046335307873434e-02
7.357260747382567523e+00
-4.023965816539762486e+00
2.143888861051574946e+00
-1.573346159690995005e+00
5.986361392590024089e+00
3.243071422053661390e+00
-3.047280438467538488e+00
1.492135764012415766e+00
-6.014577529423662527e-01
3.678536125330073681e+00
7.589438627987044939e+00
-1.020807553468270124e+00
3.911179938825397606e+00
8.238585746732990600e+00
2.396397169823044848e+00
-3.785697516645386784e+00
-3.671410422530120066e+00
1.524807983030563308e-01
5.527999119852184506e+00
2.581100977299419785e-01
4.229076372068792722e+00
6.009819406475233272e+00
-3.431926502605462836e+00
-2.292515219427477824e-01
-7.466577835141865460e-01
1.553949909793144624e+00
8.640926091099633055e+00
-1.924253333077029948e+00
-2.130381211429416499e+00
