3.595724696858155323e+00
7.795587947381516614e+00
3.554669132722532154e+00
-3.436302721519565395e+00
9.127918815662645624e-01
4.719068771726611544e+00
6.112311885059162009e+00
-4.163309571227436834e+00
3.422736006680234588e+00
2.403426031849007494e+00
1.499042475643269423e+00
5.054026114485590249e+00
7.393485787376706142e+00
5.647328917613614330e+00
2.271079759432823586e-01
5.473633673680880385e+00
9.617692632019389620e+00
3.317804474706080864e+00
3.980518423163375896e+00
3.670567589326074298e+00
-1.008568367974417290e-01
1.865663121035391780e+00
1.027334621271096537e+00
-1.448189134331428374e+00
1.012364338608858105e+00
8.455103475317054418e+00
8.183117355541254412e+00
1.307550500917123104e+00
5.609231877616412953e-01
3.238438296973504826e+00
8.155144788291734059e+00
3.637933367014849928e+00
-2.017479873648463595e+00
-1.509755025104867920e+00
9.898785497829437618e-02
7.512171643152864009e-01
2.080392088811716444e+00
1.126272499732117360e+01
9.792796110539827570e-01
6.080577919032306156e-01
