8.082627262553929270e+00
6.990453348638606457e+00
-1.274416898929921604e+00
1.524086858993944471e+00
6.796347855311638320e+00
8.830730362751953777e+00
-4.631506384922488451e+00
6.075707607604066141e+00
8.060316465940434716e-01
2.048928536197140104e+00
1.500861438529239367e+00
1.399307041213021074e+00
7.192265863157805583e+00
-1.136296852577372452e+00
-1.763961546059645391e+00
2.063530017653493420e+00
3.090132060113085277e+00
7.679084053814414723e+00
4.899207264142672713e+00
4.085315388354064936e-01
-3.563809655531656517e+00
-2.179779484634254416e+00
-5.641149791953086190e-01
7.141591933538029568e-01
1.786440114339489460e+00
4.682804243384495635e+00
-3.507161794215389428e+00
1.228778657967458665e-01
-3.389563133382953897e+00
6.275677181462032905e+00
5.500982246408431919e+00
-2.120436268344754183e-01
6.002786467462108533e+00
2.726032665180226022e+00
2.198414824922829247e+00
4.706881620631449437e+00
5.888378186822927240e+00
-2.855205379088498141e+00
5.904392196631652601e-02
1.556253905774943824e+00
