7.872539157498335882e+00
4.084098380874828571e+00
2.408450064657044809e+00
1.935953775824531320e+00
-3.466876089933654814e-01
1.753942653092802839e+00
8.424392528012671022e+00
-2.060028208107450354e+00
-5.345593080881039239e-01
6.930651818576171408e+00
1.004659780765631538e+01
1.517699722422304998e+00
2.530517490350927545e+00
1.491154790093004001e+00
-2.403556583279134351e+00
-9.123744545961121055e-01
7.451534407890051170e+00
4.030433968517801446e+00
-4.371447220433250180e+00
2.431613429514539959e+00
1.053593993890024949e+00
2.686377860564258313e+00
8.433078955510582730e+00
9.786282798785560288e+00
1.206816432950812978e-01
3.300624399296353761e+00
3.558409580670915062e+00
-1.989864490729395641e+00
1.626072731132436111e+00
6.059846167229986591e+00
6.534833199820531568e+00
6.431852182421864406e-01
-1.612794246471750625e+00
4.159020870163639749e+00
6.998085508392490439e+00
-3.976392497815715465e+00
2.015624153092583803e+00
5.760449938609409237e+00
3.464207767607143662e+00
5.923512981135406363e+00
