2.224952482890599992e+00
6.942328660816874830e+00
5.804908902140890170e+00
-1.012496537446349487e+00
8.023965866495860411e+00
1.145307838691228497e+01
3.214633126150451936e+00
8.356987680668956919e-01
-6.080987499457743972e+00
2.061664807925064125e+00
-1.317575383074461648e+00
-2.095998673026062686e+00
7.577251363192616829e+00
3.564672093377729833e-02
-3.051565296575597941e+00
9.235470434196431100e-01
1.013736327932436065e+00
5.098092540937044781e+00
5.685737797956289974e+00
5.327644121973404978e+00
4.862963721009410989e+00
-3.278266935832971019e+00
-2.706783895514996985e+00
5.309528054511990502e-01
2.576096676729971335e+00
7.549077214551003223e+00
3.109757487109396923e+00
-5.452393322463803038e+00
2.074180717173229826e+00
7.807102221445110679e+00
5.023253758733830843e+00
-1.795116319876371547e+00
1.033616970886460873e+00
-2.369719118626117282e+00
-1.963584467754956875e-01
2.829937295348591508e+00
6.190399456017237512e+00
-1.449030107212065266e+00
-3.250103048934875893e+00
1.470620593178989077e+00
