4.410859231098883448e+00
4.381108640970131418e+00
1.239678936893283900e+00
1.700837044245022245e+00
8.440685131045398970e-01
8.855216349772806694e+00
5.593497758477925519e-01
2.240302936468516748e+00
5.889147719591519170e+00
9.815391893943477442e+00
1.025046628187315401e+00
-3.204513371896068330e-01
5.129760402682714826e-02
5.176900846037985282e+00
1.255557855429657366e+00
-3.464357277186438822e+00
3.825360521181900619e+00
1.813951159662304136e+00
4.437912165995678393e+00
6.383056491424129675e+00
-3.843697118734650697e+00
3.698994267771254840e+00
7.728102887462023673e+00
5.737509203076710307e+00
-1.669630543356143804e+00
1.719125476350869208e+00
5.637330922673039701e+00
1.041442058909333446e-01
-3.126919238612769547e+00
6.952118730098082455e-01
8.453178733714439730e+00
4.131409015277601071e+00
-5.010028193514742156e+00
1.030004886249648921e+00
3.729456752930057295e+00
5.453788553448212006e+00
1.961780233998267065e+00
5.828501198040512143e+00
4.035593124908819718e+00
-3.914531811352357504e+00
