3.931808967609710770e+00
4.612639105000032602e-02
1.199260051160952356e+00
-2.368300205063246011e+00
7.423329537376774923e+00
9.112772898438551650e+00
1.440288214920428245e-01
6.662063927818106635e+00
1.172364892852842511e+00
-9.679601027546114178e-02
2.005629461854700146e+00
7.638503469646352073e+00
4.443982659676573022e+00
-3.768725088317625094e+00
-2.580562743458584940e+00
2.457308975570483334e+00
6.158700954391281179e+00
-2.006589478445541364e+00
2.720472786141597155e+00
2.451078889786176163e+00
6.459242130424653894e+00
6.157265413054035186e+00
2.991554234691292891e+00
4.511204605980996263e+00
4.869160285445951253e+00
3.435213970979772213e+00
8.238708300229133030e+00
9.409963597558686388e+00
3.203707115709336861e+00
2.482030941790717371e+00
-2.846345628897205771e+00
-7.841286404920542186e-01
1.963358823356486038e+00
3.322888904124062570e+00
4.392817013805791149e+00
4.762865503046302962e+00
-8.182352332466624745e-02
5.800347381143890146e+00
5.500593918633478907e+00
-2.223746299834890028e-01
