6.633854112554149474e+00
5.505939197809735397e+00
8.451500997235886770e-01
2.685214140402051308e-01
2.805043515243653030e+00
8.675753417610046370e+00
7.421519110370872196e-01
-1.917546703349993997e+00
4.139820059046941836e+00
6.206282789433821279e+00
7.964769084232159457e-01
6.501663110168767190e+00
-3.954505021526915520e+00
-1.255248544166716940e+00
1.778810096373290239e+00
3.972207658572238120e+00
6.845526293239847071e+00
1.016463147573951709e+01
6.076553873543307560e+00
2.883909942927850523e+00
6.718870751681001785e+00
5.984430933776511807e+00
-2.364324527387141384e+00
5.338752626101826770e+00
2.110673886196872573e+00
1.736533624070745851e+00
6.541765013852634425e+00
5.589341479889471387e+00
2.735779791827069207e+00
6.327182497277753725e+00
7.907204412005039984e+00
-2.967412862873004542e-01
1.927064925254284855e-01
3.755900086860125775e+00
9.769658120982063210e-01
1.255278704859922323e+00
6.029071689735294726e+00
-2.583665441709083410e+00
-2.322629576011614461e-02
-1.244852336164794959e+00
