-1.505267433411165534e+00
-2.357941049547127133e+00
1.003768613780333219e+00
8.432982939406077350e+00
6.216927179498888734e+00
5.796939233890409326e+00
5.960911463109135333e+00
2.373917622879918810e+00
2.535306704589931570e+00
2.462265170061855635e+00
-5.054372802617859151e+00
-4.844238613424929341e-01
5.165297578183702942e-01
1.618263997593501813e+00
7.399006112469129093e+00
7.330218234144637357e+00
2.661393049003665467e+00
2.851833401965215398e+00
-8.654425239901725186e-01
-5.385737824924079487e-01
1.487006587791039891e+00
6.612151805305491514e+00
-3.057774783683337105e+00
-1.509002802305891455e+00
-3.772433006108192988e+00
2.541940527784258386e+00
1.457392248366650378e+01
-1.186480653835283450e+00
5.245608495698700580e+00
2.083814238061199031e-01
-2.519316448073686043e+00
1.172568997190235995e+00
8.559355497992903850e+00
4.893534535434824306e+00
1.364423597403105148e+00
2.181485725569776157e+00
1.236081187576867579e+00
7.498135901905847334e+00
1.008900467598366291e+01
-4.861581409582995228e+00
