2.252146188933490834e+00
6.479072698531075147e+00
5.964037480314525297e+00
6.725805921116509545e+00
8.595994775633542417e+00
-5.772266603217438785e+00
-1.374082348620932148e+00
1.409004020154250192e+00
6.624975447288147024e+00
-1.314061359049616406e+00
3.462095400170216219e+00
7.263278651980464851e+00
3.821962057602404705e+00
-1.421125764108244871e+00
-1.899991735077332766e+00
5.500544959902735620e-01
6.779771213964449927e+00
2.162413916268862479e+00
-3.660971727774598783e+00
5.184041807103754174e+00
3.895180189683198790e+00
4.479623780132724775e+00
7.876434902786467518e+00
1.741973320750434651e+00
2.568319626862091809e+00
6.525204586156683639e+00
3.262548090759883390e+00
-7.148465661612303235e-01
4.098776754734345662e-01
4.947981250356510152e+00
8.373818023125412680e+00
-4.336576502722242488e-01
3.829299862568313451e+00
5.160093635790554245e+00
7.298697441972695543e+00
5.782232356685775621e+00
-3.816721129098690213e+00
3.815245688576625938e+00
1.835907071665275225e+00
1.826507508721805007e+00
