6.359186063546050427e+00
3.775488506397076893e+00
-3.278752974619271399e+00
-4.053895991773921459e-01
-7.129259970484134179e-01
7.453438962473310170e+00
3.608956478020818537e+00
-4.310498925402406201e-02
5.493520454171141765e+00
7.960148622802521778e+00
4.464431894144597734e+00
5.877554257489705059e+00
6.732932846702357921e+00
3.281948368559814533e+00
3.294242248962152342e+00
-2.455562575701873307e+00
-4.091955905431859941e-01
-1.695359985895605881e+00
2.967095858595685254e+00
1.020319043108539780e+01
-1.127461382455781785e-01
7.436464755654603742e-02
-1.110958921424146872e+00
-1.129884470385320139e+00
-9.373432922479683072e-01
3.400108844863180657e+00
1.065760794270759781e+01
1.351131825466570069e+00
-2.455453099606392353e+00
5.518677877438988411e+00
4.453522978988718961e+00
1.208991711639326949e+00
1.213362433776497828e-01
-4.465699963728242405e-01
9.477747532059442648e+00
6.208700040296231570e+00
3.392592792552537873e-01
1.939042724075866087e+00
-1.689386187499057446e+00
1.931236249376164338e+00
