9.193021711110928251e+00
-2.456243184842545446e+00
-9.700687904201131806e-01
-8.947885022268513566e-01
-4.045849092673561742e+00
8.571715750703694514e-01
8.855212591892827945e+00
4.952024273640196483e+00
-2.662130685576046485e+00
-2.197206481658366406e-01
-2.190731581804088890e+00
5.273637691994622401e+00
3.965032073542357871e+00
4.520477659502615708e+00
4.861152707727522504e+00
-6.926417136757856419e-02
-4.311626045067079360e+00
1.987343137127121073e+00
7.811584063594986915e+00
2.626507623247481771e+00
-2.710399973783682359e+00
5.628828547461516285e-01
1.185366827046242744e+00
7.208132297117508358e+00
-2.727007549858557311e+00
2.214995587558186152e+00
4.362899221741074474e-01
-1.924285482310681417e+00
1.239024134600537952e+00
6.355030587690287724e+00
1.672849613448762041e+00
2.086619051791668511e+00
9.521851928380435481e+00
3.724214140741888279e+00
2.018512184928113129e+00
6.136706821234080067e+00
6.958538219955730852e+00
4.642484586290072102e+00
-1.729654429749774458e+00
3.395337651621385344e+00
