5.681726674184128356e+00
-2.676603737749570833e+00
4.515651101782495402e+00
6.567533818721789984e+00
-6.612031157761932842e-01
2.119498080562765896e+00
6.843644950456366338e+00
5.166847965760178241e+00
-4.504441136672097112e-01
5.696193761096008501e+00
5.995014109935617341e+00
9.453108584641269907e-01
4.294323528816308411e+00
8.362727265371139751e+00
-3.457077590337525486e+00
-5.435032356936899678e-01
5.589204150670992632e+00
4.558775728282207673e+00
4.922389757355627005e+00
7.245227920849649728e+00
2.706636057042597354e-01
-5.792840910811445365e-01
5.742596345017951798e+00
7.183290785358958708e+00
4.210343962643131599e-01
3.792087325919695662e+00
5.723559108420447572e+00
-3.477880389321604149e+00
-2.144877031194134531e+00
6.749432341446750527e-01
5.981190292360091476e+00
8.692736037472776900e+00
-3.990863032750715522e-01
5.079223003009204263e+00
2.562651865110418647e+00
5.771249874285420134e+00
-2.743456067080204619e+00
-6.994619359405812586e-02
-2.026630989217020673e+00
4.098036222399150219e+00
