8.381605574355472044e+00
-1.594498316094014267e+00
1.978523803303965822e+00
-1.819681699612099912e+00
1.029842202059838563e+01
1.182858565775015691e-01
-4.788632410096172798e+00
5.755075825532601996e+00
3.501488787625771426e+00
-4.728630419201680923e-01
4.691549136393189379e+00
1.108277617632372758e+00
-1.148910601813506682e+00
1.069073723013664212e+00
2.658171891398414921e+00
8.382557333602905558e+00
-4.595737083781954446e-01
1.789793009774166777e+00
-5.365438664632557475e-02
-1.957188486746035849e+00
1.680616709792484453e+00
8.192893340713784056e+00
5.191217035895269838e+00
-2.779812696618719770e-01
-2.962842027777091047e+00
2.027077685634957493e+00
1.455014197538050391e+00
6.472169498751911831e+00
2.623046670102214151e+00
3.494556212822124586e+00
6.770305245825449347e+00
5.075256433589272476e+00
-2.542733487602190312e+00
2.676361462403094027e+00
5.146198142909158335e+00
5.839712998284651846e+00
1.031820148005441196e+00
-3.998808970663347395e+00
-4.912924693832354528e-02
2.859310220054297691e+00
