7.454381787527991854e+00
-2.846518573756592341e-01
3.046626130717364767e+00
3.682136849347235064e+00
5.061281646168685810e+00
6.330501979767317877e+00
2.438118098371415243e+00
2.592901499160779277e+00
8.228373988708781894e+00
5.679664581496562725e+00
-3.281431117747335868e+00
2.919347186148251616e+00
6.256425590512053603e-01
-2.046891288148398491e+00
-2.712313851597751846e-01
9.659538830135792509e+00
-1.578145508937379704e+00
-2.661319571698797848e+00
4.739302527208656413e-01
8.369337081330915140e+00
4.262637012997998021e+00
2.525115633735404597e+00
1.250443212697436746e+00
2.863302522522899185e+00
3.346208665713842123e+00
1.793540183976896962e+00
-2.980605180300549328e+00
5.442319654235610926e+00
5.388789604899971053e+00
2.575998974205511161e+00
-2.148077233255595075e+00
-1.307161150930174598e+00
-8.880737387188839538e-01
8.292301767933574652e+00
7.238199389580950438e+00
1.016157804543414089e+00
1.829117291827313307e+00
-2.354649660488626672e+00
6.104476178198748881e-01
4.063052571277072089e-01
