2.007550146826797999e+00
-1.463116604577970881e+00
6.111213627636881363e+00
4.875871324263290063e+00
-4.854137242124035190e+00
3.709238305792948776e+00
1.334746036597211916e-02
3.136605263065666005e-01
9.036454901950548901e+00
1.610804855661722490e+00
-1.027600417406796529e+00
9.705203991489630422e-01
2.134033370639350835e+00
2.398540808432129356e+00
7.415021254043894672e+00
4.969315684637035879e+00
-2.766688043673037001e+00
4.405131831146642973e+00
3.147276605737663324e+00
-2.006894353757220084e-01
4.682777036416561955e+00
5.603512812764453344e+00
-1.912546144649860391e+00
3.238203037158230657e+00
1.456016451760992592e+00
3.366342912979430668e+00
9.566840512582180267e+00
1.129566867197918656e+00
-1.673328222219813144e+00
3.889616515600433644e+00
5.282992861513721827e+00
-4.145174315454736913e+00
1.318390359482170648e+00
2.582368511660336097e+00
6.246112911351535679e+00
-3.292959853887245991e+00
1.914771307688068580e+00
3.389783941432941816e+00
3.880398687154357429e+00
6.209077563376234288e+00
