7.502347433937082144e+00
6.109728842198398624e-01
3.452400074203208380e+00
4.956472778450531358e+00
6.056388391191685372e+00
4.157082272596388961e+00
7.237726135518156578e-01
1.446125981366074731e+00
8.125545916384142586e+00
-2.142119192026029850e+00
-3.052594904804228904e+00
4.777780053494919521e+00
3.003814347203789925e+00
-1.844002885744385534e+00
-5.940859394051983822e-01
9.758175083463001442e+00
2.738441421852247926e-01
-1.164606437436714881e+00
-1.448510606461066219e+00
9.494328589198929080e+00
7.058563688969682559e+00
1.152356442676347181e-01
2.365066942499669977e+00
3.858469414612925252e+00
3.469582283024320812e+00
-1.959180748883789791e-01
-2.678380718404856253e+00
2.240330930973643220e+00
6.536453858381311655e+00
-2.548679149182866421e+00
-1.940730155552467417e+00
-1.822237244852836557e+00
-9.895047202624185356e-02
7.535862317157993040e+00
7.094064265729267404e+00
-2.183736197548769908e+00
3.443814426925612349e+00
-2.896479587638184139e+00
1.264386884227654217e+00
2.122039011217920823e+00
