8.034811415888555075e+00
-3.114929193110357541e+00
3.219530531774426052e+00
3.825370458722537226e+00
-3.214847510500205008e-01
3.245532232183621080e+00
9.372083524547727862e+00
1.121470899542233557e+00
-1.207794212612514073e-01
7.727538293694967919e+00
8.324702065093946501e+00
-2.571982555661647574e+00
-2.593391890739868089e+00
1.900661853151053071e+00
5.295947866767342305e+00
3.381409148129618458e+00
1.779296157359618658e+00
6.069644304655267497e+00
4.250274539659097073e+00
-1.101880902724143629e+00
1.765688496363950089e+00
2.624952263528054441e+00
7.392008320339797933e+00
-8.212924818633566826e-01
-7.881657183161130398e-01
3.389019793699651562e+00
9.297371560851766858e+00
5.081388134041957549e+00
6.721487572463956894e+00
8.115387865931589673e+00
-2.744678995908471197e+00
2.463808972814203191e+00
5.185141502544168723e+00
4.173675559523423395e+00
2.868230224630671898e+00
6.839057246559519854e+00
-1.761161167912071335e+00
4.651179014626514174e+00
3.709980604538892113e+00
6.372495726070980027e+00
