8.963210927119655835e+00
-1.175426718011907345e+00
3.130252271430910227e+00
1.769647024072922292e+00
6.850746007744177302e-01
2.595440598715377245e+00
8.972009063416081176e+00
-6.905654820473469124e-01
1.358254873744138891e+00
4.317199470070624656e+00
8.169267393819906076e+00
-3.766776059669984189e+00
-3.427950168986386714e+00
1.428935927138802242e+00
6.527638624354648478e+00
3.983392664486014034e-01
1.510512297608790799e+00
4.781555684851046095e+00
4.914983877992110450e+00
-2.897368599410319323e-01
1.613056176724624091e+00
3.890647965007286047e+00
7.126761947256284202e+00
-1.542606069353433806e+00
1.288482659644986539e+00
4.492214717567907023e+00
8.202019198784920917e+00
4.057665840965204218e+00
8.301792632384906057e+00
1.007080004726914169e+01
-5.021722588840198398e-01
2.172068422455034398e+00
4.627890553800098061e+00
1.630886969165502798e+00
2.883953542865077768e+00
2.269463968667515541e+00
-3.299843254477117682e+00
2.569966086102047687e+00
2.891801743921490253e+00
6.030665494799531068e+00
