5.497189244833718291e+00
2.586142539163685861e+00
2.477002115109090852e+00
8.820777133221548993e+00
6.648138319466193380e+00
3.436567281086123415e+00
3.748597099433713442e+00
2.659415597558525857e+00
1.248802290778033619e+00
1.230417942769266748e+00
-4.160495567507819459e+00
4.308701662992238113e+00
2.190859676121577948e+00
3.325807093468769793e+00
8.614884534552828654e+00
3.808119884925579512e+00
9.339948030560336623e-01
2.849792800360057221e+00
8.559213856117751096e-01
2.120605138121760991e+00
3.291039987315340198e+00
8.136824292060209629e+00
-8.909027145298542560e-01
3.319035948201003450e+00
-7.147723036476714142e-01
1.367341739325167449e+00
1.391495506419658490e+01
4.564748235260370990e+00
4.947520675598343409e+00
5.086502471149585425e-01
-1.147891912327135167e+00
-7.107186795432508530e-01
8.170022193235570995e+00
3.221431076657569559e+00
-4.498397902508886048e+00
2.311824019748581538e+00
5.576069468503183302e+00
6.536358930102475817e+00
4.689481516377330905e+00
-5.253685139668053949e+00
