7.714706659327931426e+00
2.757176543386014256e+00
-3.196923225155050008e-01
1.797983684780702252e+00
3.324079364362851230e+00
5.325559188071824046e+00
-2.304856257475191406e+00
-2.601307106897713606e+00
1.603595973749621928e+00
4.013318863751440091e+00
6.814865294410648922e+00
-2.073379795098481804e+00
8.887904863534947797e-01
-2.203602042211827872e+00
4.384896595258098273e+00
4.194509043870072063e+00
-1.446838009584566986e+00
1.027344134966384548e+00
7.378489643311509916e+00
4.487256876462423882e+00
1.625531512409417179e+00
5.125058164715729170e+00
8.155856776646683848e-01
-1.295883620965567751e+00
-9.112064821561092209e-01
6.446201444658563595e+00
4.846993874422685700e+00
1.090980088954021543e+00
6.801965712228398075e+00
1.039315699196852183e+00
-2.026949555611745168e+00
4.179340340139392929e+00
4.722734541061798907e+00
1.556943998147177766e-01
4.906728777677412445e+00
7.905732343954910313e+00
-2.080560636806666697e+00
-5.095037870009109682e+00
-7.244042540259990615e-01
1.802667700231108672e-01
