-3.694908597872192502e+00
1.242032904448946873e+00
1.242301291251622786e+01
-2.521507517026271294e-01
7.852672921305878795e-01
6.725769678040792954e+00
4.059147462876591561e+00
-4.061590874343092850e-01
5.568503541968379267e+00
3.817187087606901841e+00
-2.152403358744823691e+00
2.155939265869709853e+00
8.038698850021109621e+00
-1.443680828547259765e+00
-3.756976234850622376e+00
-1.820499002924521603e+00
-2.902217732017279506e+00
6.589307100627980418e+00
6.416072419668630289e+00
-2.053124672554806907e+00
8.870179324370814911e-01
7.491963433921275062e+00
-1.900841858421756347e+00
-7.540540514756597368e-01
1.012093486830698552e+00
7.521896671258017975e+00
7.670610083060695139e+00
3.043521212029960843e+00
9.979541018836142197e-01
-9.815745169536406189e-01
-2.215857186046995275e-01
2.873636849288484729e+00
1.087317479773595252e+01
3.399336603742790786e+00
-1.738850739669243861e+00
-5.929154307310973149e-01
1.304718771804136423e-02
-6.808135806546807833e-01
3.824225334297184364e+00
4.408680843204026090e+00
