4.681122233912009101e+00
6.075631780544765270e+00
2.495268163899305502e+00
3.033703408304997406e+00
9.974826940408663134e+00
-2.390515041825608478e+00
-2.675327779201330358e+00
3.652768044760868804e+00
6.222682760698034166e+00
-6.243172957611639262e+00
2.987882545230560183e+00
4.391256757237619546e+00
5.605863872128654890e+00
-3.159365316552725234e-01
-1.747631998973018019e+00
1.319596800004101844e+00
5.548307719497860724e+00
5.809768735994182087e+00
-4.994217444810495898e+00
3.069447282151140488e+00
9.772029406113613703e-02
3.566696619831079218e+00
8.513072647912428792e+00
1.530570403766869703e+00
1.055249599120986481e-01
5.183681503470094043e+00
5.026391669390163131e+00
-1.328612886315373220e+00
1.622307556144226837e+00
4.010819951905605585e+00
7.726832772570434216e+00
9.826156844824757153e-01
4.687807308670427275e+00
3.273485454097005309e+00
5.372164276923371062e+00
6.866433660596513278e+00
-2.216808638799540709e+00
1.700077495718535836e+00
4.172697128764450980e-01
1.599740118059708394e+00
