-3.568835110486713091e+00
6.413352244867429608e-01
1.676698736373314347e-01
9.788410825086547362e+00
-1.083518060020071339e+00
-8.120676585943472858e+00
-1.571115314466862367e+00
1.007692551070036480e+01
3.937069677010747615e+00
-5.937285470565774936e+00
2.120176025089783423e+00
-7.186965174834496484e-01
-3.835539062080051687e-01
-2.815122523702437540e+00
1.956833116477624923e+00
5.116001972214003324e+00
4.033219918993778741e+00
3.001264445260610092e+00
5.547361896476744825e+00
-4.048857114791266198e+00
7.989217679067772693e-02
2.011257606974596435e+00
1.567106050546353879e+00
9.590626289351110501e+00
4.488490057371170572e+00
7.320366754458342839e-01
4.822091881404139357e+00
2.613184404564861119e-02
5.541588858741083312e-01
3.690508099054742530e+00
1.182027680789508928e+01
3.688178584679626226e+00
-2.713208218776270719e+00
5.803930218226680537e+00
1.550332444866343362e+00
3.373525029317172130e+00
2.993321482478934925e+00
2.335772616816286895e+00
4.787152526193859892e+00
-3.051541688455383650e-02
