6.267965230488844242e+00
7.313163946380002223e+00
3.141952281838686467e+00
6.095962998364855778e+00
-2.040458606174266443e+00
2.090869724039513322e+00
7.311239568691118684e+00
1.224378865243436820e+01
1.176108333790474303e+00
-2.278349245060496298e+00
4.329160824146417674e+00
1.338607579440177719e+00
8.748138060319439191e-01
2.753300346363740214e+00
2.366923356352015340e+00
1.987953959476144394e+00
7.811343040410614336e-01
1.811131816073761946e+00
4.911277804536373637e+00
7.569373206395467513e+00
-2.891400836090908033e+00
-8.386523032114840959e-01
2.852986653932526373e+00
1.065189100153420299e+01
-1.029555100567808301e+00
1.307646193975597448e+00
4.172243786586368408e+00
1.759260608149097349e+00
2.329131834009634083e+00
5.061432565392578908e+00
6.606278665005078210e+00
-3.006446657456558036e+00
-2.162141798574713114e+00
-5.807930999889996393e-01
4.205725231556159294e+00
5.306198837166601123e+00
-1.138486003330499763e+00
3.733399324859980162e+00
7.576274187867156229e+00
-3.626855215973333380e+00
