1.002591697024013051e+01
-3.825405432980466980e+00
1.788836331440033289e+00
4.229152093182815264e+00
6.708686299226222616e+00
2.826199341904409579e+00
9.004526838632382901e-01
-2.844483996382912938e+00
1.268893320216368359e+00
9.070676743121090624e+00
8.801628644852158345e+00
-5.067660225583357381e+00
3.744183000449854859e+00
6.818425067505076598e+00
3.143876654968360995e+00
6.411104410523702057e+00
6.208267334331093679e+00
2.771002200248499747e+00
-2.462150614210791844e+00
-8.387147777159584816e-01
8.220177246847182317e-01
6.489273314045617802e+00
7.885778857241419360e+00
-1.464667662557813888e+00
3.796422861978941299e+00
6.782379086056192108e+00
3.692300281870485978e+00
4.058371951713162673e+00
-2.686981973865567586e-01
-2.494445197229573807e+00
-5.798221533652071491e-01
2.523125191861498084e+00
7.443284463412646268e+00
-2.945166894855236084e+00
-1.301215164879450992e+00
-3.380231963255480476e+00
6.258128702612903993e+00
4.983534774426718883e+00
8.490260976867706200e-01
4.476833740216166646e+00
