2.228881218442523959e+00
5.648488394872670071e+00
-1.078731483681383052e+00
-4.898047401669045064e-02
-1.005682292633837127e+00
8.003675489510097663e+00
4.978305851297297302e+00
2.346737016198123804e+00
7.110756003744786113e+00
8.679054289224739094e+00
2.001363662794831022e+00
5.083379600977513846e+00
4.558641278457098878e+00
-2.654696126562239744e+00
4.708933290229678548e+00
8.958701381103377770e-01
1.440750746685227401e+00
6.638414031905894852e+00
1.947438456751189984e+00
-4.651467801701449467e+00
2.175726248052654466e+00
7.871302423871226139e+00
-4.225039833960965829e+00
-4.293871620041564086e+00
-1.545672659410781691e-01
8.556018879197141658e+00
2.906233783282194505e+00
-3.038307974378889220e+00
5.317206357411734530e+00
5.738805308602946909e+00
2.709328650362301083e+00
9.248977333613355611e+00
4.891797656342495859e-01
-5.860698829626870276e-02
5.494357887013799235e+00
6.747782006379610120e-01
-3.828468278314139717e+00
-3.890750287534737506e+00
6.574581418842655012e+00
4.760093507988452544e+00
