8.324448909265504071e+00
1.830357908857357607e+00
6.632028831930434354e-01
-3.849112809307757566e-01
-1.020405845392336808e+00
-6.605223940710929220e-01
6.093863660296996443e+00
8.261372267415481474e+00
4.800317582587664944e+00
2.515087571205570693e+00
-1.026437051483580332e+00
-6.020192091142591018e-01
2.055625780695511384e+00
8.171345120022980524e+00
2.723669659849734970e+00
3.815599165845797280e+00
2.716016634364892823e+00
-2.672327597001353805e-01
8.179900484787894221e-01
4.100087909052207991e+00
9.111790124445510841e+00
6.632722507708268544e-01
4.250889870171336016e-01
8.384426089293106621e-02
1.951170306924472797e+00
-1.302582705554009346e+00
1.270420292441044596e+00
3.972772435396028534e+00
2.765445007554715673e+00
-3.431063033632414161e+00
2.760095811425425261e+00
7.467101114871381284e+00
8.511416440036121855e+00
3.563596805741535700e-01
2.714127298900353980e-02
4.994430746104782770e+00
7.000930176638041402e+00
-4.126367921568607322e+00
3.502890666490408478e+00
7.539470157118828730e+00
