-3.194667624380792326e+00
7.429332228110583358e+00
1.081628347682167046e+01
-4.735350561480136111e-01
5.820995014504529053e+00
6.226919852328977711e+00
1.096189191761343107e-01
5.604509908533812812e+00
1.546389040688486372e+00
-1.733490761268702052e+00
1.143674241880577203e+00
7.774821778663899785e+00
-4.489314172757431720e+00
3.409703628607076542e+00
8.707649029921511463e-01
4.977546235119005402e+00
3.007336108043605627e+00
-5.426172619336916192e+00
2.543113518480589086e+00
7.099409408443798641e-01
2.343758372059437267e+00
6.043520760526253532e+00
2.244018664693409715e+00
3.551716535152624310e+00
9.124780149780036709e+00
-5.180142861541511268e-01
-3.407217498821510038e+00
-2.936312310089232103e+00
-1.693714066878021285e+00
5.614427661580904783e+00
3.504587725097204398e+00
3.942794202475276233e+00
7.018545210345442875e+00
-1.137097247674978329e+00
1.337871607565870313e+00
1.761579287484110967e+00
3.041619833449122901e+00
9.192892359275962377e+00
-1.678111021858060825e+00
-1.306492378503978813e+00
