4.827617410246603846e+00
-1.259332129897408059e+00
2.925478247326679604e+00
1.068251415542172467e+01
4.810147851051118639e-01
-2.281681403077394643e-01
4.461765616455463324e+00
-7.179168573532419551e-01
2.375192283929474790e+00
7.731667877862859584e+00
-1.795282295435536302e+00
-1.958622538391549428e+00
1.336637741136820434e+00
6.850618765391076614e+00
-3.401966995938089156e+00
-2.963882054912896358e-01
5.364152868540464913e-01
2.591202591860122251e-01
6.855825708300280041e+00
5.474758559479457887e-01
-5.303677683464614212e+00
2.965496416561568260e+00
2.070168795785110483e+00
7.218520971148366883e+00
-1.449159186394291865e+00
-5.045388913002919473e+00
2.395914151451538743e+00
1.912920078274008340e+00
5.961803968213218674e+00
8.788174998484515887e-01
-1.482925682203102724e+00
-4.673296205439603668e+00
3.466077573742437412e+00
8.200270308071649694e+00
2.884112019733495735e+00
4.874205090802600004e+00
5.113057350986733862e-01
-6.043866073281818352e-01
-4.168772546005460100e+00
5.208858106459409498e+00
