1.633877047283408102e+00
-3.973777314116019865e-01
9.768421574882085068e+00
5.023332429888474060e-01
-5.038522412197643519e+00
-3.402045417569373731e-01
4.128589491969286485e+00
2.637825585984006516e+00
2.950281863456248210e+00
9.989041794677582686e+00
1.047200619961087042e+01
-5.646837811795739626e-01
3.047243286527576700e+00
5.551162189808269254e+00
-9.605420416467629341e-01
2.767965351878076685e-02
-1.291009741026963642e+00
2.563041924575224506e+00
2.928070597279745169e+00
5.723675424945301238e+00
-4.905346408348060017e+00
1.201090290251803250e+00
1.292926926972644441e+00
4.477471044363656283e+00
4.860859459007793149e+00
5.255780789066447412e+00
3.950440423001070567e+00
-2.262209086031790939e+00
-2.186825277691364811e+00
-1.313437929346525257e+00
3.327496728327248299e+00
9.941033821420969474e+00
-1.111779560188708604e+00
7.518910505223553864e-01
-4.628788517262946156e-01
1.297794821480981131e+00
1.965407350419464017e+00
7.562683214160100142e+00
1.545829325935486942e+00
-5.992618836092578505e+00
