8.323861990272884981e+00
-1.655166136924737241e+00
4.237043956260663435e+00
3.054930292567927808e+00
6.290279427919029942e+00
1.155012373326393060e+01
7.123237384106803072e-01
1.314716413202089873e+00
2.821784707172030782e+00
4.849886145276304239e-01
3.064106061791052937e+00
1.035695014964135474e+01
3.234598008049630602e-01
-4.409458452775531612e+00
-1.836435350136768951e+00
-1.742721800570989910e+00
6.966866408962244073e+00
3.531733313170119182e+00
-2.246284505314005697e-01
1.534914047239929191e+00
5.422294843682827548e+00
2.472866569584973195e+00
-3.921251461575112174e+00
-5.840165601685285424e-01
-3.000016836635726047e-01
9.764139512696827339e+00
9.087557393405502282e+00
-1.539835405176223526e+00
3.562501995734510540e+00
-1.854807262809197166e-01
-2.985353008016873311e-01
8.364245184303610303e-01
5.245408620574407710e-01
3.038332742676340903e+00
9.840328867539891888e+00
1.373265688878503310e-01
4.492442925936018128e+00
2.011623537550048191e+00
4.360883889593312190e+00
2.010381236612082567e+00
