5.319046250203319559e+00
1.467487388626227407e+00
2.030848860907057407e-01
2.280436747543015841e+00
1.168456092450553818e-01
-3.177719494363924646e+00
-4.193880920627495179e-01
5.319071573450346868e+00
5.308491686110232699e+00
-7.469577036850758578e-01
5.720495496761520471e+00
5.230403397608733407e+00
-2.990265647040695640e+00
4.950621530091866340e+00
1.697757770148176748e+00
2.800719163547775725e+00
6.287713778986394608e+00
-2.087326674282850014e+00
1.865343221319693212e+00
-1.043852474314602707e+00
8.378417713646593157e+00
1.582307535980824464e-01
-7.653295289339467899e+00
6.049447709721418320e-01
5.209174470283447711e+00
5.185078140020586979e+00
-1.976584108111572924e+00
2.609125412702240077e-01
2.253279289773213456e+00
8.851500671540200926e+00
1.716036050752185016e+00
-3.523713341015059619e+00
2.862176440636984509e+00
8.121646944183446237e+00
-3.769101772796254579e+00
2.466566634864188146e+00
-5.788115470609672686e-01
2.948227270684736112e+00
9.327835267561731314e+00
9.498915367591720837e+00
