2.412091323730165549e+00
1.920067691105974861e+00
7.065139623117847378e+00
8.558740774084817593e-01
2.089491871534581158e+00
2.712873460007680482e+00
5.999521920051618551e+00
-3.702261747484517862e+00
1.130576693062946170e+00
9.813556428960799050e-01
8.906034620287299752e-01
5.918314874313966634e+00
3.400038757752264829e+00
-5.921814591197137823e+00
6.950326303600448119e-01
7.949699143324002737e-01
1.458975250785554678e+00
4.569120184004539453e+00
6.505082974469669210e+00
1.473652848753055356e+00
6.468214408205485988e+00
1.138919863539882193e+01
1.993946322047006392e+00
2.785032755781799096e+00
2.396714351396951326e+00
-1.671510130177124687e+00
5.371662729207942633e+00
1.919522682057630325e+00
9.389442406623449422e-01
4.458980079707706601e+00
9.863468929472519520e+00
5.076505718373877762e+00
-2.385036905062044577e-01
2.422845087507376149e+00
-2.601371486352610507e+00
1.645544850295912243e+00
7.676560192797932558e+00
2.497792014893449597e+00
-5.620013704466091831e+00
2.410517410720248943e+00
