2.282895414441042270e+00
3.783444920820776769e+00
4.546610862534150144e+00
5.805261152609996422e+00
-1.457381391711790819e+00
4.418239120273937282e+00
6.731735486293670689e+00
2.480557942206879307e+00
-4.875695830463226521e+00
-2.931954535230878012e+00
1.359468695393410087e+00
2.889324644946422715e+00
1.861961554471455838e+00
4.465150680231007918e+00
2.007078859057933151e+00
2.569815154387713019e+00
7.913313603987726097e+00
8.351659825215786981e-01
4.876276999255778399e+00
6.660831720978819703e+00
4.238104202960453648e+00
3.685667501894979381e+00
-8.316392480496678230e-01
-4.326208445323787899e+00
2.129265547427027006e+00
1.796971386303381824e+00
3.141513336133260559e+00
7.174941151284597751e+00
2.252840267525562101e-01
3.087858619484459943e+00
2.421052053973832940e+00
6.140546925448939319e+00
4.357691131112664706e+00
1.014519851901956704e+00
-4.092199281307657088e+00
-8.091491499229749307e-01
2.070867074121920837e+00
8.942406100235425370e+00
2.980739561751624134e+00
-6.801207225956786839e-01
