7.374441288917489956e+00
5.919029603467461875e+00
4.214677015909358282e+00
4.037144132736440127e+00
-1.985814273649241457e+00
1.406548585594990408e+00
7.347784156737334982e+00
1.266924496215088070e+00
-4.712459489092513110e+00
6.574839963922538111e+00
6.528958258553802629e+00
1.677847775866163849e+00
8.411979013390292081e+00
5.416306650153036806e+00
-1.458998365041921375e-01
3.631783437291344452e+00
9.142658167789272650e-01
1.858849406317995445e+00
6.629609713554378558e+00
5.430329011894705182e+00
-1.188657609697155060e+00
4.566638187815833305e+00
6.138987047002654407e+00
1.868184560341732636e+00
1.621916887464956436e-01
-3.620257101899427177e+00
1.821685058916414413e+00
1.940283676554947601e+00
4.785038056830366315e+00
2.311903313255864401e+00
-5.397168941321615954e+00
3.136136759403369112e+00
5.218505238533975188e+00
2.542848843244424728e+00
6.304746954368470213e+00
-1.036926321085439362e+00
5.042042172656575616e+00
2.050803129263510716e+00
-1.677105761877972778e+00
1.185258825668602523e+00
