4.024513527706204741e+00
1.232129070923800107e+01
4.059275215284430693e+00
2.736701415225970990e+00
-3.850142012716061268e-01
-2.548577319816986542e+00
1.544089259975006456e+00
4.620063286970440330e+00
6.857840917897526367e+00
3.046369830863177697e+00
7.445708818254232142e+00
8.146098865496822938e+00
-6.773523435093653511e+00
3.029895683400328998e+00
1.124987838027982079e-01
7.587344374384437984e+00
-2.981184205634126005e+00
-2.175100627709257495e+00
-1.126506681480118566e+00
5.701208538342021015e+00
7.439657148643830986e+00
5.827680079071023478e+00
-2.727400062039447626e+00
3.141179597507589571e-01
4.683032637299827883e+00
-2.610649480307738468e-01
2.603111515254147301e-01
2.666580244364217478e+00
4.025700476254950644e+00
-1.685631346633178040e+00
-1.953267715027711793e+00
2.933534339705553329e+00
-1.229127727370201040e+00
6.165043771922164240e+00
3.452411689556721619e+00
-1.316883589592301229e+00
1.076570344256353895e+00
6.656960042820844414e+00
1.077977403070519369e+00
-1.372265470495757089e+00
