3.696698387799506769e+00
7.793607208108547013e+00
3.436513013042361564e+00
4.857507288968929693e-01
2.425104107845882595e+00
6.866482186569717427e+00
-1.086351324884917702e+00
3.859692859745998739e+00
6.273905260932075123e+00
7.725018658256143311e+00
-4.800848477312688267e+00
1.970259342489573129e+00
2.913924638258087452e+00
6.208348588267573298e+00
-3.907288827084127281e+00
2.946035602234301720e+00
-1.943616579547460255e-01
5.605148110237439418e+00
9.351002933712285525e+00
5.688866017940572561e-01
7.854975354783627850e+00
1.368709501664381101e+00
-2.655448717637031386e+00
7.578104714872380132e-01
2.851614420660901761e+00
5.511592284237095463e+00
-2.146942963431107909e+00
2.003209046321843712e+00
2.363828335419830395e+00
2.240252348607091104e+00
3.885862741503824047e+00
8.782642449146109698e+00
5.298204933932154637e-01
-2.084584020448761343e+00
3.609093618802814873e+00
-8.133176708354850071e-02
1.732314975062559714e+00
7.983842837491829769e+00
4.992775630722954716e+00
-8.969974112290062251e+00
