-1.233950990529471436e+00
-9.641397896950287816e-02
7.948065675649362838e-01
8.265569209637845915e+00
2.517783642055149151e+00
4.126751673724581515e+00
7.007683113144736353e+00
5.716623815419683563e-01
3.686958259500866752e+00
6.138871030213881141e+00
-3.297718687124748360e+00
-9.898918252650585892e-01
-9.560970103428448885e-01
2.009454025554032075e+00
6.919646163854711318e+00
6.859598046360837920e+00
1.873654099153839514e+00
2.700601679083546536e+00
-2.693292509386884248e+00
4.604258114300133209e-02
-5.509646879589813473e-02
8.348505725417451728e+00
-2.649266792476565602e+00
-2.829161390959095357e+00
-2.576898930765097795e+00
4.998494693991331950e+00
1.205695541774720780e+01
-3.439777584491400031e+00
5.161334473917858823e+00
2.343729424355984303e+00
-1.673544277020433402e+00
1.219630205605445106e+00
9.782021325471234263e+00
3.943913108833628556e+00
-4.878136649107663869e-01
3.543453286713737604e+00
1.355666412258910825e+00
3.681786650554094820e+00
9.630252197923510948e+00
-1.867748736652326436e+00
