4.148407551935131998e+00
3.634078009846417157e+00
5.020060565750258164e+00
-8.724682934393538369e-01
-9.189613026122063211e-01
3.625253127680579390e-01
4.853673475210534605e+00
8.517550799932648076e+00
-1.649319628674602356e+00
-6.098540042556939156e-01
6.628356801654382569e-01
7.439697861876126694e+00
3.887735845757879893e+00
-4.148280918686813035e-01
6.583499074573561316e+00
2.464562941579770960e+00
1.527343260196467045e-01
8.024327494594480914e-01
3.787461757021584940e+00
1.645985460081436980e+00
-2.141801726555286667e+00
7.572610698273947172e-01
6.138817155986179053e+00
4.215764660438722444e+00
-2.435647480915316798e+00
2.981354713215668806e+00
-5.235566645056687562e+00
-9.953536867309649150e-01
1.115668114845050685e+00
3.425809590318379616e+00
4.137576982895378563e+00
6.223946706882545143e+00
-3.600740828334556110e+00
-3.681455643056098292e+00
9.285567818919888694e-01
-7.846402236084508708e-01
4.475584755895765099e+00
7.817356186388696671e+00
1.831002188568775946e+00
6.223146351469825532e+00
