8.651501353084507073e+00
1.790960511805627098e+00
-2.355877488925383734e+00
2.692876870653824195e+00
5.333543318822719037e+00
-9.964844988401422299e-01
-3.723470123451223301e+00
1.703367408678514661e+00
3.025802128344942776e+00
6.463485792173550237e+00
3.131007637649007247e+00
2.174919259831138429e-01
4.975823676137274276e+00
6.209196408251067112e+00
3.245865593735574706e+00
-7.534315371783488757e-01
-2.665093969281796760e+00
-1.942713471132234249e+00
6.308040023480090852e+00
8.103438959667082386e+00
-8.800516469862371682e-01
5.461968905814025277e+00
1.940271198743969361e+00
7.761047381317176530e-01
-3.337338536280143320e-01
5.504759831804381776e+00
8.569911991880369229e+00
1.753442848871569204e+00
3.029982057284581032e+00
1.812078588967110271e+00
-4.072246916845083109e-01
4.840228368626437572e+00
1.185201586543943364e+01
3.534724020991567350e+00
-4.431452159145339298e-01
1.047529906272880229e+00
-5.407509498277905280e+00
2.755228967631556891e+00
2.602314852555816405e+00
2.766062557955829337e+00
