-3.928257527240231362e+00
1.352929243716195051e+00
9.258462670913910841e+00
5.517892517140234432e+00
-3.008282270048655782e+00
1.370054243871199784e+00
2.595566686521827648e+00
2.942875207958664419e+00
1.908769687158639705e+00
5.102477740375710447e+00
9.342479148001777034e+00
3.619088067853978519e+00
3.067842830109235308e+00
5.916470968670983765e+00
1.015131621265441986e+00
-5.138063701148168905e-01
-3.646039603448842481e+00
2.495495489933832189e+00
-2.748092511529140469e-01
7.079677022280620236e+00
-1.301845625687434671e+00
-3.578486627878674664e+00
-6.435648256776712595e-01
2.081365419575349929e+00
2.243100981156741280e+00
5.003177220971974037e+00
6.106226892784093252e+00
4.095900082863647818e+00
-1.679425474217215442e+00
-2.479474902051470586e+00
3.822602640591486800e+00
1.035018909830748690e+01
3.104864280557388501e+00
2.634196175324934330e+00
7.116389965318155042e-01
-3.506890598007984750e+00
1.710382045356694913e+00
6.385863949978565657e+00
7.798746049704186944e+00
-1.157168018781912000e+00
