9.019642248290026032e+00
4.838557401594246521e+00
5.237997445179509270e+00
5.463394151029989487e+00
-3.287034618029571753e-01
2.482513251425372935e+00
6.632820271458662376e+00
1.512148310301456355e+00
2.616256700850712935e+00
2.557406604957096263e+00
2.777049390000069229e-01
2.547192251336064750e+00
6.059152000169745200e+00
4.051840031158393529e+00
-1.515829614374183398e+00
3.404370304305000872e+00
5.330645687782651798e+00
5.394037299542346453e+00
-1.843160705099669894e+00
-3.800893487719050334e+00
-6.453868828169007088e-02
4.270204521668148345e+00
2.388463256578749139e+00
-3.863665225700486650e-01
-3.370694987988472224e+00
1.646419829868060791e+00
6.618105419481802087e+00
4.857169117583255868e+00
3.387598890081051639e-01
-1.714687727504740522e+00
2.573698066073774715e+00
4.954070057140580463e-01
1.053516337970979322e+00
1.003509907129393319e+01
4.052499067389164766e-01
-6.540252997025921999e+00
2.353847986501450329e+00
3.983649831886386217e+00
4.490263411475431399e-01
3.160111837164844228e+00
