-3.780809698801897323e+00
1.554545008160413300e+00
6.729193947957435640e+00
1.535537076586755756e+00
3.764468018212949740e+00
5.714108983655276752e+00
-2.155681782824256376e-02
2.548404828309617898e+00
6.041480481714208928e+00
-5.794525670858453381e+00
-2.476169790689626726e+00
-4.454224068991162966e+00
6.924104877715540951e+00
5.854379964291359095e-02
-2.865209567831965121e+00
7.738806552160816254e-01
7.212428599701816267e+00
6.527927235114237448e+00
-1.280421143570059872e+00
2.460880190281146351e+00
7.406201721769656743e+00
-1.508725229821241132e-01
-1.780349612844835061e+00
3.751140690176545611e+00
6.346361445615051444e+00
1.496487683125073964e-01
-3.149458789882057630e+00
2.324758238017941903e+00
8.099975706037248813e+00
4.374437690317054539e+00
2.525638860056439228e+00
6.105295769816176943e-01
-3.645328464009899516e+00
2.353880081865958207e+00
3.275204332646961536e+00
5.270371709445276664e+00
4.425781059301325371e+00
-1.333210660973774275e-01
-6.822625756063597890e+00
4.030504063851800822e+00
