8.170644620396190660e+00
1.892201132246054796e+00
-4.850413797727412657e+00
1.589133817165780949e+00
2.025243209999870952e+00
8.943832386944375656e+00
-4.955146027149603505e+00
3.763419797722421745e+00
1.558241999297426683e-01
4.174906328861838212e-02
1.458954762181138509e+00
1.283952726220071616e+00
1.515229247374821675e+00
9.740918317967627971e+00
5.111633077962361327e+00
1.612758990420340988e-01
4.875455427680637221e+00
3.740920321352990463e+00
-3.649719863230157291e+00
-4.647355980917722840e-01
1.586351187664126305e+00
5.392633940833849948e+00
6.198965329414843239e+00
-6.712451648568222851e+00
4.323538198591348802e+00
1.885864236621563439e+00
2.905432784399781809e+00
4.903614408940169866e+00
2.428337239801420910e+00
7.167326559211804948e+00
7.366665292970685286e+00
2.204336621433176102e-01
-3.554579451431723047e-01
3.816256389193887877e+00
6.989932238982160762e+00
1.185619627618569538e+00
1.427999159380136440e+00
-4.348153732096349255e-01
-1.975135295554196091e+00
-1.102018027693352220e-02
