1.680421696057497138e+00
7.034547212295247043e+00
1.613926864713515430e+00
4.510865315118689267e+00
7.195441279299369164e+00
-4.079092157669222729e+00
2.319754725750883484e+00
-1.415058492209965824e+00
1.117219444938298700e+01
1.823585137589887717e+00
-2.249734796762856703e+00
4.818013560654765826e+00
5.414211770732402229e+00
2.123103121830208551e+00
2.431602715727265274e+00
-2.016501860686223946e+00
-1.549757354845326285e+00
6.763945033517174465e+00
2.673963417041129276e+00
5.088999660547235404e-01
3.934122735735140708e+00
3.678911844185924984e+00
4.637287439560703106e+00
3.601469384616369673e+00
2.065750342477668422e+00
-4.117920611202873005e+00
-4.731621824230216156e+00
-1.551576118698940743e+00
4.982175823057163555e+00
6.616084829723709149e+00
-4.068309264614852871e+00
6.825950705663583751e-01
3.200607921150934843e+00
6.154611101413051344e+00
1.118532231955241318e+00
-2.397397624184688603e+00
-1.145795291571034991e+00
9.850260614905918644e+00
-3.286629464563869174e+00
9.688413414703946902e-01
