-2.876129070658564935e+00
-3.675163291821747613e+00
-6.104912363574195311e-01
9.806334531243695807e+00
7.320714555489741926e+00
2.492818901639796803e+00
9.953720980224578518e-01
6.440995010450867753e+00
5.922954285802974894e+00
3.059280607333215496e+00
3.422904148904837740e+00
-2.301395091034337259e+00
-3.952020446710809320e+00
-2.422294195513152282e+00
4.513477882412652242e+00
7.075171587135702822e+00
8.489495162360261027e-01
1.712691977076236549e+00
5.586154136258643987e+00
3.880513954545760313e+00
-3.785970481194595560e+00
-1.158290661359745455e+00
-1.953911591691288807e+00
9.521602999334845663e+00
2.656281134595215754e+00
3.462414950755421383e+00
7.635957616252103008e+00
1.841091358998984795e+00
-8.960692837281161172e-01
3.771434578273035410e+00
1.058854458559541278e+01
3.749862352383210418e+00
4.034122448573032926e+00
7.212790703011363824e+00
-3.451099910759063860e+00
-4.975460551017396038e-01
-2.129228796441724914e+00
1.171468307587935076e+00
4.197581447644774144e+00
7.761557605249357117e+00
