1.828155723755843010e+00
4.814746144552135565e-01
-2.347774752437857160e+00
1.056499122851211858e+01
3.369024516121546409e+00
-5.794352383754333147e+00
1.092687669672997908e+00
1.082404357936936901e-01
1.781272352910837853e+00
5.226484251895650246e+00
8.581283104994273714e+00
-4.295959423105870201e+00
3.176434704004130971e+00
4.364489440696719846e+00
-2.834357055743297327e+00
2.119123384865496895e+00
4.039709269858661855e+00
6.330880571638874521e+00
3.717320628188668152e+00
-4.523571845495238719e+00
-9.069734727182163780e-01
3.829653199495565374e+00
1.603480304470339846e+00
8.995855450328539504e+00
7.271074065626869753e+00
-2.403080160948880550e-01
4.150497581559284832e+00
7.457915767668505946e-01
1.402938094672769198e+00
5.428389763219660935e+00
9.807101056031219954e-03
-2.909372857401688162e+00
8.491207689297582961e-01
6.014163396708872789e+00
6.840914979468081469e+00
9.363359929146074734e+00
4.733574434941017373e+00
-1.870517254307006327e+00
2.544669056759691017e+00
5.911058606896433254e-01
