-6.977171735293591359e-01
1.097514107742686384e+01
3.370190999080205363e-01
1.019694409392242762e-01
4.264830437532138419e+00
6.632708402351727983e-02
-9.849262234006017636e-02
5.944440707071911412e+00
8.168323260884196912e+00
-6.391778919188878527e-01
3.672731969935659979e+00
1.177462419154063467e+00
-1.173466305812892685e+00
-2.766523235469666275e+00
7.753852619364297816e+00
-2.120426936459618439e-02
1.285292245986057846e+00
1.872284286675897524e+00
4.194627051227073800e+00
6.523473123150578701e+00
-1.229836433633652693e+00
-3.941089130043152977e+00
-1.672363968177476679e+00
2.865249935963488426e+00
6.758213620621394746e+00
4.290626276821603025e-01
2.423737080314601222e+00
4.688606088003693273e+00
3.947335365752523195e+00
-4.215683640304382251e+00
3.723977081478185625e+00
5.733139485671652658e+00
4.420589864324350415e+00
-2.117838946501116482e+00
-3.396852079930857915e+00
1.142104992531643326e+00
2.521799966480870125e+00
7.228539561630385357e+00
9.334098056869031268e-01
8.556781195388168948e-01
