7.929912621095446923e+00
-2.355149798906148728e+00
-1.411582230203393573e+00
5.340813519872660287e-01
3.244418481139979438e+00
5.362923459096856860e+00
-1.778356510174944116e+00
2.989249873771563593e+00
7.059080365972924653e+00
2.682003890863575712e+00
-3.114083983471797712e+00
6.110245623232399836e-01
1.300913929132585078e+00
1.270501791186344764e+00
7.444118194669414379e+00
-3.192434854515789677e+00
-3.801361131449595199e+00
5.859000060829727685e-01
2.406783993127175503e+00
8.388666322951888077e+00
9.343896621721119455e-01
-1.959721792714824939e+00
4.266235146554321567e+00
7.861138127559674338e+00
3.021751384704282284e+00
3.370289418875782594e+00
1.123646302785826556e+00
-6.537499172289109595e-01
3.011830577854545332e+00
7.673507134818869702e+00
4.089602083029489243e+00
1.532158857292335918e+00
2.732470454614318811e+00
7.297695858173334216e+00
7.864675271004396784e+00
1.113705538739633738e+00
1.615220226521879576e+00
-3.025019263757460664e+00
2.097282169973276211e+00
6.681365948285241885e+00
