2.723424478962370721e-01
2.173436441816912978e+00
7.490206130161851661e+00
1.602300699440863951e+00
3.826562018111601127e-03
3.365381341187398956e+00
7.161911521827927452e+00
5.110728449581365851e+00
-2.107434550729339939e+00
-4.568619516557113513e+00
1.082008210948645521e+00
7.738885415831386894e+00
6.130558744347125000e+00
-3.366757487015230588e+00
-1.035568224470426513e+00
1.401686787111744437e-02
9.941423334303403081e-01
8.101457846566473719e+00
-2.557280592636032246e+00
4.329092213394207800e-01
-1.825216905176500148e+00
6.804296227656294604e-01
4.812156397165821886e+00
5.257477929256328508e+00
-4.894885669425057095e+00
9.987599953423462740e-01
3.521574876964525203e+00
5.054819295704662707e+00
8.271539209998641340e+00
-1.101655842083473225e+00
1.235118447517808971e+00
3.869967502170448270e+00
1.160982352265425988e+01
-1.882291929597645685e+00
-2.568495715535172863e+00
2.464600352982276199e+00
5.386805270230193621e+00
-1.010288980106789580e+00
5.752296643258576481e+00
2.942970898912297795e+00
