-6.374529658556104650e+00
-1.427936148033156050e+00
9.680087627724459409e+00
5.555146767119686579e+00
-4.001334294225795674e-01
7.434590551601717223e+00
4.371639555615237427e+00
7.200635536176043239e-01
6.345511551375432546e+00
1.336462710864737113e+00
-3.395918198693099299e+00
-5.985236792905956893e-02
9.704074865894565249e+00
-1.047822396294782354e+00
2.773259933627546303e+00
1.218643541902225680e+00
1.033139272678011311e+00
5.468519564895047758e+00
3.916591858599872467e+00
-2.864565244714113224e+00
4.738228119962490936e+00
6.849945874040405336e+00
-2.579991846952582879e+00
4.024075917165384375e+00
6.283799959147362557e+00
6.964209316994757870e+00
-1.463590744722123249e+00
-2.426697277907586159e+00
7.766260652773406825e-01
3.630076928536066561e+00
4.496309827404177284e+00
5.419354746961052349e+00
6.917915337040701829e+00
-4.334924392152923467e+00
4.437536454294807697e+00
1.343358563082831081e+00
-9.487600877019313206e-01
-2.321081086145242722e-01
5.537026326300957813e+00
2.307039184418998357e+00
