4.460902592702875147e+00
6.302723179352160088e+00
4.187883929086583912e+00
-1.167795478500276984e-01
-3.748414626657679882e+00
3.912110448722437184e+00
5.354092559571099308e+00
8.766541929463089744e-01
6.091502117003340544e+00
3.483028429273372417e+00
-2.588672082539238417e+00
4.956043637392581580e+00
5.546112512173231313e-01
9.482681702738010587e-02
5.318999873149000024e+00
9.732096091725491505e+00
-3.733411259158412321e+00
-2.289475965429977888e-01
2.265648795306298702e-01
7.761905108193287717e+00
-2.955126067176221394e-01
-1.379251383081143700e+00
1.943158637991213133e+00
8.316780018897748761e+00
-2.501265608129321638e+00
-4.466329211857927639e+00
-6.866144900698607501e-01
-2.433277877188838367e+00
2.142524103164594074e+00
2.728803586532654535e+00
-1.706745276137276113e+00
-6.335537579153416310e-01
8.184653574560989853e+00
-3.064777199024954601e+00
-1.949602184862585075e+00
-1.408026244510950375e+00
4.592418945829090937e+00
9.176190456351571711e+00
-2.388523132091358026e+00
2.938932121112511453e+00
