6.432621343002461245e+00
5.393321567063710242e-01
-5.312632170440354074e+00
2.257461842626751203e-01
4.944438045705654261e+00
2.650616813057485865e-01
1.084175834216438261e+00
-1.443494533557306614e+00
9.937333523570073268e+00
3.540633020366549477e+00
-2.049376153261576849e+00
1.844256509963850155e+00
2.725878775589453351e+00
3.594131789128151677e+00
1.276733609934983704e+01
3.709518686374310814e+00
8.842628625545918553e-01
4.872640133444418709e+00
-2.678144446420247515e+00
2.728451114754602003e-01
-4.560289284373354457e-01
3.880412858911556295e+00
5.125465904877652079e+00
-4.147318923116793066e+00
3.367761364490702736e+00
7.083325010364647234e-01
3.652125018292038394e+00
8.688756429589343355e+00
-4.747440502427540565e+00
5.218012993178597902e+00
8.819015514367539055e+00
-1.800656849187296071e+00
-2.163855140135193089e+00
1.433550660305177527e+00
3.240503742451208868e+00
4.473686688211224727e+00
3.268655435129884879e+00
-2.492216669240346683e+00
8.989166191927548955e-01
-1.916098729139591228e+00
