8.288651602078327407e-01
2.142354293333166293e+00
6.319290185512448588e+00
7.771810967867105902e+00
1.309095619486188911e+00
4.134682804781937726e+00
5.693837731740442720e+00
4.801330806838763898e+00
-2.485837356134636522e+00
-3.133389253254553974e+00
1.373375986025084927e+00
1.005305705563087626e+00
2.913367959006889496e+00
5.762945570208967361e+00
1.500855420437343879e+00
3.712914374184215660e+00
7.688857533798588051e+00
4.451230979169654711e-01
5.323575284356279802e+00
5.596607640442093690e+00
3.867433298847359424e+00
2.112395308012066764e+00
-4.369299936761579795e-01
-6.817249921124098222e+00
2.549172268607942105e+00
-6.668708302799530863e-01
2.463115856449224594e+00
8.976935444196396219e+00
1.441930730641681757e+00
3.213863391753776000e+00
3.430404168078323934e+00
3.538210237355702503e+00
8.155922874781978749e+00
2.722120842049223999e+00
-1.820734498316748606e+00
-3.413720861327531608e-01
2.007336702490653213e+00
1.032926504692850145e+01
1.427208062839926406e-01
-1.797568841811687523e-01
