7.736104950237737476e+00
-2.821544406966858265e-01
-2.466130720844108115e+00
-2.604381915706406314e-01
5.555307229819010928e+00
6.838755394821848910e+00
5.927982603565211672e-01
5.116494944571151393e+00
5.703879660301350185e+00
-6.949002932626757723e-01
1.806342084094101574e+00
6.405902359946182401e+00
6.027799984663990251e+00
7.398416740338947584e+00
-1.136669903063593612e+00
2.872663039798021067e+00
6.197044496348697251e+00
9.538531233620104466e-01
-1.307938905891319337e+00
1.503890425365170813e+00
5.325209242778807806e+00
5.801120496689920358e+00
1.420569632994513443e+00
-3.705269213783790594e+00
2.276896439635824443e+00
5.827524222277265409e+00
4.453042312309849038e+00
5.123446250670143698e+00
5.708112424523191564e+00
3.854385787995471269e+00
1.971105950244138594e+00
-4.613946817857314642e+00
6.787185953385179715e-01
2.854498722513991726e+00
8.626963850224781183e+00
-1.010486515020101894e+00
7.975878395563960055e-01
-1.769088036298796629e+00
-4.903145270873222605e-01
1.295668629185272869e-01
