1.013145726764556365e+01
5.366740410360559821e+00
2.140026503494096399e+00
3.809795243101679496e+00
-3.114240793833129572e+00
3.709700622173656370e+00
9.386332706279638671e+00
1.829597158554637781e+00
3.749994748463651995e+00
3.228039011298881711e+00
2.044272702631901584e-01
2.203704520662181920e+00
9.393618348722137412e+00
3.334270495074127538e+00
-3.248196285708265796e-01
4.117326529900169341e+00
6.400026858794553242e+00
1.550349715892237246e+00
-9.602523067136626844e-01
-1.764765148935564243e+00
8.469617153658611786e-01
5.223067095605979482e+00
5.229990814343429051e+00
9.881358161080244784e-02
-1.935127932326615507e+00
5.597023629192999783e-01
8.260836858700228547e+00
3.727184532380424464e+00
-1.600740270825454559e+00
2.830322851875751722e-01
3.571096128663768798e+00
-1.022673940929492042e+00
5.954617534476537299e-01
8.556810967428244652e+00
9.508238045880457179e-02
-4.969232540207235260e+00
-5.274994549250562326e-01
2.042635974270162524e+00
2.348277887546481590e+00
3.502431613472765992e+00
