-7.710241642809495533e-01
4.897623138931832543e+00
6.458395055101370907e+00
2.343292772847820338e+00
4.970169825451348444e+00
5.838005377063359091e+00
3.757911967286621802e-01
4.292339781835436519e+00
5.846800428417483708e+00
-7.160525980862145090e+00
1.456052655756655767e+00
-1.365655110614938161e+00
6.915599863217689602e+00
-8.335327626641538812e-01
-2.805257396639375678e+00
-4.728870513242207085e-01
8.576992228317083189e+00
3.526423166001983578e+00
-4.384649444150997333e+00
8.304531693043799567e-01
8.222255020022208427e+00
-4.199147154393479964e-01
-6.277478118768633486e-01
3.233294673102405925e-01
7.303111065423973258e+00
-1.216409898193485883e+00
-2.611352939721566901e+00
2.032055728156314078e+00
7.670374641905990387e+00
5.381406568123685119e+00
-1.091484352185486006e+00
2.480834004825726247e+00
-1.183611741222853952e+00
1.689752160401490677e+00
1.855613008386864937e+00
7.906553815482605607e+00
5.210438653536236586e+00
-3.162529165335127512e+00
-3.429115665892531695e+00
2.724515326388528447e+00
