6.587653630624797252e+00
1.967192867025663094e+00
3.677871818206047472e+00
3.778587605537258476e+00
-1.046489961923066092e+00
2.603069361163315332e+00
7.979943403979644856e+00
-3.042967092428214393e+00
2.905692085595415808e+00
9.583971891143832522e+00
7.604568877043843322e+00
-3.367089551312101303e-01
3.012876592632199646e+00
9.260283117350113224e-01
-4.129441534713136797e+00
-1.912081055333621382e+00
7.789229968223691181e+00
3.614064563449396861e+00
-4.749687924341371215e+00
5.744103284620869943e+00
1.843905274290546625e+00
1.511353939391547385e+00
6.209296222325882297e+00
6.998498212546074626e+00
-4.160174672340294366e-01
5.156773559265162454e+00
2.281238805795235525e+00
-3.281409348242023238e+00
2.704238813355209992e+00
7.997468808225017156e+00
4.014705730648284288e+00
-4.330768168058528822e+00
3.139305333134915443e+00
6.084705887587177564e+00
2.171027438652011643e+00
-3.440576780948141788e+00
2.879557253294129815e+00
5.253467253280912352e+00
7.039399330228117257e+00
8.011129898833338814e+00
