1.034082019103952099e+01
-3.952253128255414083e+00
-1.014644143795235820e-01
2.497933583241733757e+00
1.903752929479132661e+00
3.409519313980808874e+00
6.155814169243102540e+00
-3.619629409373404272e+00
1.750064285936962172e+00
3.155283542986291323e+00
1.205605640025283876e+01
-4.639609150952722638e-01
4.218641741621688146e-01
2.494831293173229270e+00
3.195566527811791069e+00
4.268615450260360156e+00
4.559997918061029942e+00
5.963870512964845716e+00
2.990124634972939788e+00
-3.432598191993347925e+00
2.484758168375203358e+00
4.022058520316580399e+00
9.522552249608441599e+00
-1.661928523305201466e+00
4.127635868744446768e+00
3.250327920137972448e+00
2.774614802500373401e+00
5.565233511184729309e+00
9.878605538130406094e-01
-1.316393475819082060e+00
8.708759240369500221e-01
3.814609101888208897e-01
8.733415601966443731e+00
3.099164224918279587e+00
-2.694164194303551252e+00
3.350388047091600319e-01
5.528355604955310199e+00
1.692159813929845491e+00
-6.131458867150407777e-01
3.987396257954043399e+00
