9.280489986487220122e+00
4.122435667484719346e+00
3.131349217991677314e+00
7.014075317201792892e+00
6.388218105463417729e+00
5.203904044337362977e-01
4.911855825586486368e-02
2.128113041615124601e+00
8.329906512964132759e+00
-4.451634932496372876e+00
-1.037291127956985193e+00
2.504977154218008373e+00
4.408265314695748671e+00
-2.848659268520138621e+00
-3.116828010795568815e+00
9.442007464462236044e+00
1.384362830665561317e+00
-6.792224906057586775e-01
1.296469577434721687e+00
9.104023662354599367e+00
5.583981613897331719e+00
-1.265293838425502360e+00
5.615366198172393020e+00
6.350946827469020839e+00
2.628706457873192015e+00
-4.433839380561476196e-01
-3.346440276032166539e-01
2.563304673296284530e+00
6.108107446139718455e+00
-2.303415531186135290e+00
1.349278569140652806e+00
5.176270280087341691e-02
-1.498470887981186994e+00
8.868604711649009431e+00
6.000187956294264602e+00
-6.080543315479342681e+00
4.525639305553926128e+00
1.095908060985376187e+00
2.985785607394048746e+00
2.110462558430511226e+00
