4.731265673312283759e+00
-3.983386328431259837e-01
4.949178826614308413e+00
6.148762882379431360e+00
-3.597978523981504750e+00
-9.541553194065814925e-01
-2.413439288072388500e+00
2.371205789889664572e+00
6.706911153916616186e+00
3.748237260560029593e+00
3.154094338511458928e-01
1.279048234170726328e+00
2.757825301112558081e-01
-5.850269660619771273e-01
5.988336558482242111e+00
8.867928983610674720e+00
-1.303554924807416082e+00
4.824596205322452924e+00
2.448177273494519302e+00
-2.626360592181988807e-01
8.857740759353126547e-01
5.843076984565010790e+00
-3.116444148926267754e+00
-7.704203133527729452e-01
3.978771339077515901e-01
2.595152929535365249e+00
7.939169945348355739e+00
8.623789877082399968e+00
1.874890538506102100e-02
8.287374103548605930e-01
6.271665290367096190e+00
1.703471281825663652e-02
-4.862847914271330452e-01
2.627379406575263587e+00
7.363818610503821915e+00
-2.510094695027398792e+00
-1.998546532712394130e-01
7.380754710193402346e-01
2.976395755431785695e+00
5.617944509901418471e+00
