5.787766648575414230e+00
-4.433203070722436578e+00
4.568590394328461812e+00
5.886311719461565062e+00
6.910579261176081012e+00
-1.135950316841141117e-01
-2.436523818226896232e+00
3.186735490961468020e+00
4.818835228376139312e+00
8.347498714348945414e-01
3.038296803118519573e+00
-1.366509579029318300e-01
-1.909439835243951666e+00
-5.863738476174186198e-01
3.612604139555876337e+00
1.136727761562270800e+01
-1.558128841149436949e+00
1.373661715515767101e+00
9.377749088218003681e-01
-1.502651799603837324e+00
-9.859330637485060889e-01
9.903503018674177483e+00
1.759634285757283756e+00
-3.076583748456324763e+00
-5.151722129760534230e-01
1.664605694364031274e+00
4.632611452706956179e+00
8.568892679416201474e+00
2.727487905011852121e+00
2.812261370002935301e+00
6.182538950536955014e+00
1.919743385326188712e+00
-3.384078009569843726e+00
2.949133036177564726e-01
6.668173717904454456e+00
3.707254289511495049e+00
-2.488369990877338012e+00
-3.589834521862790284e-01
3.934360131878440470e-01
3.244941235556936920e+00
