-3.333471637719122027e-01
9.041860074769898503e-01
4.679580464299123221e+00
-1.150855186971566635e-01
-4.482883509237727271e-01
3.058104396263016667e-01
9.059337120839661139e+00
2.884222596017865792e-02
-3.600957949985354567e+00
-1.540148254803258787e+00
1.138848476959453127e-01
4.284351700920353778e+00
7.411601915231094573e+00
-1.092944158492851647e+00
-3.672380630438898397e+00
-1.976021008782309352e-01
-7.500471595151140258e-01
2.305381524408085525e+00
8.443117064984289044e+00
-6.398679015235295697e-01
5.343554273137780086e+00
9.462028449647238659e+00
3.928776158379355010e+00
3.519997682562867602e+00
5.025791452860994823e+00
-4.559974108889002231e+00
2.336560992839415096e+00
-4.241478565522925903e-01
-4.996319267781885176e-01
1.226830535496179486e+00
9.206635203822559177e+00
3.543004415559295239e+00
4.742254680639949704e+00
3.408533798421257366e+00
-3.576757014697987014e+00
9.482187231581911124e-01
4.095464291106988064e+00
8.042962186394364110e+00
-2.944711712504118228e+00
-1.878915288613763446e+00
