7.313330879207577517e+00
1.224024828154789635e+00
-1.804924553043274038e+00
2.393254621744200783e+00
5.105449411298990547e+00
9.064147875707525559e-01
-3.085676653668187441e+00
-9.382481541665074198e-01
2.384486323543398179e+00
5.648844658283853626e+00
5.038640274078312942e+00
-1.698816409275666794e+00
5.521097689399715236e+00
3.870184817404747513e+00
3.064229312154713725e+00
1.619755519233753827e+00
-2.030730197931793324e+00
-2.093868075068445300e+00
8.270071575978558798e+00
6.239239734104156554e+00
-1.171483513188457670e-01
5.060332868561433273e+00
-1.181988041694978842e+00
-1.382480666945642700e-01
-2.160296213696828005e+00
4.642242699578364551e+00
8.732845635182933108e+00
3.451414108628146238e+00
2.631559658449275307e+00
1.528644784349537655e+00
-1.131600444458122023e+00
3.271549416398840560e+00
9.314755514509068135e+00
4.190972226601152428e+00
2.535776569710100681e+00
2.087334963288012268e+00
-3.829665547111360091e+00
2.610855747335978805e+00
6.302998274607072293e-01
1.477771503578731105e+00
