4.669478560362408714e+00
5.752566234125263911e+00
-4.753601933633056831e+00
-1.394802679782161769e+00
-5.289503838201439212e-01
3.953324067313642942e+00
3.552430282329846367e+00
-1.234352082490937530e+00
5.283806780654167312e+00
4.726687535851451294e+00
2.604639202125457409e+00
6.370831483320747779e+00
8.033662437157873981e+00
1.475031645735392249e+00
3.928322542878039947e-01
4.853663441857479555e+00
8.789656913377944747e+00
1.428479475161627432e+00
2.672645313766814024e+00
4.224052965086197098e+00
6.303269420985071481e-01
3.147390471392611300e+00
-1.329315950635988619e+00
-2.712306306999576755e-01
2.294276782995830821e+00
8.364857434779834122e+00
6.965596364612400393e+00
-4.802694036805684519e+00
1.992859570710221906e+00
5.621807788611496548e+00
5.243109219055744674e+00
-1.918644098004668841e+00
-9.578670351637257330e-01
-6.038853058073979652e-01
3.362459932789989558e-01
1.965374588765031572e+00
3.405018160317893727e+00
8.602522342521343290e+00
9.067690819892154641e-01
2.398818438103618611e+00
