-4.105999021683233607e+00
9.422638450865987725e-01
-2.173941071319049900e+00
-6.092947734203338905e-01
6.238061420426614490e+00
-1.216959630435072492e+00
-3.886604502412380313e+00
-1.728892776449138857e+00
6.173964547931062086e+00
6.069928565928118580e+00
-2.620622974729929222e+00
2.954212654119479087e+00
2.227241733515122224e+00
2.225670729861069397e+00
5.010977063763536243e+00
8.332752418911095305e+00
-1.759014048116930073e+00
-5.347719571778250192e+00
1.048826545833643653e+00
4.898935424152345064e+00
5.345404061697327514e+00
-3.607421306722105925e+00
2.881435444166795534e+00
3.345627197357488480e+00
1.159073009174989188e+01
4.678614262781952249e+00
1.578675615670886989e-01
6.019897384747648239e+00
2.230290421024311076e+00
5.040813878635169720e-01
5.728700214735330531e-01
-1.411259513028553458e+00
-2.356868970855013679e+00
6.644102665604741276e+00
5.400764201368889239e+00
3.111765144058989296e+00
4.086910287847103973e+00
3.164311418255905561e+00
4.689747201853894154e+00
6.603867368590768727e+00
