4.748393392777947142e+00
-2.749019224915467241e+00
2.635566387656846477e+00
7.383638571246487814e+00
3.005399003776610733e+00
-1.099238886788219904e+00
2.498292289507735742e+00
2.527285706607560023e+00
2.927025496084426859e+00
3.136814099208381723e+00
1.775827977885525266e+00
4.951905201414324331e+00
6.194495405761291096e+00
4.649380368178982259e+00
2.253156800648905111e+00
1.084889670672186224e+00
-4.770211503507058026e+00
-1.012334318818901124e+00
2.161096303633990967e+00
2.531414622712436113e+00
8.598130093199499058e+00
-2.480807670470617232e+00
1.149916313035596493e+00
3.419072088776753837e+00
4.705914147538909020e+00
1.913527310344945720e+00
2.803864159247198007e+00
5.915695583914780009e+00
-1.029486051031058391e+00
-7.728833743508045639e-01
-9.786993180298153572e-01
9.235227199695339451e+00
3.125544215639153300e+00
-3.744893607188097828e+00
6.636853331568670633e+00
5.864893960214938140e+00
-1.606516341735269027e+00
1.932809935610026564e+00
4.386816366486304020e+00
8.844017814368493546e+00
