2.205285130339930788e+00
2.070853005244646106e+00
7.873071020683628518e+00
-1.723803036414714551e+00
2.894924490195200928e-01
5.427785645774963363e+00
2.986940382288384654e+00
-5.250139402878188477e+00
1.887432933935245805e+00
4.129864163535041044e+00
2.369740291529766285e+00
5.160878453928359200e+00
-5.089842615903245715e+00
3.174067777877924712e-01
-1.146536560473976119e+00
5.506547079007044765e+00
8.135166606514671273e+00
-2.266542424523567689e+00
1.152500111681991068e+00
5.158446175180990245e+00
3.810793049901858964e+00
1.199300946831866055e+00
3.487861450507850236e+00
-8.681937024784458501e-02
6.084118865354833927e-01
-1.645845965268208699e+00
7.591998593930369132e+00
1.106158831914797247e+00
-5.246717160092232213e+00
3.748453658462154170e-01
2.829909183046581678e+00
6.424789973582359259e+00
-3.346636732326728758e+00
1.607174375041384273e+00
-1.917378198875459905e+00
2.086738591606875914e+00
9.929587150784012550e+00
2.018051566679734510e+00
3.089967504478872584e+00
1.982521048617749582e+00
