-3.000153880177045984e+00
-4.092461461708722936e+00
1.332713663329906595e+00
8.445151092292497719e-01
6.882828647921225063e+00
-7.606568441378973588e-01
-6.117421174392125849e+00
2.414253041785783538e-01
5.778225723065565589e+00
8.504713457250044684e+00
-4.158870127569853636e+00
5.108427690179301095e+00
2.289881863283349528e+00
1.591994188271612654e+00
3.646247752688534405e+00
8.526583677766943481e+00
2.846237534115545031e+00
-5.971344022502851345e+00
2.245507146042428293e+00
5.255214051627491223e+00
6.473561312152853020e+00
-1.877733767047908842e+00
8.282136272800990628e-01
3.103895072972666647e+00
1.150410407869673968e+01
4.604140777458226808e+00
3.363563856347911329e+00
6.643699567952891627e+00
2.771923782288741922e+00
-1.533803375233788735e-02
-9.331223909243975267e-01
-1.862829193735345612e+00
2.504552436220448541e-01
6.085973581728927329e+00
5.346279060789185245e+00
2.232455077265953935e+00
4.120420208816534924e+00
8.613499333685997739e-01
4.890967639338331452e+00
7.261861572006250931e+00
