8.310529171350095723e+00
-6.195732388907253529e+00
4.985838918421384491e+00
-7.108726270477322418e-01
4.315485735133345102e+00
8.887686457851202704e+00
3.042681315512546281e+00
4.653076532868865023e+00
3.616662618204341761e+00
1.748538408399817445e+00
6.002171056725372544e+00
6.341669872824332366e+00
-5.215799354415143974e+00
-3.555484038784646472e-01
3.526157815625926339e+00
2.066304766302077933e+00
8.552079878255941514e-02
1.318161457660321778e+00
1.089059970664187915e+00
6.623118412385430531e+00
5.449723900846615621e+00
-3.346148829411693448e+00
1.794827939599293876e+00
6.072382723383793923e+00
-7.786548212648150002e-01
1.660341773808946098e+00
5.974799118910844697e+00
3.757512358749631964e+00
-6.154246605347069021e-02
4.182747365995021838e+00
7.305019721108266140e+00
-2.410624447196092479e-01
3.907458777161125330e+00
6.207174680934691047e+00
5.661570080250866610e+00
4.553348619372425077e+00
-3.743953570762156957e+00
2.078783559347313403e+00
1.315038876243179944e+00
5.233154782647713610e+00
