4.307894525570473476e+00
3.204639070709534909e+00
4.373218912538484382e+00
-8.367644351916422307e-01
2.964559673758254021e+00
4.850000221054776794e+00
7.973515223930608187e+00
-2.662965856192450520e+00
2.746525169805682953e+00
1.134565495514522127e+00
1.327296880523065159e+00
5.759650186137822203e+00
1.528790457382269707e+00
-3.858172711688575340e+00
2.492129010178583126e+00
3.343678576866800700e+00
1.939741388309290659e+00
5.170207795269085693e+00
6.028628556555325702e+00
9.935905711025866394e-01
7.091493476604588508e+00
1.172429797947698482e+01
-1.187877458483284077e-01
9.283508088030800742e-02
2.453343885815272962e+00
-2.052132442769541765e+00
4.750980077898945275e+00
3.196843366450796253e+00
-4.679357185889552184e-01
3.558423406276866263e+00
1.039025445781997803e+01
3.464674288598472263e+00
-1.522764034360939878e+00
1.968000513178263633e+00
-1.966856198785625232e+00
-7.161540264702770386e-02
7.947898495887919523e+00
1.467679632858676975e+00
-5.068252284764485971e+00
1.287132360026907341e+00
