1.552879461495570990e+00
-2.769223447973228502e+00
-2.184244988972165125e+00
8.621850616016696334e-01
3.148316749588960572e+00
8.688853347915063807e+00
2.112787655525976582e+00
3.670951643865214997e+00
9.694300819796133339e+00
9.074124495265827761e+00
-2.779568404830697226e+00
3.161254139528554941e+00
5.596530948902325164e+00
5.919057462097874200e-01
1.442378439187402606e+00
-3.952738809095615036e-01
1.539647784329578606e+00
5.843970603309769807e+00
4.681416911093111644e+00
4.525481903396935124e+00
-7.258024637096973652e-01
4.527663035599797325e+00
2.149068052004856177e+00
-9.928714104398173035e-01
2.714738972245915427e+00
4.322991657484664962e+00
3.620186211203077153e+00
-2.923599536661895204e+00
2.891758734365314609e+00
5.311710248906820198e+00
4.246183143491860434e+00
-2.523247638366607148e+00
2.309557612247526759e+00
4.240191163094808147e+00
7.545886830762549735e+00
-2.380791671932347420e+00
7.973997056363411051e-01
2.488315237564081794e+00
6.166406735724549115e+00
4.299939174261122155e+00
