7.454264464737985207e-01
1.393695854010742696e+00
5.416930292985671080e-01
4.712195040454300710e+00
8.860769811454124678e+00
2.910070374091086265e+00
4.316550434220141064e+00
7.801442100773239297e+00
3.403341758245147730e+00
7.597712915914597076e+00
9.590638811790556773e+00
3.159064055301671337e-01
5.073195393561473310e+00
4.353886698772920560e+00
-4.364361741537289952e+00
2.599698800195008985e+00
1.716815769305107375e+00
4.509248685187228212e+00
7.608029948360838901e+00
7.972739341977517213e+00
2.080363253575002069e+00
-8.134685545321301836e-01
-1.674763033597716611e+00
3.108600915297961564e-01
2.829735246639109914e+00
1.138780978118054499e+01
2.077285475779278023e+00
4.791524897410313955e+00
8.025794799956722514e+00
5.100630215489644570e+00
4.455943334250209276e+00
4.576423996888621559e+00
-5.855221043343412646e+00
1.334050740031325955e+00
1.957288160424899948e+00
5.395363857776549033e+00
4.642530522466634668e-01
3.400734529791159311e+00
6.970674591381560425e+00
-3.192940029737045826e+00
