-3.398965271891600803e+00
-2.399804450301054048e-01
5.007558081056215471e+00
-1.022349002641817606e+00
-3.211799146214865175e+00
2.297209575662185532e+00
8.318056607616393094e+00
6.123344056434510740e+00
-8.566001520970567551e-02
-3.292923433119768539e+00
3.079444718509585233e-01
1.406285046997469479e+00
4.203495731443477545e+00
8.350179848468886945e+00
9.522627513839304614e-01
-4.910752573719681990e+00
-2.515794726377307278e-01
5.495854522436371070e+00
4.625829334461469600e+00
-6.503417902975325848e-01
2.917253480834209878e+00
8.608473450948247674e+00
1.903384265223524441e+00
4.360649525705558638e+00
6.354948915216249716e+00
3.551144051610075181e+00
-1.403408439356069959e+00
-4.499640519060222665e+00
-9.360458872753423254e-01
2.797963038464976737e+00
7.197149037300130558e+00
-1.703064312522739154e+00
3.627823289987496480e+00
8.113599329352563672e+00
-1.239651616000810197e+00
8.456808364692314228e-03
7.940610402627668041e-01
7.367664181222982833e+00
5.341850281412374279e+00
-7.367325026602182803e-01
