2.049715807933115919e+00
-4.396540546379736014e+00
2.039887371000742355e+00
3.722778791570934498e+00
5.456495319966201407e+00
-3.437260100999522727e+00
1.493432912646178279e+00
1.910216340721423434e+00
4.815707167521313004e+00
5.700169988062366855e+00
-1.571633354309854624e+00
-7.819792122849672511e-02
4.156370457169574095e+00
5.573697827030080987e+00
-4.055161674553131590e+00
4.975267271282315384e-01
1.170041162166547188e+00
-1.544000948303570819e+00
4.262564123133913085e+00
9.735654457959622476e+00
7.785321500815611806e-01
5.257554252301350317e+00
6.882150616719127090e-01
-2.518095349096400870e-01
1.758218290949356444e+00
5.178460830885908805e+00
1.068535928567086835e+01
-1.617818785132190351e+00
1.727778980841058631e+00
2.587944575011397852e+00
5.035747444319085275e-01
7.404873081742627150e+00
8.074644929018445438e+00
-1.144601590557117854e+00
3.155015101144486689e+00
1.699843968119420623e+00
-5.638232430068899070e-01
1.565195691248503440e+00
5.353066476330817558e+00
5.751620350571450935e+00
