7.025340496974783022e+00
-6.496087597295812088e-01
-2.987545332295022060e+00
5.952001017233319313e-01
4.454965059603269495e+00
1.832506901592673709e-01
1.894743980594312704e+00
3.127173420842283669e+00
8.698452690662493936e+00
-6.212239429186394712e-01
-2.339941505459794957e+00
3.097784131630955340e+00
5.074562910919720338e+00
8.855260026150157060e+00
1.127982361832376768e+01
-1.542697161974683429e+00
-1.003916389436914636e-01
5.170956353804371908e+00
-2.684058682541436092e+00
1.355536179543453956e+00
2.265712538323129799e+00
4.139094910440520358e+00
4.614772858648243492e+00
-2.119983295237089838e+00
4.940533289216262780e+00
3.625698261804844336e+00
5.235078258262426232e+00
5.687255072337170425e+00
-3.137967460595883384e+00
2.039195180263958740e+00
6.830234872784268774e+00
-4.573460223482372022e+00
1.805195349220849899e+00
1.172475694220732390e+00
2.661795437280562560e+00
5.717362111574747274e+00
1.129935543030045286e+00
-3.982175825510406053e+00
3.513922831026896176e+00
-5.528732232357360665e-01
