-8.972479411477118916e-01
-3.673061209118625214e+00
-3.717386764857997239e+00
7.284995182314485618e+00
6.008127567899146371e+00
1.632886018748462842e+00
3.800735008314318542e+00
2.660426254228566378e+00
3.752249970632264731e+00
6.692055874138922889e+00
5.867151747378734905e-01
3.862424980627060744e+00
-2.048734339865444731e+00
2.626302054016795284e-01
9.659229859483117409e+00
8.161343696983777818e+00
4.146973361719227036e+00
2.055065839467513200e+00
-1.741551654481599432e+00
2.514786408769107862e+00
4.211709539352192166e+00
9.598520675234047062e+00
4.829748181549371466e+00
-2.218754535186604926e+00
6.459741952304820956e+00
3.995882357809313223e+00
-1.223916872253546062e+00
3.656746793675961449e+00
4.113527947936269413e+00
4.013680752094750837e+00
5.500475122529296712e+00
3.135662362945509596e+00
-2.291255556598950527e+00
1.594026374553467962e+00
1.792446376035145450e+00
7.194930223365355815e+00
3.267610051285567696e-01
-7.697035535098530890e-01
-2.942572956003718931e-01
4.796259620701374793e+00
