8.823170969451279433e+00
2.541882655299071203e+00
4.746967239258697013e+00
5.082378734322757552e+00
-2.266783874049595582e+00
2.092151236250650914e+00
9.063124240306386525e+00
-2.638869840841003622e+00
-1.520120553632872684e-01
4.603968488690330929e+00
8.445260434691224560e+00
1.265248722262313219e+00
3.839895557675657933e+00
1.668480675830017690e+00
-2.852990986194834377e+00
3.289860025198656501e+00
9.742318118110354419e+00
7.203378515812044469e+00
4.196103660105681699e-01
2.313753602168026891e-01
-2.828418087473219877e+00
-2.779820763238067816e-01
5.195569795824247272e+00
8.357788894780611599e+00
-3.111909041580060986e-01
4.877250656062231293e+00
4.917221906490413019e+00
-2.631068495876373259e+00
1.853340973909368916e+00
2.803862069739536889e+00
6.585956122213200814e+00
1.616082262391881574e+00
1.159219380573271341e+00
6.958636338589089476e+00
6.780977159844276514e+00
-2.408324043475678522e+00
-6.176845296353679071e-01
3.046241953190049756e+00
6.289865875227783620e-01
3.529214459090026956e+00
