1.645761157880708314e+00
-2.560708286760868369e+00
-3.328685106124930293e+00
1.041836689292743090e+00
1.051182949559877677e+01
-1.297293522751662431e-01
4.849398768344187260e+00
3.625208470369540414e+00
7.248263770129281802e+00
-3.700833070989373308e-01
2.158668786320031785e+00
1.168964095958813232e+00
5.927043262972824245e+00
4.738988047568219564e+00
-3.145005216348435439e+00
3.078971425859349687e+00
8.037873322357391714e+00
-6.431321978580113452e-01
-3.133033448865182535e+00
1.037316615100400519e+00
3.684390228058491257e+00
6.634117421274640769e+00
-2.358401149595504009e-01
5.820388452505795840e+00
6.951708582786309876e+00
-3.487018175882572901e+00
6.108100095875098390e+00
4.583132316299693088e+00
1.839108398309651227e+00
6.781001839612321724e+00
1.800379148691393150e+00
-2.223397088459615034e+00
2.584314539661308752e-01
3.622314081909796535e-01
1.081374561225760367e+00
5.364593327085403374e+00
-7.503868766701490278e-01
2.574639438595015761e+00
8.062476769267053811e+00
-6.789322053730528772e-01
