5.809649902510286346e+00
4.931378585283884286e-01
3.754982883060734578e-01
1.721724187046196120e+00
1.041277685847590107e+01
8.128210057130006660e+00
7.399799970676506078e-01
5.793069809371452550e+00
1.430008768217716275e+00
-1.258232385653516250e+00
2.205076429917532721e+00
8.926627673789724327e+00
-1.796930620087755948e+00
-2.185150665854334040e+00
9.695458322965353481e-01
2.800296061878642107e-01
5.994320177053396037e+00
6.025811873924792339e-01
2.221836463129311046e+00
3.692166152710281146e+00
5.760832915287064537e+00
6.179841078446113301e+00
2.411617521624689342e-01
6.674864054430914351e+00
9.451905142485179212e+00
3.344641261977467028e+00
9.082976866897620738e+00
6.900091156094548595e+00
1.751258999564585528e-01
4.006034966517037610e+00
-2.144711395111685626e+00
2.194512477447015941e-01
1.173877280175054549e+00
5.431451536692108562e+00
6.498938419237341613e+00
3.343521624327821851e+00
2.681910373707652617e+00
4.714439695285150833e+00
4.673565125493046146e+00
6.997376244268741496e-01
