5.826171613153240614e+00
7.624875823781751549e+00
-2.029237174128320831e+00
-1.485869124714298106e+00
2.066228714117233523e+00
3.063827679724081321e+00
4.744997621772645502e+00
1.737704803768578499e+00
-5.242329398766379711e+00
2.407673599110848439e+00
7.452241989128025601e+00
5.667587276660252193e+00
-3.585684838419496590e+00
6.887464558408731286e-01
7.497547177457680512e+00
4.292717493765163539e+00
-1.190496313973566700e+00
1.063532722893240967e+00
6.658949931442183612e+00
2.272255895818731108e-01
7.254905736433640007e-01
3.842126572809795970e+00
5.239362590075795190e+00
-3.072875360834233849e+00
-3.222072865447751511e-01
3.884860064348337971e+00
1.446617066031374854e+00
1.654083889533058516e+00
1.773184087677788678e+00
1.007555397743669623e+01
-5.410739656800074293e-01
-1.177917833879857046e+00
-6.616749303893567635e-01
-3.699542520229684439e-01
-2.857949441253035960e-01
1.487579575404950338e+00
4.627533765830214918e+00
1.074659169054631391e+01
5.959629015451202161e-01
2.011748207408429412e+00
