-5.206931060949869794e-01
7.077060730143038825e-01
6.105645784219380090e+00
8.198563523161881417e-01
2.044233494208697044e-02
2.700440711054714171e+00
4.083481982623627715e+00
5.287465867983974555e+00
3.180535695970645005e+00
-5.594428462491708665e+00
2.750367882561128408e+00
5.049278708637835678e+00
6.918230815727232752e+00
7.665523505921925107e+00
1.437517557453249051e+00
-1.376770799575840698e+00
3.863266054604877819e+00
7.591274468348051307e+00
-2.345370667021282607e-01
2.960941198980640010e-01
-2.397115842880038095e+00
1.537193450489598101e+00
1.910609813547977431e+00
5.685595785078019659e+00
-2.243296663059918039e+00
8.738036647975988558e-01
3.465324886450686925e+00
3.122029269598399104e+00
8.878483142525254834e+00
4.384567687439902883e+00
-3.682272222398270678e-01
3.103410503812064736e+00
9.195159785342676528e+00
8.120133624023541330e+00
-1.042540941987523340e+00
3.943114773319471578e+00
4.642142372100938275e+00
-3.647512315359333623e+00
4.722971861186824327e+00
-3.456706133406507453e-01
