5.065298172348184025e+00
5.108532480271966492e+00
4.525646232706260541e+00
7.662091423005410462e-01
-2.379939702644628507e+00
2.873352724252488777e+00
5.203445085880214371e+00
3.752568193406332853e+00
-2.228696051981614801e+00
5.104671943937626466e-01
-3.788357533231115681e+00
5.371013031518243608e+00
2.383809180905479330e+00
9.504530990840940330e-01
-1.496907125477739076e+00
4.737519409206488064e+00
4.547580234727876203e+00
-4.559113138710521262e+00
-1.376566602285955954e+00
6.736063364087564231e+00
3.284089481788422304e+00
1.345739829407857635e-02
1.198828671396925838e+00
8.108812919676285702e+00
3.408443412154869900e+00
3.517479992556252544e+00
6.294610998075898856e+00
5.259680756715036765e+00
4.442570776683496980e+00
1.575715099165651001e+00
4.179538240943635685e+00
6.398860122266206041e+00
3.508564342410025905e+00
-5.464834133363616342e-01
-3.844578331150796391e+00
-7.240658908211319300e-01
5.746749897334217039e+00
1.324163335338883662e+01
1.624824919631301379e+00
-5.818819129416334945e-01
