8.940443386544671966e-02
2.906352709627627373e+00
2.083800815682224972e+00
4.249805414554023386e+00
-3.206899662086893699e+00
1.780674107997564537e+00
4.406245385527626901e+00
5.093160108539308339e+00
-4.763587979186099552e+00
-7.094718283448417928e-01
-4.948212445736339671e-01
2.765050988526090325e+00
6.307554681155016496e+00
-3.535818412328274318e-01
8.703263462169485987e-02
4.127346225352451548e+00
1.119933178512136074e+01
4.048566865541553206e+00
6.456949379525733779e-01
2.321842790322377059e+00
-1.026407781550563891e+00
1.933145873293662831e+00
8.610667073195930499e+00
5.071484783434838661e+00
1.541393172365573605e+00
-3.703710533809461691e-01
-3.365208133101555088e+00
6.554820277241490967e-01
4.978982586461993876e+00
1.015492868086459488e+01
-4.173639028618423730e+00
1.623845113799951001e-01
1.119187929671869197e+00
2.280091424868757599e-02
4.591113333065867330e+00
4.309857257651488638e+00
-2.193275129968867088e+00
-6.469304345123272348e-03
8.270095051410732978e+00
-1.304960993999479957e-01
