6.080315071235137481e+00
-1.492390430882169217e-02
-6.256555783951665894e+00
1.392138654902504324e+00
2.527559476664927196e+00
8.275823907479486152e+00
4.794811110471753679e+00
-8.646745298180682493e-01
-2.665810749950374703e-01
7.375220723974247328e-01
3.041477867648047617e+00
9.530004425378129085e+00
-1.031689629891092697e+00
2.958767275539427644e+00
3.969721579221642926e+00
6.300441878933217943e+00
3.832847549111170204e-01
-2.745154068473379283e+00
2.272500799117618264e+00
7.377559941806238974e+00
6.545590036454525418e+00
4.058206887724832512e+00
-3.143794860253220080e-01
4.299541192613765439e+00
3.163064298800049023e+00
-2.369073928999318179e-01
3.453482366369166723e+00
7.375249911812325365e+00
-3.691812502361476067e+00
-3.949173497244218289e+00
-1.073262430335190309e+00
4.150640937066327751e+00
7.871178183966059727e+00
2.196942912137019643e+00
3.136689281591893419e+00
-1.187256567635145199e+00
-7.926504834924569254e-01
3.867282475033297473e+00
6.082052600887863036e+00
7.453327088773482600e+00
