7.645980389434858360e+00
-6.522663975964891669e+00
8.230644978398510281e-01
8.513443060377998695e-01
4.926944692617722055e+00
5.144314228133287870e+00
3.269912184998907012e+00
3.006797696692038446e-01
7.951454561466670512e+00
8.860242898045944671e+00
2.493705278902601741e+00
2.817466019085881790e+00
1.118881611383420349e+00
-6.047394369791552204e-01
-4.606890719067555651e-01
1.086286052587591300e+01
2.239739900877006029e+00
-5.108665608802093416e+00
3.071797418307483429e+00
6.210017886302971135e+00
7.666590491029094956e-01
1.538422494274609864e+00
2.912565674691614870e+00
1.103841876742100547e+00
5.218801785321256936e+00
5.961383868186737267e+00
-6.209782461182624225e+00
2.490910259329956578e+00
-2.138830526839689217e+00
6.253156500635755677e+00
3.533284513876339128e-01
-3.600783232080492002e+00
3.983720990315156918e+00
5.825857908022424425e+00
5.207341214162935827e+00
5.971697823864325905e+00
6.115054083697639697e+00
-2.176503461002504913e+00
-7.302285520927527251e-01
-1.453148298452393128e+00
