-9.275041460643419500e-01
-2.520167720696552038e+00
1.999229488275075628e+00
5.426594635685385803e+00
-2.218080449248155617e+00
1.877164570070937177e-01
7.975572895739249546e+00
1.603168527341480409e+00
-1.946526408815122622e+00
5.486415068276690121e+00
6.871945556469412963e+00
2.648623074910828823e+00
5.526345124280155119e+00
1.201266329439698355e+00
-4.616912150453095443e+00
1.441838823628747157e-01
4.343581735267539656e+00
8.815009776440732026e+00
1.551137841182234300e+00
-6.281044737292599045e+00
-2.026859870880749759e-01
4.370041200668261183e+00
1.341089951525635149e+00
3.621923405044424449e+00
7.548450210771704860e+00
2.395036052388573200e+00
-6.084526916929082319e+00
1.167168267980303487e+00
1.138955162171684776e+01
5.080093180473552295e+00
-9.919023627243894747e-01
3.293417065105048724e+00
4.820890704804261517e+00
4.721584049215969969e+00
8.478910874430640732e-01
9.933858329380184093e-01
-1.519177706333381117e-01
7.991677541832338250e+00
-1.570661943647265524e+00
1.010124236922816943e+00
