5.830181910179567772e+00
3.391579192842046897e+00
3.744330526422778860e+00
-3.201601932500493408e+00
-6.475575131662085759e-01
-3.366493828827580304e-01
5.232609287675341392e+00
8.393240166972054439e+00
-4.546237381466622374e+00
2.936814715841828960e+00
3.072064854989500660e+00
8.332072571556471630e+00
2.332717196687674299e+00
-2.407762423219162340e+00
7.103534602238586793e+00
1.722638950655364320e+00
-1.997080594578385160e+00
1.004545146579072901e+00
4.865327215368568048e+00
-1.278977999669866250e+00
-8.844965676984110070e-01
3.572102728702023278e+00
8.563162031129076368e+00
3.080476949938407150e-01
-3.782816825126449789e+00
4.921132590754704772e+00
-8.815447901175074152e-01
-1.453980633018215896e-01
1.497556673645753067e+00
8.164091291611766721e+00
4.328265854512137523e+00
-2.085047925309158501e+00
-3.807834736144069865e+00
-1.322556332107993615e+00
1.133918351272096059e+00
7.667239009880115752e-01
2.959688645714670052e+00
9.521850025385413474e+00
5.053005657818857799e+00
3.678618528360491968e+00
