-1.778989159387212249e+00
-2.740582820958684440e+00
-1.042261728365335705e+00
1.060905369435234391e+01
3.731086358318020935e+00
1.274402614000352818e-01
-1.037136216120610355e+00
-1.479791005073935128e+00
1.324193035937160534e+00
6.031776824145762106e+00
1.207311332279482485e+01
-1.217673410699871561e-01
1.373237334709128898e+00
5.406932840557633568e+00
-5.234983124445407476e+00
1.109696847795587304e+00
4.974300273833756059e-01
5.735661032954846306e+00
5.138297899804038948e+00
8.133781801332646832e-01
-3.623573186236106913e+00
-3.176654797646016881e-02
-4.671312062144533650e-01
9.128713233942665539e+00
7.774260159003365978e+00
4.054090117941019145e+00
5.492750823863671528e+00
-1.836317934513127526e-01
2.069148022872147941e+00
5.357719644167101336e+00
1.119108039771935292e+00
-4.704071841455945702e+00
2.271665295237862647e+00
4.138921497209938849e+00
2.375548564322222056e+00
6.476581372809455672e+00
9.123586743365763141e+00
1.258159470788433598e+00
3.134568038713347882e-02
-1.907444228571398614e+00
