1.689037383877671772e-01
1.789291604251749823e-02
4.789416624810301393e+00
3.546791340188677921e+00
-5.866383866189724294e+00
6.719064077983407657e+00
4.738095854605694157e+00
3.363289132508989976e+00
1.074802890839605141e+01
-5.359978593517695789e-01
-1.481204900751720288e+00
2.279916088142007080e+00
1.655837216429848047e+00
3.754621450551185902e+00
6.162281717333731201e+00
1.125703856997617658e+00
-3.114383493902560751e+00
4.120546116698222683e+00
5.454088893681138472e+00
8.807999439153887389e-01
1.609979832032419900e+00
5.720891171961374866e+00
-2.487442787762491392e+00
3.728872129881310116e+00
5.047219002090893802e+00
5.979014246981942726e+00
7.825906362815065798e+00
-3.037091135478971360e+00
-2.615004529434831859e+00
1.169350807903772216e+00
7.051066732098531631e+00
-2.614854910860561432e+00
3.051363052404021836e+00
5.193404659775436194e+00
5.232899284942780227e+00
-2.730675712524785137e+00
2.956990615225663088e+00
5.130244910112648604e+00
3.184081152681636162e+00
7.071955078036277875e+00
