-4.358879685083985933e+00
-3.423522073261399346e+00
4.904042507471580770e+00
5.360190825742889409e+00
-3.187884705724511214e+00
5.411941248644566826e+00
8.919935004715382476e+00
5.395416190446718829e+00
7.279128389218592066e-01
1.103198373501403484e+00
4.614350288373594289e+00
9.944882062392000677e+00
1.996286859603472408e+00
2.469782572521832531e-01
2.754820573973866260e+00
4.718296549840285792e+00
6.223870732057019239e+00
1.310968814510383940e+00
3.972700122663797462e+00
6.024309610115821556e+00
-1.295641327087935224e+00
-6.218194259169278482e-01
4.362789436746234983e-01
3.331419307713297417e+00
3.453921992255937212e+00
4.625708926368099938e+00
5.273483265970896561e+00
-3.018595039918133160e+00
4.319597155757577411e-01
-8.201282863986734117e-01
1.073675593223138769e+00
4.905189371413112731e+00
5.509969034783184227e+00
-4.586510100038681870e+00
1.180417871117684259e+00
2.950908270734994510e+00
5.789319599270559280e+00
5.197198894661115842e-01
7.465209797761907851e+00
8.125827285762861063e-01
