-8.242941608958186395e-01
1.956057711611107197e-01
-5.071806530972881255e+00
-2.335000996622564884e+00
9.701954550265410759e+00
4.802817828061526129e+00
4.719535804396789658e+00
6.489488724847672252e+00
5.800649695545358142e+00
2.157042781246612861e+00
9.536349115180571268e-01
4.255870201751327464e+00
2.450572322404937609e+00
1.586731456118430916e+00
1.135780262698277987e+01
1.448432593120214884e+00
-2.988346970836923688e+00
4.493216483839596265e+00
4.206537749506248147e+00
4.424166730900362055e+00
8.030150293082295221e+00
3.433849992797030293e+00
-5.852018497550453446e+00
1.590948853964900378e+00
5.965155436024033975e+00
3.747268308760010491e+00
-1.367641897902621029e+00
4.150282843663012144e+00
8.263005838782170542e+00
2.037118730044531034e+00
3.321869953820194343e+00
1.036884291276735759e+00
-2.289918943428619347e+00
4.604230693856039558e-01
5.414042076503744916e+00
6.895111592214274054e+00
-4.614695297511263838e+00
3.761473448975126921e+00
3.627395953935606432e+00
5.833914580180149301e+00
