1.750584288464005933e+00
3.081825107398087349e-01
2.422370852001106023e+00
5.918827493488712399e+00
-4.477184596924226767e+00
1.426946016445620247e+00
7.146240180957522448e+00
-2.691270053835819631e+00
-1.127431955073168846e+00
4.059500653981551466e+00
7.308861671330883603e+00
4.675887901010779224e+00
1.727803675201954547e+00
-2.245632112836522420e+00
-1.835973641253586752e+00
-4.169117887160568303e-01
3.707392841367227465e+00
6.763266054714361708e+00
-6.392764931957093388e+00
1.484589677452275158e-01
-9.994379866693425818e-01
1.963416829340391301e+00
6.913879996244963522e+00
5.548334573161875838e+00
3.252902155927945405e+00
-4.731464991902263328e+00
4.920073461096661771e-01
-4.046736923717650924e+00
1.066242912860606573e+01
5.741545029181628124e+00
-1.926394563478707855e+00
3.659135165202254125e+00
6.178910899674336044e+00
4.327215851178211281e+00
-9.516732386097488394e-01
7.200516546712402155e-01
5.023968504488417253e+00
7.748428133599333911e+00
-3.237922483971491516e-01
3.377278512472770444e+00
