3.747628789543125283e+00
-2.770026195600657992e+00
3.662738835641871304e+00
7.201355859122930525e+00
-2.134244568057977354e+00
-6.223932321729152228e+00
-4.742135720999928195e-01
2.902448682698708815e+00
5.633533294612391273e+00
2.290472406491352420e+00
4.573806810087129193e+00
-1.464945608501344587e+00
-5.211892846615810981e-01
-2.290160369672975538e-01
3.896976061849120931e+00
1.001800760832516346e+01
-3.896376256857495335e+00
3.212138638354861353e+00
2.275213087333142870e+00
2.688904013316233410e-01
1.944722694582469380e+00
8.428971163338502492e+00
-1.157037537370374292e+00
-3.180607370121540711e+00
-9.141127952964720471e-01
2.893325583812755397e+00
3.811988313239201620e+00
1.041926428195701781e+01
-2.648387264328183610e-01
1.713871589285921759e+00
7.838723279760419160e+00
-1.151712090049998860e-01
5.440000282475419002e-01
1.302254423228649260e+00
8.622937006858826692e+00
-9.608472343208495081e-01
-2.033042230769373404e+00
1.556721267197071157e+00
2.871301145192284299e-01
6.575604269003916258e+00
