-4.638938351390855530e+00
-2.328144159927706180e+00
6.356546693549773863e+00
7.769982650478980624e+00
-4.776611650641140017e+00
4.930400489532066999e+00
7.913934246715609078e+00
6.443523810799470120e+00
4.634250994541538660e+00
8.553754071922072821e-01
7.134981168748414149e+00
8.463880924946005635e+00
6.320684383017347585e+00
4.144081607643912979e-01
-2.595153019079908807e-01
4.245828347910570955e+00
6.236505431780024367e+00
8.709529299993701290e-02
3.317438574167338672e+00
3.083590313056582932e+00
2.022654919916588856e+00
1.509887532670453059e-01
2.374472701365642813e+00
2.654616915576807568e+00
8.449665024894175147e-01
4.423177052880584270e+00
8.102183165038166379e+00
-2.310322330052098749e+00
1.528306387444163361e+00
-9.798673201622565276e-01
1.656318588158641525e+00
4.995822951552613134e+00
8.092268453575465870e+00
-1.193054391974785577e+00
4.343216185903298054e-01
4.199714287238046850e+00
4.197436760112220000e+00
1.988090767473189358e+00
6.449309171673241359e+00
2.102779418086248686e+00
