6.572184001985942103e+00
-2.274757039494199051e-01
3.869082212637280804e+00
7.675610718062639282e-02
-8.345910027481678872e-01
-8.009746212595880710e-02
3.633101835413826919e+00
1.115010909545944884e+01
2.983413767182852006e-02
2.128782533564806734e+00
-1.192793220136814103e-01
-1.748653898771689974e+00
-9.095156623394839990e-02
6.773078154794074379e+00
3.458020343400505681e+00
2.983679491822247343e+00
4.348929187975056010e+00
-1.809733023673279151e+00
3.580733755445301147e-01
2.921659401839737491e+00
8.737153273416636168e+00
-2.024583787056204898e+00
1.501388207299659827e+00
7.296278867986029093e-01
9.043693974441597838e-01
2.440186597831539572e+00
2.492132325397451886e+00
6.480566209094877017e+00
4.082834892451483455e-01
-2.881732931205077453e+00
4.521254853142605334e+00
9.346188129888053808e+00
3.345026610184406834e+00
-2.165564754167845773e+00
1.651443258782094303e-01
5.271752146131855277e+00
4.761820873218155725e+00
-6.034235753105221534e+00
2.499140686858471128e+00
7.698903476721580041e+00
