5.817385059722122165e+00
5.041270368131029578e+00
3.369379071439269069e+00
1.031540054915507598e+00
-2.290478616026950132e+00
1.134624462499918662e+00
-7.361592082333154874e-01
3.078565318869639356e+00
1.274965761901227568e+00
-3.863135149291942572e+00
-2.899087735907929897e+00
4.304537637968616437e+00
-1.878442751075016792e-01
-4.051851197629900092e+00
-2.310228671241064013e+00
4.334692732120335457e+00
8.905894555664062295e+00
-2.687079172360506973e+00
5.456474003320364474e+00
6.346461057501595615e-01
3.896605085581032579e+00
3.113979937591264679e+00
1.037334143219680982e+00
2.779848794753625896e+00
6.829052686007408113e+00
3.691691008050562939e+00
-4.361463841474577663e-01
7.036410411195995529e+00
4.473757298529288384e+00
4.164772153275022593e-01
3.157612851363222006e+00
7.959962516647966169e+00
1.355903788656278863e-01
-3.189424208993937526e+00
-3.303959127001226959e-01
1.780668510298804019e-01
3.738618689811074702e+00
7.733839748847819884e+00
-1.403480834545707268e+00
4.768191452035924094e+00
