-2.236255274477823463e+00
-7.642755543604068391e-01
7.817554711807336076e+00
-1.305171903140930345e-01
4.856071237608045266e+00
6.207730834889928495e-01
5.639431343234795335e+00
8.945391270917623316e+00
4.166894806663767326e-01
4.348200909321716656e-01
4.605009571777076260e+00
2.055284987698607235e+00
-1.959489017239873121e+00
5.541025677687379414e+00
5.515150312735462634e+00
4.822965677186642708e+00
9.136065859813857770e+00
-3.635855726935300680e+00
2.246518559218748656e-01
5.736782887247293239e+00
8.194758715881595990e+00
1.438612445612921231e+00
4.448508402253779082e-01
5.324407658691173495e+00
6.847819019322116674e-01
-1.387856168335067419e+00
1.533892742195515524e+00
7.502855496622079734e+00
-1.595753862394080791e+00
-3.310898560138165525e+00
-9.829625242159696352e-01
6.614750986836937408e+00
5.678410119904435227e+00
-2.556911461842952704e+00
3.463131971098480477e+00
9.199437708642001610e+00
3.528185960392018927e+00
-3.069724436816621882e+00
4.118840582881175827e+00
2.991528895051598802e+00
