8.031348624046255935e+00
9.780090012579609748e+00
5.160403245698401697e+00
-1.418795053298609776e+00
2.802608804750171601e+00
4.529887494349872590e+00
4.397813662318614369e+00
4.682351833365725469e+00
8.124418517412812513e-02
-2.335734649245758909e+00
2.150435495223770310e+00
8.095877568536787194e+00
-2.204224310089696992e+00
-2.732228583319184168e+00
1.329913070432671374e+00
4.728929048040908079e+00
6.322122693991914844e+00
-3.862115744582899080e+00
2.398615880724040306e+00
-1.424511458589493351e+00
6.069378016482430027e+00
6.626161891764192013e+00
8.648950294347854673e-01
1.401918931998244799e+00
7.020611184421653661e+00
-2.434362985428721871e+00
2.831719311083690460e+00
4.303560925685100180e+00
7.429957502905867983e+00
-4.591857047884351672e+00
3.211871910574512490e-01
4.639971407830089767e+00
5.534900715178183717e+00
2.280218824291295299e+00
4.308012620545809135e+00
4.239453848297407568e-01
-3.382870161981273771e+00
4.360369819749416287e+00
9.138109993872787218e-01
1.753183365035960284e+00
