9.513621618661066037e+00
2.809183835253860728e+00
7.005485718066030820e+00
7.950750222133197376e+00
1.905919900590428817e+00
2.917798956408342193e+00
1.611954716925120268e+00
-2.035321575836916086e+00
2.942733491229123644e-01
7.854779707027825353e+00
1.915717461583787307e+00
-2.159443470013730160e+00
-1.257248053120751385e-01
4.991845790411704176e-01
1.366367694444866387e+00
6.458927712318164538e+00
1.558596608812743867e+00
2.039686555896458309e+00
5.490801589886150635e-01
-1.007680502474275763e-01
4.929942787163311912e+00
9.330269335548759813e+00
-3.361854044591095825e+00
5.037042585118048921e-01
-4.149632710572003447e+00
6.297238664950299825e-01
8.046174911519518247e+00
-6.443002352607996031e-02
1.521485953653245460e-02
6.423592602009389196e-01
6.699920808628156088e+00
-8.134138252969788097e-01
-2.803360031066178260e-01
8.868288956906913434e-01
7.344351349894270520e+00
6.375835024060414469e+00
4.342426971510896516e-01
1.014627914621847593e-01
-6.760323305977280484e-01
7.334747390190248240e-01
