-9.001094238718310159e-03
-1.383863980851141262e+00
-1.979460112689760409e-01
3.642818059263775332e+00
1.179368831007865026e+01
-1.858873264958927241e+00
-9.926733234895094293e-01
8.495289403829053843e-01
4.726138356019296438e+00
1.028667229194723909e+01
2.466540803834375239e+00
-1.553642829768896227e+00
1.922328859952529889e+00
-2.979021910748458790e+00
1.539627866121144439e+00
6.819476853911041303e+00
2.197800152165211962e+00
-1.382409500935440905e+00
3.887896249573404184e+00
6.990568923411935920e+00
2.618772997323547180e+00
4.241203080893892086e+00
-1.935744305597250969e+00
3.430943958424103046e-01
1.438300669738134641e+00
3.375430313830477758e+00
1.272678645388553464e+00
-5.760659135234772243e+00
4.190854131819533812e+00
1.502515296839187497e-01
3.064142724538508222e+00
8.115908136046073196e+00
-7.386540891185426894e-01
-3.481796530782548249e-01
1.873592577158912365e-01
3.642597967916022750e+00
1.063517383870790134e+01
5.396483759168792638e+00
-5.131244010032348868e+00
-1.671915309075618694e+00
