4.651633908288304475e+00
-1.230995475491834856e+00
-1.106337035337576991e+00
5.858922497050515155e+00
4.539055759583962235e+00
-9.445949863106802846e-01
-2.377485036025164700e+00
-3.579523816121554791e-01
-2.244875627667055173e+00
3.419848818803686630e+00
3.500778121730454551e+00
-2.913909085677921063e+00
5.910041227900604710e+00
7.096410176447184304e-01
-8.163568446595081962e-01
6.291346613418043354e+00
5.199539788137445662e+00
-6.009111518821177000e+00
2.180640506944624413e+00
-1.536143866098977073e-01
-2.324084589991433525e+00
6.743468903299552508e+00
-1.614655335613601972e+00
-4.117110666130948005e+00
2.974865029275560957e+00
4.051142473920215092e-01
7.131515947464504013e-01
3.258502495504927765e+00
1.071600320526859385e+01
3.613522769742906871e+00
-2.823027035145424968e+00
2.868093721157311204e+00
6.402336117564652263e+00
5.504630372556531093e+00
6.759380206772474864e+00
9.592080474675896973e-01
-5.203718467673020598e+00
1.117872988093250530e+00
2.305041352387422915e+00
7.468276679495185810e+00
