1.904644595859833700e+00
-1.136922184878522257e+00
1.141956294479444800e+00
7.811044733294056464e+00
-1.233501421012631605e+00
2.079051224651285779e+00
1.052609859227976408e+01
5.459930874619769448e-01
2.224390640290796917e+00
2.995300000506177618e+00
9.135901762294723838e+00
-5.143657246828275964e-01
-4.560690798267591717e+00
1.513443722491372156e-01
4.268627200123363608e+00
8.466321313464229448e+00
1.920634913088569373e+00
2.005777150777890983e-01
5.548131876598870527e+00
2.710894265094761391e+00
-2.161628992201868105e+00
7.225035212602519685e-01
4.849734984995253129e+00
5.030969134936754905e+00
5.376138057508218715e+00
7.419876208623595870e-01
-1.104273733796020451e+00
-1.291995912944526648e+00
1.484864739185305371e+00
5.043965515840422853e+00
4.935250769265814519e+00
3.106426952344046644e+00
-3.653441932836255290e+00
-1.626563060773386526e+00
-8.858511006503776430e-01
4.899894941110278346e+00
7.363322792056568922e+00
-1.597324600737013212e+00
3.030118710107041924e+00
-2.147061840602934701e+00
