-4.469563292776040697e+00
-3.337445522878864868e+00
1.073727933900414122e+01
3.897146696546763156e+00
1.656170949554721439e+00
7.804528036868427776e+00
9.970075978402306305e-01
-1.325068082838785299e+00
7.415557394163764471e+00
2.429588670770269854e+00
-2.740705829368504709e+00
1.198850382356602573e+00
8.010128267890817000e+00
-9.734192806806527543e-01
1.115470339642021136e+00
3.288365125932410926e-01
2.260338199991235086e+00
5.550403677276017689e+00
3.425115087634834410e+00
-3.157041249506678859e+00
3.362685478410158968e+00
8.187101342092248046e+00
-2.337703246873181762e+00
1.241010130593695582e+00
3.895791164145038454e+00
7.252972668122608546e+00
3.338309434645307938e+00
-5.325985360835630900e+00
6.850325830370525892e+00
2.963901714980968549e+00
1.502636259899919446e+00
3.562046684102235794e+00
9.736567870967451910e+00
-5.808209074730048549e+00
3.545333227232503326e+00
3.686039872459485167e+00
7.273289784849267248e-01
2.430504441254750514e-01
4.251872440774850048e+00
3.625447718219472648e+00
