7.773226001684728104e+00
1.867182731268521412e+00
-4.179465336848664059e+00
1.521301873527980186e+00
5.906123201907788278e+00
4.767077748178748742e+00
-2.801715763621201116e+00
5.056673840297191136e-01
1.260601804773723078e+00
9.280531876439331640e+00
1.334833256792470557e+00
8.128642568365331833e-01
-4.368037671987111459e+00
-6.676136581102297685e-01
9.647134491156770242e-01
4.089992679489030003e+00
1.101703995188368168e+01
1.345699189650183314e+00
-3.330972140833604378e+00
2.866029419131379541e+00
8.471190545364803981e+00
1.947135450844988402e-01
-2.397395844789671937e+00
3.592720466010947522e+00
8.706810204693667288e+00
1.094144571163645052e+00
6.044085383917184195e+00
4.766610370025951227e+00
1.168235891792198444e+00
4.001132135782465404e+00
2.296576529182490223e+00
-2.421726644926947891e+00
2.521638426446694670e+00
7.072677114459746228e+00
4.152990028313081616e+00
3.164937432989414212e+00
7.625500113741058961e+00
-1.962374011248006589e+00
3.124373527232770620e+00
4.579589141544730069e+00
