7.714407445270710095e-01
2.868755479335940439e+00
7.612471167200977717e+00
7.962342170538458497e+00
1.605193639151998308e+00
4.308972186655655179e+00
1.047265869599613097e+01
-1.405343022708810841e+00
5.549102419944908604e+00
5.267429201685340345e+00
-4.129288106360324839e+00
-6.201792476966248024e-01
3.419437940019345312e-01
4.462339242036550857e+00
7.392217112132443368e+00
-2.794056206309266877e+00
-5.578015369490307851e-01
6.497025688174554170e-02
8.195605189536866675e+00
1.484582724448388458e+00
2.617441095366467074e+00
5.413703280547050412e+00
8.950981116070403587e+00
-3.108070079136089792e+00
-1.647363780005218103e+00
7.717424581453545818e-01
1.325018631932652458e+00
5.661615974913833949e-01
3.862319494985345880e+00
7.362277505255663712e+00
-2.445953386007782449e+00
1.915661117731580765e+00
-2.379996943628166495e-01
3.120874015030130177e+00
5.293117619655104633e+00
8.066851181708045715e+00
2.809931858626605994e+00
-2.000771580653424753e+00
7.030162438068582986e+00
8.912380165321465597e+00
