-2.964440609099124879e-01
1.158287016474306164e+01
4.446523929101856787e+00
2.633769318801963522e+00
3.306121450179582144e+00
-9.292731549525048429e-01
2.848844890447279177e+00
8.055272262193023280e+00
6.838282365277562391e+00
2.950190527302225529e+00
-2.993391275056572098e+00
3.921914017329925173e+00
4.377801743917891564e+00
6.385407608706866966e+00
5.766327741912680160e+00
-4.502524587977954074e-01
-3.332818445624839754e+00
1.755617787649173200e+00
9.288806813934696871e-01
1.421584923156584468e+00
3.359223209134901911e+00
5.263193621720342108e+00
5.003751796364132032e-01
-2.544015824834263029e+00
2.245679604415815156e+00
2.642314012862697403e+00
8.863027125479005619e+00
4.807335796298160879e+00
-1.929271202229231985e+00
3.818086124175369633e+00
1.135057541030671802e+00
3.577302987764287678e+00
5.750774112278151051e+00
4.073170498408950624e-01
-5.215187146241969884e+00
2.991421848371456527e+00
4.820470718139395316e+00
3.585085403333037490e+00
-2.929493384739119688e-01
-4.656729393633310288e+00
