-1.868543591098877243e+00
2.348671600203839027e+00
6.103742557892549492e+00
-3.277300209441488477e+00
2.375360780415133988e+00
2.038901319513279020e+00
3.590703021096198988e+00
7.994786920985120560e+00
8.438067162418873224e+00
4.858245120362766123e+00
5.540827767289432160e+00
2.003751337018482293e+00
4.616469805507239954e+00
3.159465580955552078e+00
3.240364502100374633e+00
2.893748640840749786e+00
-1.640802390768296704e+00
2.545483631674642311e+00
5.594306828661042452e+00
8.083231730679155902e+00
-3.627962609923118809e+00
4.029262702399343254e+00
1.959038485460693035e+00
4.035968356276542934e+00
8.527914775377851697e+00
-6.568143288413719194e-02
-5.148814669277411937e+00
3.469768126021322452e+00
3.970682590916959631e-01
-6.430176418374275449e-03
-7.452569739944345795e-01
7.248502665136418166e+00
-4.500294826043201024e-02
-3.594087888533337161e+00
-1.895134573709463366e+00
2.488518744510547442e+00
3.285762797084962106e+00
3.110893590100042960e+00
4.573860616197175766e+00
1.540869691596176594e+00
