4.286286941368182113e+00
1.503069648281081250e+00
3.781041253872265528e+00
4.231684140393751292e+00
-3.380666513712445642e+00
6.369613803582050426e-01
3.793769763368966430e+00
5.086878144090904108e+00
7.831892012009697979e-01
-4.281267430061921786e+00
-2.267594090074623647e+00
6.828367972237105121e+00
-2.829691748332826551e-01
2.640828042342399318e+00
-3.309706944343600021e+00
2.679701594134414222e+00
2.731784216500909857e+00
-3.466808225805221078e+00
-7.273505851415624779e-01
9.652938715624609145e+00
1.518667303898268983e+00
-4.710195757791315607e-01
3.054207884706666043e+00
1.127401654637770179e+01
3.623248411274528014e+00
3.018871236676900605e+00
4.714990070440980396e+00
6.087051008173536282e+00
5.962279885383043876e+00
2.803412306399316378e+00
2.944886628495622105e+00
4.147639046577920041e+00
7.323457064367570268e+00
2.255099536677298122e+00
-3.008851139755524429e+00
9.582702082698253410e-01
3.896905711613585677e+00
1.272045013818186199e+01
6.301393110491025240e+00
1.782278874991899187e+00
