1.870360297362475999e+00
2.928413310346954290e+00
3.656546518145783686e+00
6.909702354271415103e+00
8.282421389348925800e+00
2.593870806398954176e+00
1.204634598459051187e-01
-7.775923632656632778e-01
1.166177702407900529e+00
3.954013805954767591e+00
7.418483024215744237e+00
2.176793957653851308e+00
4.247943043358803017e+00
3.930121034354508325e+00
4.271344313688902439e+00
6.170358426175739375e+00
-2.648003575997663450e+00
-5.911522339027463602e+00
-1.717450367856213855e+00
8.649093365699147995e+00
8.674718824626108660e-01
-6.579739642737143512e+00
4.381228204521129044e+00
4.889113992945207099e-01
1.422296345454143740e+00
3.029738378934045961e-01
1.863830691153153918e+00
7.031160504283207935e+00
8.428142380791918242e+00
-1.563751036073586898e+00
5.806568723971517798e+00
4.448088896832547157e+00
3.404949384566678283e+00
5.691321873486448801e+00
3.248675232060924678e+00
-4.137767489859669467e+00
1.348404013926184364e+00
-2.780621896439636309e+00
9.225801438918704633e+00
7.661416184503432980e+00
