7.229048586295219181e+00
-3.881822883657625400e+00
1.167935785243685576e+00
8.924255166992002941e+00
3.416141117668050509e+00
9.554442082660971058e-01
4.361490614720347381e+00
3.261324805554774997e+00
-1.882032042005752137e+00
3.259072618987495229e+00
1.220194078843214669e+01
-2.433596416548310160e+00
2.651681362603961922e+00
1.903625167183104150e+00
4.845350092861373525e+00
7.417212644602012794e+00
6.386693824092977145e-01
1.149990440793344781e+00
1.083332508214571721e-01
4.946010689836942698e-01
-1.229927622155347455e+00
4.969882418434135474e+00
8.964454944288902993e+00
-1.062510600886742429e+00
5.151590983779231969e+00
4.369707956672752580e+00
3.008052245025651494e+00
4.775686530814946096e+00
6.236903613491612930e+00
-9.116965593920239863e-01
-2.779427718679506887e-01
2.367730534665250630e+00
1.068749542685989340e+01
4.628028534509693870e+00
4.166646626916475249e+00
7.714195239482410926e+00
-5.089909035692494754e+00
-8.364255302000228598e-02
-4.332632449905760019e-01
5.288337364776936056e+00
