7.271580825888163346e+00
-5.513176074712542452e+00
3.137171981168347834e+00
5.967006657591114482e+00
6.563406728892632991e+00
1.121022792906135379e+00
5.045491547545791100e+00
3.606583825990257175e+00
-3.046771137041379696e+00
2.583268305951390786e+00
1.069537857115125057e+01
1.458432254579185905e+00
4.983912819728174015e-01
-1.179460359644952439e+00
3.938926850803580848e+00
5.663719138910269457e+00
2.832005950695683172e+00
3.273313845741307571e+00
-1.691943672514407915e+00
-6.645087816520778290e-02
7.310239226357784226e-01
9.851108291490328739e+00
4.556399113105717547e+00
4.298191026166740536e-01
4.949766412123730142e+00
3.747740275685331302e+00
2.274083601851848435e+00
4.269582456766043421e+00
3.961587409729532272e+00
2.402794009657196472e+00
2.711331728928168538e-01
3.467151339928787657e+00
8.611324549805559059e+00
4.569134427510492258e-01
3.154350922368036159e+00
9.501205273347938629e+00
5.252364118990043629e+00
2.249342776343548067e-01
-1.825345374011367316e-01
1.840849752818598972e+00
