1.772415316031654031e+00
8.900758629218311624e-01
4.585411506632603995e+00
8.847865911125049720e+00
-5.587356100156639194e+00
-7.195535451692141038e-01
-1.782876477011990035e+00
1.261914604106195714e-02
6.725905464616556806e+00
6.801667871732474779e+00
1.554823419497520343e+00
-9.435242746335454900e-01
-3.827937990553915260e+00
4.069150439271845832e-01
6.211745494169157666e+00
3.155597934289351869e+00
4.507845176361175987e+00
1.266188190952504677e-01
-1.120097792434676665e-02
3.130561457145253357e+00
3.536836506873077823e+00
-2.322837621643554673e+00
7.830850625945431354e-01
4.133914708626796219e+00
5.630944184632189042e+00
9.423181393554187490e-01
-7.843012489154386202e+00
2.034358500480394905e-01
5.512674353128248050e+00
4.665052544840639470e+00
-1.240810010771552285e+00
2.980936700678606499e+00
6.987134926110778466e+00
6.686849575476961682e+00
5.803892214854816656e-01
-2.059875538783624727e+00
3.154402164016099963e+00
9.296711364800657407e+00
3.356435577180659102e+00
2.864696091728732075e+00
