5.220091242217388405e+00
3.245355563884952055e+00
2.047457598893887454e+00
-2.167511628454692030e+00
1.840847880897873989e-01
2.158238410854973477e-01
4.907368582944494406e+00
3.688004026027321025e+00
-2.286059932445860809e+00
3.136043531303157383e+00
6.191437178534030750e+00
8.867572635290683181e+00
-6.390417814274603758e-01
1.129574489071694110e-02
7.717583552496352084e+00
2.929506150685248667e+00
-3.771598145165355298e+00
-7.769671656459569142e-01
5.875897795190470063e+00
2.585906529982988644e-01
-1.307931153675162772e+00
2.550176025612731934e+00
7.530149117085077393e+00
-2.112918203063953282e+00
-1.667354409128233073e+00
3.675862114599498298e+00
-1.342375635781258847e+00
-1.839806731160198883e+00
1.970476685055590149e+00
9.113069853762471695e+00
2.552415055550276257e+00
-2.710434194097750993e+00
-2.750093756807514556e+00
-6.801935867190573859e-01
1.270930213874833237e-01
1.621706738565059869e+00
3.845343787780121314e+00
1.018564314066598619e+01
2.573534414046550367e+00
7.921810681080683203e-01
