5.625375637367262094e+00
7.047669800011520991e+00
-4.483280212355873928e+00
3.462100709560095524e+00
6.218077149290611727e-01
1.766039285816594084e+00
8.664769132411924701e+00
-7.998663597652150514e+00
8.191250739573685546e-01
-2.710213097334676746e+00
3.220757098123247175e+00
7.740716815262530304e+00
4.324728542909896944e-01
2.642783411529046500e+00
1.259577345037913521e+00
3.950587121813687874e-01
1.827295363102561687e+00
6.244573317937690327e+00
2.093623239598227048e+00
-5.254780857520747084e+00
-1.458537983474223809e+00
-9.210258240108035732e-01
5.734692681526129654e+00
9.443134953308282675e+00
-4.238548022348381572e+00
2.490377194126767613e+00
7.777593452846549127e+00
2.742805923370262633e+00
3.227429176600790761e+00
3.913691124594016912e+00
-1.640305848029580904e+00
-3.775128820527439810e+00
2.756511132865290037e+00
3.691403776159460914e+00
5.524369187360334443e+00
5.006072003923934588e+00
-3.429464976857494185e-01
4.990509135910593308e+00
8.706454692245872096e+00
4.794242811685382577e+00
