7.032107423312199401e+00
-4.442189110176125055e+00
1.991574842671507861e+00
-9.969414586946634405e-01
6.951076551549720151e+00
4.543789215666826031e+00
-1.029904785575106008e+00
6.654107787402197438e+00
7.440468902584307820e+00
-1.082044156422386827e+00
4.125604317415120015e+00
6.084955467329637102e+00
2.494812149911049382e+00
-2.220165683217143027e+00
3.050253992661718705e+00
6.414804834161687452e+00
6.356307461271605952e+00
3.933178558395552304e+00
-2.923994792863298997e+00
-1.058501624501129168e-01
5.249863313532993070e-01
-1.146848730613613920e+00
1.466513322373198314e+00
2.238699462940293206e+00
6.567889527957245122e+00
1.068686476050643375e+00
-2.604513263013271906e+00
4.632053405170371008e+00
3.676531959450516140e+00
4.490435228542875024e+00
5.045686901860550577e+00
-2.062081780993593738e-02
5.963129902488326195e+00
6.545987000664169386e+00
2.339292670676039521e+00
3.483716096256895156e+00
1.850817479268823673e+00
-3.871620236038197937e+00
1.272489348508940354e+00
6.619636663115840314e+00
