-5.252729245299441185e-01
7.181012896303509141e-01
5.474900977182829642e+00
3.824790944484570687e-01
9.372154127097078735e-01
9.216076709370745190e-01
-6.979703693364741612e-02
4.119240844572288118e+00
1.016559386038974466e+01
3.182716212410801049e+00
2.411422649896873605e+00
1.377055794605902328e+00
-1.150510211117673487e+00
4.953187593945517442e+00
8.706568054157388659e+00
-1.626107969991562818e+00
4.156610567346330498e+00
2.428992727123379325e+00
3.155916483685336171e+00
5.617085744663476099e+00
-5.246954157605547842e+00
-1.050921157579465914e+00
1.594444332965201383e+00
3.488744957158363746e+00
3.008712759505723255e+00
-1.808916176386695884e+00
-1.539560026252516645e+00
-1.413751986330833876e+00
9.023524221892740727e+00
-1.486175936055334157e+00
1.266050489616431962e+00
-2.139298802646404929e-01
5.442612930484099998e+00
1.132293850111635436e+01
3.863779697285986359e+00
4.595624915473660366e+00
8.464785120573084853e+00
-3.533750504196154774e-01
-4.248525993006603940e+00
-3.282645394206749945e+00
