1.153951355895132869e+00
2.993891783048086452e+00
7.721610560475776985e+00
-1.674693581688319943e+00
9.253764316638799503e-01
6.106401204584743780e+00
6.334014478714463658e-01
-4.768835818489977285e+00
1.215843075684586383e+00
8.243034580741152695e+00
5.878101328003993764e+00
9.354843924140683331e-01
-2.403488542345996848e+00
1.032686538451752734e+00
1.842707883455986018e+00
7.692926693166983299e+00
3.819107972613633883e+00
-3.628273389211180255e+00
3.016006844156359001e+00
6.368135565289353650e+00
6.236306553922713825e+00
3.376491645859741819e+00
3.362799271143051882e+00
2.709294958419086186e-01
1.816098215970665120e-01
4.894657343549465023e-01
5.533353184826085069e+00
-4.139257342823504437e+00
-4.489657645805111841e+00
6.772413541956358030e-01
4.202075493046287136e+00
5.277120678543235854e+00
-2.087615035569161837e+00
4.726756289557105362e+00
-1.637611557281529961e+00
-1.712028184340723458e+00
1.136551335109166416e+01
2.882882272362401022e+00
2.206716838930713909e+00
3.693658223452534806e+00
