4.861936133140901006e+00
-3.473252729103434078e+00
1.796463250974593917e+00
1.053201678708049194e+01
-2.090531162279384958e+00
-1.378912409738185296e+00
9.817829631880240493e-01
5.065410707888917674e-01
1.140229739837478773e+00
8.121076922544082421e+00
-2.308017662100470435e+00
-4.128652876844137509e+00
-4.171462843889063521e+00
7.009910207758573542e+00
8.434666048339138911e+00
-1.955528554058310275e+00
5.688575343716923527e+00
3.383490528299427424e+00
1.545290781539073732e+00
1.849231220647649332e+00
6.901811130230066649e-01
3.809223382435291683e+00
7.228447171548117112e+00
2.886379235205736471e+00
6.372107493678499601e+00
6.793929390761134890e+00
-6.001931400514906034e-01
6.587618912519528358e-01
-4.147835787423116427e-01
1.822933360496885147e+00
2.817042742526982835e-01
7.224659838371279896e+00
3.654193540494028447e-01
-2.823326407264337590e+00
2.898229409550260982e+00
6.207028063894571623e+00
7.870525617933679996e+00
5.284191905702542158e-01
1.539189470553840866e-01
5.802228409870417991e+00
