7.185659948829703936e+00
2.695744457885598244e+00
6.165045541768606752e-01
2.283830563045001316e+00
2.619424220187903440e+00
8.074739112936351049e+00
5.044386984955210984e+00
1.073236422752628760e+00
8.145351616591677057e+00
8.650265574579238503e+00
1.020066200907271847e+00
4.310833075703913941e+00
5.178425179063781414e+00
-7.680915645779751166e-01
4.662345845020437807e+00
5.032754722123958580e+00
4.036659793379878458e+00
2.431079761315512844e+00
-5.075548849525657324e+00
8.630754309918101663e-01
-1.968976307493765177e+00
9.378983450171745062e+00
1.422831872175396306e+00
2.877027347195082463e+00
9.759035601793211168e-01
6.595236011493192052e+00
-1.507326700668990549e+00
-1.165588332094445345e+00
-5.880787811530556741e-01
1.001792648551380971e+01
6.042528704336228351e+00
-3.218917029468517654e-01
-8.052497387781338833e-01
-4.876784728311490680e-01
6.248718497673844574e+00
-1.034640600796504772e+00
-1.187042164813405742e+00
-2.024014754748053591e+00
-8.542102494549455027e-01
1.020628345129589931e+01
