3.592073769630922619e+00
-1.151487271512816324e-01
3.536569998232141909e+00
9.915638361409570223e+00
2.499981787367413055e+00
-4.885514101334953452e+00
-2.487583358164358938e+00
2.173400749970189505e+00
3.614610146892644593e+00
2.933062110393107602e+00
5.238954081828767428e+00
2.458801796341309576e+00
-4.963487948535616034e+00
3.024602900175232367e+00
1.967449723531701444e+00
2.121385530903794336e+00
7.646315367542830366e+00
2.153897755346848797e+00
-1.104825164185519792e+00
3.221000335129807546e+00
4.341019260593860452e+00
-4.683418651534309696e+00
3.202696614252359408e-02
-2.077111817078636236e-02
8.722070891873703324e-01
7.550308643553590215e+00
-4.409956016825585579e+00
-1.114207983439847283e+00
5.308202425389920265e+00
4.458285838843430327e+00
-1.915919712932007357e+00
2.515420334358428267e+00
4.387472082453590438e+00
7.492959681400590100e+00
5.593855272039329307e+00
-1.262644131206003939e+00
4.974860056696751798e+00
6.789682943818021954e+00
1.163870299143210829e+00
3.880764832512642037e+00
