-1.939393346947350105e+00
1.609223984068816726e+00
7.442598118704288446e+00
1.638514863259074916e+00
-1.749347604044021676e+00
7.986950724106760546e-01
8.884193447250532394e-02
3.291589459047451705e+00
8.886330830355939625e+00
-1.012981143038887755e+00
1.661165841856675707e+00
2.148678483497149738e+00
3.228216353863625709e+00
6.058206938499955285e+00
4.511576813492109927e+00
-1.238128638387960168e+00
3.739872325231346828e+00
4.481405995199727599e+00
2.613337090030174892e+00
9.330372679661986801e-01
-3.057166170673232930e+00
3.768012445797849219e-01
1.519770575002825197e+00
5.387186752126726930e+00
4.123864413971258358e+00
-3.165732578448213097e+00
1.273633514072628703e+00
-1.685475045938485517e+00
7.494229275671363766e+00
3.491843039330095877e+00
1.560132088106893189e+00
1.455787089708435067e+00
5.300779495726231971e+00
1.240984762534381503e+01
3.259569465222747375e+00
3.701869441244542536e+00
7.489681996806648812e+00
-4.153339034169692745e+00
-1.998079313090433518e+00
-1.831673318134527273e+00
