4.767349682294129032e+00
5.285916666444678391e+00
2.875534910610357375e+00
5.802967268012713120e+00
1.009776446893136459e+01
9.444236915824526513e-01
3.307066694625186098e+00
6.737047841605478204e+00
3.464552757181289522e+00
4.956292377696951412e+00
1.290688914785182995e+00
1.744176587283210456e-01
6.680943306910799961e+00
2.854616679005631763e+00
-2.586013109111695130e+00
2.399951755444964085e+00
1.099015129589664141e+01
1.356786984963519682e+00
-5.134698781926626765e+00
1.247036475015405710e+00
1.045621621041293858e-01
1.646865389156345172e+00
1.879003861086417260e+00
1.763104085191018910e+00
7.626214520022660537e+00
8.078885792060026105e+00
-7.676806952325776479e-01
4.585494174394894706e+00
1.139325069985232375e+01
-2.647246025621798893e+00
2.915497691080032538e+00
9.846863782586756653e-01
-3.291861324039015546e+00
-5.458425166832836517e-02
2.117350553342497221e+00
6.926901347133128439e+00
2.126118791654560969e+00
2.355865069156082292e+00
1.817694614099364392e+00
1.199577814796204400e+00
