8.214681988289374459e+00
7.211362915959275144e-01
-5.988851282203557780e+00
2.019057404930368449e+00
5.809633935056100817e+00
9.751686827524627121e-01
1.532999457636352036e-01
1.378737955169930585e+00
8.452181162273582515e+00
4.605041940379192233e+00
-1.018305357997153715e+00
3.589606709737113377e+00
1.550043762910642497e+00
2.198824652925193135e+00
1.295150649579431246e+01
6.871359480788002294e+00
1.799202505256698892e+00
4.040354915557511362e+00
-6.991414251910357258e-01
-1.276059555448793237e+00
2.563022598751475201e+00
2.778698317398272888e+00
7.691889463795101634e+00
-4.073095548974396962e+00
1.622046464552375333e+00
-6.429672922696607618e-01
3.761655807153949205e+00
9.878975531071716887e+00
-5.043285555506671791e+00
5.070673461026092177e+00
5.823805864552636713e+00
2.221968389003589728e+00
-2.152092244284523392e+00
8.512584353297319995e-01
1.823146610874832430e+00
2.880493108786802647e+00
4.865174272824508428e+00
-5.384976609521374691e-01
-3.119255993104146363e-01
-2.777770936926848400e+00
