-1.124025469481268746e-01
2.334996957347811319e-01
6.667267646070899723e+00
2.318301379622495606e+00
-4.687946235287203112e-01
2.154684701974792116e+00
4.098962032993985538e+00
7.141975437196244059e+00
4.138849341116316971e+00
-4.316036625737061705e+00
2.789861748482753701e+00
5.790198892870566105e+00
6.224721612501739720e+00
5.432930862120740834e+00
2.921636605406411347e-01
-1.744371944616977865e+00
3.575287211749409444e+00
7.882191651420220602e+00
-1.680630642949437203e-01
-1.302320283470650208e+00
-2.942651354817785503e+00
9.322012162505755040e-02
3.949265592812818859e+00
6.019216964887702304e+00
-2.353587979704628186e+00
-1.408160369367673415e+00
1.385107636903143646e+00
2.720025354900892367e+00
8.588152204817685487e+00
3.018691764279699097e+00
4.766471855358124232e-01
3.613435132270305772e+00
9.952664240810994656e+00
6.925932288877758580e+00
-3.397492208296559291e+00
4.180765511475001972e+00
4.268061439230777410e+00
-2.680183534691702008e+00
4.517618999738680863e+00
9.674820973379667510e-01
