3.940619402552132389e+00
4.947229982118610536e+00
-1.671415959619512392e+00
4.638383835167357638e+00
1.689716974866655397e+00
5.454523022983795322e+00
1.954433358086088868e+00
-5.221139338313911971e+00
1.026193160634590429e+00
6.283392094446189624e+00
6.090100555466030130e+00
-6.140307091247350080e-01
-1.659369574645854550e+00
-2.831024202129114542e+00
-1.748658722393533205e-01
5.290320199234681553e+00
8.080767278106756990e+00
4.489824993958047017e+00
-2.651139456956030038e+00
-3.351502063315975555e+00
1.105014344670356835e-01
7.200215710298867755e+00
3.458857233263951336e+00
-5.740356045187615663e+00
-1.041281688453555621e+00
-3.415507334298429676e+00
-1.221884409099521784e+00
3.456375550845920852e+00
5.975136866930753854e+00
7.139995228509997460e+00
4.932577035803509702e+00
2.378296497206124460e+00
2.957557059997538484e+00
8.462538899428206918e-01
4.001760321533181397e+00
8.167657797985064860e+00
5.098968872101614092e-02
-2.993322393305252849e+00
2.504060921943249696e+00
4.226771487456470133e+00
