3.099665708236457373e+00
-3.814451266152377507e+00
2.715954701069698274e-01
1.021514026492942939e+01
2.006443551483334531e+00
-9.544715100116951678e-01
4.850623926651405071e+00
3.280376275179707868e+00
-2.457298370305028290e-01
3.403413335336012313e+00
1.020251363278857681e+01
-4.077797339971930835e-01
3.700718407696391044e+00
4.333457547939429944e+00
6.145713635249315132e+00
6.324106569954637713e+00
-8.483611487466073964e-01
6.635863481254250518e-01
-2.520498882501333582e-01
1.708289076505053128e+00
7.994698417237723342e-01
6.016284084806103216e+00
7.496661611651330048e+00
-9.461764409390228669e-01
5.003373474773639806e+00
8.395995792030149119e+00
3.317019903438406025e+00
3.539580181786289970e+00
3.512071437916886474e+00
4.171271577967165106e-02
1.140156970232476308e+00
4.960254242625997456e+00
1.073527057451198630e+01
4.163898411254320031e+00
3.227401902479027473e+00
3.680904754946322299e+00
-4.295258377455550836e+00
2.703807572136377679e+00
2.014847591351124123e+00
4.653522220409533006e+00
