4.241426143066313159e+00
7.035661705909582508e+00
3.135140005875385771e+00
5.421325120087910676e+00
4.383828870954752155e+00
-4.619645676810578472e+00
9.873367483440737002e-01
2.769769407712217912e+00
6.846063031395725140e+00
-6.179841907222077824e-01
4.406951020605828440e+00
1.071314141689830457e+01
3.181366634456085585e+00
-2.738387361212052173e+00
1.726661943669893784e+00
7.321242920612085037e+00
3.607683012403462008e+00
-5.632097049874984940e+00
9.629580430780197986e-01
1.239202045084832893e+00
3.123372056769617267e+00
7.802795070591290738e+00
4.098466998478969892e+00
-1.110234145151326457e-01
4.444964601251768954e+00
1.538426855114621405e+00
-1.890814087836894419e+00
2.980052516996057221e+00
4.582569483821702150e+00
5.333110387484815362e+00
-2.059202157409147027e+00
-1.342514180992168349e+00
-2.222050854353223137e+00
6.772930725336047786e+00
1.922959258863443432e+00
7.234577807833274532e-01
-9.061175120930945459e-01
5.923827088135623420e+00
3.040060240992935814e+00
-2.862518892559731132e+00
