5.233053181037467638e+00
-3.309534726687085371e+00
2.093160816848524064e+00
1.099582495678805927e+01
2.553954130143892831e-03
-2.826268306150294229e+00
1.405566564736802526e+00
-2.507582332021831562e-01
-6.635028323325738164e-02
7.844160349092312856e+00
-1.592059420415099957e+00
-4.463407253542618136e+00
-4.081373997314910795e+00
8.866057344590370093e+00
7.590280303817720231e+00
-2.745089741340341671e+00
3.862795897653246158e+00
7.053183496801166408e-01
4.161343458957088570e-01
-1.278086000274581968e-01
6.491476734956744266e-03
5.231471173320804802e+00
8.492673413739440846e+00
9.576622628612578847e-01
5.176902850210170826e+00
7.404657743754924581e+00
-5.710714624459813926e-01
1.166776126819457859e+00
-5.128936688855894044e-01
5.326832314546258162e-01
1.937698618748937118e+00
5.748779498650954167e+00
2.591989382178595314e+00
-3.395676176454419437e+00
3.496489524721260178e+00
5.686960151805483754e+00
6.371254858335271720e+00
1.591364719271889161e+00
-2.756590871127355125e-01
4.321461086423840747e+00
