-1.617041874624370879e+00
2.168036127972936100e+00
7.395159452075457551e+00
2.545790516106190005e+00
4.522077302839261570e+00
5.936367082565031872e+00
-1.894655561343160932e-01
3.620680638831555331e+00
6.533331801559681296e+00
-4.878880179868462896e+00
6.266884125846664544e-01
-1.574221847023684395e+00
7.347403526319468803e+00
-1.723543890713992791e-02
-1.800695749159078707e+00
3.185305219921025222e-01
7.833072134858874769e+00
6.193777693797367867e+00
-3.307546652791325759e+00
1.355484075862089410e+00
7.618920635797477914e+00
-2.598297041875908264e-01
-1.372486229677351455e+00
1.042341558073474062e+00
7.008481793013324079e+00
2.617890425516848918e-01
-2.534431677023179397e+00
1.268832566615941237e+00
9.384376094786397005e+00
5.964395021743287728e+00
3.798242476637997411e-02
1.037111825172157137e-01
-3.085142253810981838e+00
1.948457441064697093e-01
3.384482066649670440e+00
6.126149017340092762e+00
4.134312159709875978e+00
-1.905650176809283947e+00
-5.336579895987133781e+00
3.185270506459501494e+00
