7.856755096105321634e+00
1.931936698756956838e+00
3.399190274871771056e+00
6.057766056611765926e+00
7.126700079555873479e+00
3.081807682046828756e+00
-6.487588257209442322e-01
3.179855136699135443e+00
9.746695433448982371e+00
-1.464159198656660221e+00
-3.458518513546063655e+00
4.417223869839693506e+00
3.765733982873145980e+00
-2.217671325263889770e+00
-1.201924457297049775e+00
8.967395689917735169e+00
2.592566664883420580e-01
-2.548675259954993888e-01
-2.566298019070985537e-01
8.560890291134466423e+00
6.146013108143212555e+00
-4.872101289728991147e-01
3.890694523341660993e+00
5.204700469135268293e+00
3.486575618350137074e+00
-6.672377831279378002e-01
-2.021904328713437504e+00
2.356748801131728133e+00
8.337278101425367183e+00
-1.652507845620352800e+00
-1.478328351502718796e+00
-5.961250523029951731e-01
-4.307418564690389529e-01
7.543175526263707908e+00
7.147789685623878952e+00
-3.138417719405484085e+00
2.986335205863864584e+00
-1.184997075983195813e+00
1.187968818085034517e+00
2.210449789031350587e+00
