-8.795917325128339570e-01
8.599700037421088794e+00
9.257597194686388420e+00
-4.643034939101251091e+00
2.182426123778713478e-02
-1.921941382945841215e-01
4.652314361484986449e+00
6.064691883013539453e+00
-3.840136390949099310e-01
-1.873824058337483778e-03
-8.833296596955955149e-01
1.349744827916217638e+00
7.841941100052767233e+00
5.024121324155961688e+00
-4.838517269520739461e+00
-2.052867070597839572e+00
-1.221568046416038111e+00
3.850304704597089067e+00
5.517273888989945085e+00
3.731563718098481974e+00
5.230428635467830212e+00
3.985316502905855707e+00
4.469790089459809157e-01
5.109505707541584840e+00
8.276637162262696634e+00
7.934046335271878192e+00
4.108281605886074495e+00
-4.711503120007569656e+00
2.716954923368299024e+00
2.437772332616773063e+00
9.918176909536155494e-02
3.843036763062324668e-01
8.095546780223473959e+00
-2.743252513299976880e-01
-2.317805527156413525e+00
4.456394562450050750e-02
9.099439665266979560e+00
-1.488314536740544147e+00
-1.208804602166157594e+00
-1.896275079244122752e+00
