4.385285989412716745e+00
-2.787231484347899801e+00
4.158180762895546501e+00
3.962593121914000704e+00
1.258713726328223981e+00
3.215900166633332002e+00
7.665121923198531917e+00
1.389911875661377749e+00
2.759549054484122799e+00
6.313305330980213625e+00
3.281986437867328021e+00
-5.718302456598308048e+00
-4.108932180402087297e-01
8.011836716626014043e-01
5.347013476527420650e+00
3.030727099733434571e+00
3.495245830017479793e+00
6.312293364196328582e+00
2.383280954605437874e+00
-2.594663041855711505e+00
1.956209430088080126e+00
7.040004510014898464e+00
6.158268901120823813e+00
-3.328601847359878185e+00
7.003314329509804370e-01
5.478160017856439801e+00
9.694081547970053947e+00
5.559771838001359434e+00
6.765071966095763223e+00
5.275191387545826061e+00
-3.689283664949076780e+00
2.753739461779722397e+00
5.516011975530854095e+00
2.299923949666711209e+00
3.945848354677572889e+00
4.617375041930793955e+00
-1.745992934788362483e+00
3.688748978353614483e+00
6.482609099531051022e+00
7.753344501231439700e+00
