5.359563292892081943e-02
-2.126647172718391321e+00
-6.299196648832173784e-01
1.089738807050090230e+01
5.122152460962492881e+00
-7.591809431778954176e-01
-1.139557163113616545e+00
-4.508641506991627468e-01
5.354048222013042535e-01
5.414328262596426633e+00
9.729054651581519053e+00
-6.863020770654573166e-01
1.867021014971016024e+00
3.881095835848704656e+00
-3.851272996061553044e+00
1.437660523370827281e+00
2.276111408777321987e+00
5.750896528338907743e+00
5.694323101077198857e+00
1.060820920026935177e+00
-3.296084467760027170e+00
1.466216213832244541e+00
1.236430607347854815e+00
7.797851403845752927e+00
8.005329044473953104e+00
1.847750640789516785e+00
4.146242636832853101e+00
-2.879225489746128352e-01
1.002201742216262126e+00
5.364611819931159431e+00
1.454910526270385196e+00
-5.047821258706914449e+00
1.191209626824338619e+00
4.341847944962335504e+00
3.391943128081893466e+00
5.828536982154915336e+00
8.354509917013171361e+00
2.403926970798411222e-01
9.824293549639527834e-01
-1.145597113968860548e+00
