5.108195635417067670e+00
-3.764020140806216275e-01
3.757567009521859624e+00
1.135166794524136513e+01
8.848258339023704622e-01
5.507659357275804801e-01
3.062479973346409867e+00
-1.825014950918650292e-01
1.977258525658732280e+00
6.202265152849025576e+00
-1.546441703394206391e+00
-4.654685568451969457e-01
1.098324155912105415e-01
7.607757915092518530e+00
-2.280111108493863448e+00
-2.513460580646779685e-01
3.143986117063410912e-01
2.291890539248921943e+00
6.382916474983063360e+00
-6.767876249443760539e-01
-4.235645294439197350e+00
1.335658586382909352e+00
2.566011484380342100e+00
8.015302213767144579e+00
-3.898695555732212714e+00
-3.118077887440299012e+00
9.643270112717613474e-01
1.832171879158311256e+00
6.558300592935184525e+00
-4.303464860082084620e-01
-1.387778096022787677e+00
-3.512099470730098094e+00
1.827039457168533776e+00
8.817089411688520784e+00
2.849824402392413525e+00
5.471401601170564177e+00
-1.113801854282118198e+00
-1.531406033705450476e+00
-3.451794466049668664e+00
4.792099200624060806e+00
