3.612472430933632239e+00
-3.385933852710965475e+00
-3.158451647867926981e-01
2.147490651508567883e+00
1.939330678595872381e+00
8.703422752143952223e-01
4.124433184192669799e+00
9.238266013119263320e+00
-2.349698472448414677e+00
3.510525582912142895e+00
5.509831961764406927e+00
5.400775570151198579e+00
1.910790400672601086e+00
-2.329025453474478979e+00
1.015457955672872448e+00
9.926696501161691444e-01
1.049088374145239655e+01
4.841073022403389103e+00
4.137184221293161990e-01
2.912141493251936719e+00
3.426665136633974207e+00
5.956426389831879220e+00
8.452307509267097174e+00
1.508587363206409959e+00
-3.967547522251388514e+00
-1.372026236220049489e+00
-1.347624303424970416e+00
4.228495688296776578e+00
9.399748942548194819e+00
2.857849826388281667e+00
4.709137723103358653e+00
-4.779016352312512317e-01
-6.861592214422389535e-01
7.497716189650809326e-01
4.545891740563376082e+00
9.173986166378222507e+00
-1.469247426537295675e+00
2.620589172250091803e+00
8.398996273340369356e+00
1.307472213075444856e+01
