-3.665257248524328215e+00
1.061229083643874915e+00
2.216443707064107649e+00
7.674442492721665232e+00
7.295105262269027335e+00
-2.636987536373224916e+00
8.512522564455791141e-01
3.930516538803759730e+00
-8.064368655632433436e-01
7.894396880371209457e-01
-5.274565719164361344e-01
4.609551058446391458e+00
5.435507522777045519e-01
-5.805278393409651905e+00
1.893980941576932198e+00
7.229676717688447773e+00
3.954166106895642852e+00
6.725739631407892105e+00
6.944394643173071202e+00
6.517755694607971773e-01
2.755597842293353139e+00
5.505103889378371029e-01
7.347232144078405525e-02
1.453475180707177739e+00
6.828052144917058364e+00
2.362388070493773196e+00
-3.350775355369209674e+00
3.673641161520688314e+00
8.287739546841423888e+00
5.321510275585414895e+00
3.289337770805778938e+00
1.649746633143896579e+00
5.361652171486370300e+00
5.478103617796834968e+00
-2.400187599638735403e+00
5.200817197185001461e+00
4.363778554059689618e+00
1.293874711256825183e+00
4.181591157678614223e+00
4.671854946386124752e+00
