3.736522173498249888e+00
8.009344670804072308e+00
2.354252000402724310e+00
3.605103662748411431e+00
5.566921667345272162e+00
-3.756399409399644895e+00
3.434738939652155043e+00
2.332204877910396768e+00
1.169135177510935009e+01
-7.498481970572319355e-01
-2.933936936070226320e+00
2.968476115056991382e+00
4.458442610090267877e+00
3.326668371289287052e+00
1.429891641705790084e+00
-2.036654658724116551e+00
-1.603049587721726787e+00
6.474675611690577703e+00
4.483309471319489425e+00
-1.488141499900450970e+00
2.970260538289474894e+00
6.428619987196535490e+00
6.202615063473841950e+00
3.833977173240173286e+00
2.309610971753257025e-01
-3.274736033215481346e+00
-1.962715514335283462e+00
-2.936862392282327150e+00
4.753897249589492446e+00
5.953816897590561652e+00
-4.891555574728510436e+00
2.454804960393620838e+00
3.647275782284896906e+00
6.101554028008789210e+00
-2.556063560123287837e-01
-9.747555768295260714e-01
1.155610446137474545e+00
8.864456223747449570e+00
-1.254893501193174554e+00
1.376653157174402953e+00
