7.480040513266715818e-01
-5.294182029308803772e-01
3.510405776891269536e+00
9.400665634909682211e+00
3.852274982003728088e+00
3.725983329271999267e+00
3.879413502806432490e+00
-1.866539620875464323e+00
1.385687371157945824e+00
5.604280359384262056e+00
1.079311963509875349e+00
-3.066349974400877976e+00
1.643105028757516850e+00
7.306275604711736982e+00
8.539805716681025949e-01
-4.729566645152138982e+00
1.063663010516080754e-01
6.368272373654458862e-01
5.404599914699872443e+00
5.688114355408433909e+00
-3.454237476611814461e+00
-2.065092878601644699e+00
3.341232691172316832e-02
8.736427900523461076e+00
4.473538276185628604e+00
-5.125123230782167028e+00
-1.442197531043527992e+00
-1.790275320737915621e+00
6.441292464054037659e+00
4.901466567030209887e-01
-2.677001597651512910e+00
-3.711307910105312580e+00
8.428191223733213278e+00
4.600777959237011494e+00
-6.272429467603565234e-01
5.979695436153867227e+00
1.205241015755539769e+00
-3.462070365996913424e+00
-1.999609057396459111e+00
8.070916578789246287e+00
