8.523018680933331481e+00
9.265995461725144988e-01
1.806665435394385621e+00
-2.563578104482446829e+00
-1.646829731667188990e-02
6.228771897368228228e-01
4.207767379181380996e+00
5.933516708955038688e+00
-1.806505330038408463e-01
3.064175455286359817e+00
5.631287462010730493e+00
4.354609264046281680e+00
-3.464646473871458632e+00
1.751649469312112295e+00
3.395570894194687384e+00
6.774917891360702882e+00
3.867799523218212077e+00
-1.765557356785097287e+00
-6.865666833726453699e-01
2.527961278138792789e+00
8.475649073353963558e+00
5.537689393279035421e+00
4.493467216663078467e-01
5.125036055452635020e-03
1.098383169701485862e+00
5.741623967878635604e+00
8.819340900430757912e+00
-4.400876442694682811e-01
5.431075482875487026e+00
3.737838193575443668e+00
-6.103373142826927777e-01
1.977424125091400864e+00
9.316545395156261122e+00
5.996497697461406595e+00
2.269351783586595950e+00
5.358436195620559062e+00
4.340156580801858510e+00
-3.042845200114103199e-01
5.859338625986535432e-01
6.182024602876852626e+00
