-3.972104339357869662e+00
7.471060644538811690e-01
3.374180986917782121e+00
5.782058435267809493e+00
-1.727151455642472300e+00
-7.631096675066401103e-01
7.949755244966018042e-01
7.588315231864697807e+00
1.802525796964084215e+00
-4.094699944307429007e+00
1.807301401916688033e-01
-2.428492627292207495e-01
6.446330522645794758e+00
2.132283876962427716e+00
-1.822583066985858036e+00
4.341477460611727679e+00
6.896710778352230342e+00
2.791212377418833324e+00
6.419425905351203276e+00
8.548818852720168948e+00
-1.507136465325881414e+00
3.331359154145688173e+00
3.930686491675720262e+00
3.129018862523651467e+00
5.506639177435576293e+00
6.184735640462553086e+00
-3.578045861465927846e+00
-1.176150740227051017e+00
1.360104450804480170e+00
1.055456149677543998e+01
3.823839077168860179e+00
-2.596910801128228474e+00
-1.117031683926057672e+00
-1.850239141715101843e+00
3.368935539660713019e+00
3.957433459708472157e+00
-2.217284761679772842e+00
7.852953233204827965e-01
7.670774866686147497e+00
-1.164888907544544550e+00
