1.042154721485353441e+01
1.041981970075097630e+00
-3.905635052564851439e-01
3.461666420137416544e+00
1.306496886522745982e+00
4.511219428023045097e+00
9.542180620400509738e+00
1.324790616667354648e+00
2.515854436336623756e+00
3.910945231508849762e+00
1.284572972820130277e+00
4.146673988823086354e+00
7.782970465995279419e+00
-8.847519785084091426e-01
-6.876204881823202442e-01
3.242482869144042823e+00
7.419736029736757388e+00
-1.163996618594737020e+00
-8.600491116002861869e-01
-1.271894264976683786e+00
5.524358347412744452e-01
5.156587077025411858e+00
3.034958584881788823e+00
-3.491644190103952994e+00
-1.598540516689128110e-01
-1.146833745277306527e+00
7.223612784420222255e+00
3.450935373227776104e+00
-3.899805193760744082e+00
4.428792630002188480e-01
4.601806739837050131e+00
2.391332488354060537e+00
2.051711923977181051e+00
7.271082255708592790e+00
-3.609272981656118429e+00
-4.188532926121673050e-01
-8.537936335315954306e-02
4.268225405784794368e+00
4.063899803693058033e+00
5.939339519718330962e+00
