4.533095834013415093e+00
4.300501132003699212e+00
3.085032337068049912e+00
-2.624815272080498030e+00
-1.162828509033549673e-01
2.863676695630159585e-01
5.109173917597212622e+00
5.866560743128999889e+00
-3.988681489379243050e+00
2.224718434378647469e+00
2.782252715836450729e+00
8.286631509574771570e+00
2.844012781952900415e+00
-7.151997775794801671e-01
7.169478813642174764e+00
2.911157117497037650e+00
-1.257148206537324731e+00
1.336432983713302880e+00
5.852376198230984095e+00
7.523674677390229659e-01
-1.235626935470387711e+00
3.019954797354920562e+00
7.876969283883516582e+00
6.487326551375818262e-01
-2.728732392011834484e+00
4.190396859272113694e+00
-1.293248395979131216e+00
-1.012947751193491452e+00
2.382241623522671770e+00
8.209872504721946740e+00
5.175419503463335680e+00
-4.965167953181789384e-01
-3.611042735522064007e+00
-5.621250000318179785e-01
-1.244838458720983476e-01
-9.374957643891738274e-03
3.399812744538893927e+00
1.016790323381650651e+01
4.007308960794905062e+00
2.828390295706459945e+00
