9.997388131396606425e+00
5.925280193354445224e+00
2.616276333425492151e+00
3.465518371928442587e+00
-1.265905970671256542e+00
4.033215434607277494e+00
8.675488813999132631e+00
2.141134803192003666e+00
3.162556639430304628e+00
3.862815260646336402e+00
-1.538935108736582957e-01
3.281209359878873411e+00
7.510934951823490913e+00
3.265974279690101678e+00
-1.244539603218554724e+00
3.519640007417693450e+00
6.502514523215098485e+00
2.512130283773124972e+00
-1.411963808651656382e+00
-2.574826644134832865e+00
1.117187009957885113e+00
4.122226435336510342e+00
4.703488826755655161e+00
-1.484179362904870070e+00
-3.228868685562980456e+00
-9.618590356484754689e-03
7.844485717212770659e+00
4.746464486030639307e+00
-1.090840705169715097e+00
-5.331575378535009513e-01
4.039843096281856560e+00
8.489247941136890407e-01
4.258274185929766809e-01
8.007809501996332457e+00
-1.042173350534839171e+00
-4.469474203689308922e+00
1.021950210079376031e+00
3.559191426302757311e+00
1.031209436123460277e+00
3.362820779474216426e+00
