5.324605403846102147e-01
-2.855649897012293881e+00
-2.458257412863641966e-01
1.114578136070052183e+00
5.511286599389120688e+00
7.794873965601153643e+00
1.522135250259989414e+00
2.669923154943421917e+00
9.026832941790015497e+00
5.238472229761357291e+00
-4.283402719547279247e+00
4.594012297851400639e+00
7.155343688037770988e+00
9.870532512113970869e-01
2.034799096487489578e+00
1.212364236034885856e+00
3.882836485364884904e+00
6.231727700955257632e+00
6.390218864348491401e+00
3.083632628146666388e+00
-7.651773067725358146e-01
4.964053919367787060e+00
2.825625957637535102e+00
1.368178423428268342e+00
2.757250337155801034e+00
5.484579415607393038e+00
1.080733451454711114e+00
-4.709588107189466299e+00
4.543540461608449044e-01
7.524648852617536576e+00
3.084294410812563836e+00
-2.819749398713558897e+00
1.783844326676251590e+00
5.752304685830020858e+00
5.396643800199584895e+00
-4.656392164065435324e+00
2.445517496284660641e+00
6.388471702979499511e+00
6.534169527579909875e+00
2.686911688964054079e+00
