-5.877226330133796806e-01
-3.068441810209454612e+00
4.085559567915787227e+00
4.749066591836375473e+00
-3.492289785214091946e+00
1.351027532061615855e+00
6.340042126379459297e+00
3.359120772839500280e+00
-4.021331504610227370e+00
5.208406229257500186e+00
1.753823029317854942e+00
1.296573901721729927e+00
6.934890363771595290e+00
4.448487662619514893e+00
-3.267680546243445061e+00
-5.768881747743552779e-01
1.710195899043601031e+00
7.363511065884625673e+00
8.626317995859727361e+00
-3.388866623273199874e+00
-2.122710795409588957e+00
3.918022295756657947e+00
1.203661552752491648e+00
1.176433952249701598e+00
7.926090202177166866e+00
7.513264364853597499e+00
-4.291859519676810564e+00
4.434335865098738338e+00
9.609809852461916435e+00
5.180286154880228366e+00
3.886653245865571371e+00
3.037357440487095328e+00
1.382094984293138484e+00
3.758328975141207007e+00
1.416200939359858191e-01
-4.029823283371024578e-01
9.391447164333951436e-01
7.753135447547360393e+00
-1.820273072939354364e+00
-4.316649852910046936e-02
