3.930721111326800354e+00
1.308902203588523605e+00
1.389710996507728114e+00
3.818286470957330092e+00
8.630706883756717573e+00
2.151615788723102884e+00
-2.354907663411117014e+00
3.113278168857718686e+00
7.686063913272075609e+00
-5.201689498705662551e+00
2.734391745432235066e+00
1.991937350786958660e+00
9.222411584059175382e+00
3.354545073491403517e+00
1.599272541918497881e+00
5.043508782145598168e+00
8.289819967308627469e+00
3.384904470336715487e+00
-2.911995246571249307e+00
2.462898055212298098e-01
6.879751694084125235e-01
5.893320321565382436e+00
5.557648603321656999e+00
1.086503390543477554e+00
4.023869028189697161e+00
3.008913118550560650e+00
-3.348628048885258668e+00
1.503112071975102326e+00
-1.281666720143187721e+00
6.350406581658024407e+00
1.890151078896595171e+00
-3.286016549465817782e+00
-3.176398788118061645e-01
7.331246997929134146e+00
-1.867420327280563397e+00
-1.866177100427425906e+00
-2.873286779955256609e+00
7.135807246014585381e+00
3.742961602230115759e+00
-3.880043072556544459e+00
