9.172915319097204589e-01
9.852635059829317754e-01
4.074001990859530409e+00
6.129406300797930029e+00
-4.357209851234517650e+00
5.624205284982142672e+00
2.015439123069287408e+00
6.622894824594987462e+00
1.185844947472247668e+00
-4.130229512082396859e+00
3.834736520052274500e+00
4.878049877985830562e+00
-6.490999857476448254e-01
3.479188379096019856e-01
1.596360183636781116e+00
8.326077678211404987e+00
5.510584362896975286e+00
-3.707193872150786884e-01
2.561555558950754818e+00
-1.863240666032273563e+00
9.860823272910981263e-01
2.905656460172629796e+00
7.421312811937326614e+00
7.792048596990016840e+00
-3.001520605176369205e+00
5.335368279263638103e-01
5.368636333724071896e+00
2.564319849421580866e+00
2.408779548332180109e+00
6.662179386791773794e+00
5.821301699959487763e+00
-6.413597624144673048e+00
2.447233317456916524e+00
6.801505579041268845e+00
5.425736664450262481e+00
2.970330566466596434e+00
2.679094797672276762e+00
3.598795548606925188e+00
2.930167975115979484e+00
-3.768418791172978732e+00
