5.059051796194130368e+00
5.456877715854925981e+00
3.669283662153387304e+00
3.653993065241045279e+00
3.693984039682222331e+00
6.223092301138938964e+00
5.975173939732415285e+00
3.869010508476873333e-01
4.390679799093669899e+00
5.844209038207589302e+00
-5.560497763659202342e+00
1.860503639827336020e+00
6.175848579094704860e+00
-1.820480170110937157e-02
-2.419721014377544943e+00
-2.639882045641464892e+00
4.237735740563589815e+00
2.205827166287689600e+00
-2.995860735842727607e+00
-1.052406320567941256e+00
8.755479165531944830e+00
7.227566855829389070e+00
-4.207482824399152221e+00
2.900775374256852501e+00
3.294493651731834838e+00
6.076207648132037953e+00
-3.541449300554754265e-01
-1.148198079226377066e+00
-1.447837419518330782e-01
8.208492066561772660e+00
9.882324107320823448e-01
2.705348553537732403e+00
1.749800153271618086e+00
5.536460650700090191e+00
-4.970877027401409132e-01
-1.389460413341345069e+00
-1.551014386938559753e+00
2.274091443011486469e+00
1.070813634783775825e+01
-2.245444167766702248e-01
