-6.529214959998260737e-01
7.359613113168062881e+00
8.517670623106350369e-01
-6.801360991086539798e+00
2.284496534311102334e+00
8.367217539233800849e+00
5.067946186622950933e+00
1.174872349404740612e+00
-1.940082911831893853e+00
2.526333855339379930e+00
1.782041733305488984e+00
2.812172960550188616e+00
7.407768790897848454e+00
-4.340877915476502480e+00
-2.594957765844038811e+00
4.838927808275983455e-01
7.682794412492205405e-01
4.061864578181655361e+00
9.325479696692637432e+00
4.457317577713134860e+00
1.681318099135564736e+00
2.484230770467488192e+00
2.914876539286890278e+00
7.543138032298529971e+00
7.606483839976070804e+00
-5.452758390375611164e+00
2.973197778631335719e-01
-2.989234591033255395e+00
2.557344306747807994e-01
4.761839362213000193e+00
1.406977656024643419e+00
2.086403593784072807e+00
7.652457345114887843e+00
-1.344086983560521364e+00
1.223910697168226758e+00
5.519627046118014135e-01
8.878816337979786866e+00
1.400807241978184958e+00
8.047704178167330857e-01
-2.631369274072138387e-01
