8.289009062732192845e+00
-1.022654608505672913e+00
-2.601181686202317517e-02
7.498619317054666666e-02
4.385111366149925693e+00
9.431376200068259053e+00
3.626711196647879554e+00
6.303633630252016395e+00
2.314711820514682383e+00
-8.949858179481304798e-01
2.685607945491157000e+00
5.964812591773125838e+00
7.931913069241261383e+00
2.190941603423417039e+00
-4.195706037527049403e+00
1.214409228880674263e+00
6.405494156107950587e+00
1.053688373762179109e-01
-1.120824732719812644e+00
1.371404782047030313e+00
4.022861441948616168e+00
5.019816965091846050e+00
-1.354942903811239718e+00
-2.717696880929240333e+00
1.417154613480190228e+00
9.191076609982820500e+00
7.194757547356967819e+00
4.124020275691167470e+00
4.898535520576522195e+00
2.311696932358247913e+00
-1.696203839296632099e+00
-2.184344037810821426e+00
-2.635145263398473992e-01
3.126558964091500137e+00
8.918989563887846472e+00
-8.855613681675955640e-01
1.783924517843240798e+00
1.786913918777765620e+00
7.598957200509507404e-01
1.114365268642341755e+00
