8.170349850300127059e+00
3.598839175130418067e+00
6.166044148806503200e-01
-1.737984550892419655e+00
-2.983570761628567602e+00
1.073842559373467731e+00
8.432330367204420085e+00
5.287266478344458953e+00
3.368667543447808388e+00
-1.477544679117120729e+00
-2.224290747145668767e+00
3.749587915447994746e+00
1.611008967333250830e+00
7.917172835978802947e-01
5.672065834694470787e+00
4.959607789710348769e+00
-4.250942261809603551e+00
2.863243487647338714e+00
4.395685880445686422e+00
5.230487508840257149e+00
-7.599209466266338975e-01
-9.958638505577224187e-01
1.148225995048502535e+00
7.514491104520397258e+00
-3.136200540323363928e+00
-4.908607465542210169e-01
5.702750443068680397e-01
-2.153498753622085982e+00
1.653240148837144208e+00
5.218599165560842579e+00
-1.145202681083534291e+00
1.200422525067337931e+00
9.405024846344431921e+00
-1.963490081456340075e+00
2.794258945837003072e+00
6.914696112413440954e-01
4.740371724843686962e+00
8.868862429152779114e+00
-1.751529092361961970e+00
4.172117300033582055e+00
