-2.272708065452270443e+00
-1.182824288554987113e+00
9.145631080919391920e+00
7.939407426006242829e+00
-8.884050271662190523e-01
2.774157337063690498e+00
2.574860783867850778e+00
4.873900042202812699e+00
6.030154915358690637e+00
1.634784684708883162e+00
3.814707088744342389e+00
5.138024452700712175e+00
5.655670608236797570e+00
4.231714935891898399e+00
2.815294315568062089e-01
3.765686980293835528e+00
4.569274586329756360e+00
-4.446088466309837672e-01
3.361178408445703703e+00
3.166911157213078809e+00
3.922534297160677141e+00
-3.081083718973368635e-01
-1.479585007207962821e+00
1.288498532045878830e+00
-1.843706032114824089e-01
3.562627773909447182e+00
8.821857139796891900e+00
1.742929460697504540e+00
-9.498162186616577740e-01
-3.153179139880686321e+00
2.024196897020913877e+00
3.154650479783992267e+00
6.750714148691663752e+00
2.735502395346292470e+00
-8.246062152102487941e-01
4.056871506879828893e+00
5.559058587357630365e+00
-3.596573149380618339e+00
6.736153389859731000e+00
2.902107912153831570e+00
