6.248048731210203321e+00
-2.648845506122596838e-01
-3.048208867027419444e+00
9.062112594196377602e-01
5.651811650959083444e+00
4.127652010132345062e+00
-4.287496662579632911e+00
7.502505506894018295e-01
2.772893611343972164e+00
9.032878155756248972e+00
2.299076754098774988e-01
-1.008226004540376364e+00
-1.801667894584902729e+00
4.074256583050748226e-01
1.208247349384053537e+00
5.472762743593271750e+00
1.126835209065411725e+01
4.009621467924760485e-01
-2.091677633437214912e+00
2.277412890795860179e+00
7.430748676229432803e+00
-3.050542261649618059e-01
-1.667940475273616885e+00
3.225352114285323868e+00
8.249206363673451392e+00
3.484786391659560500e+00
5.109445044179532047e+00
6.413311299759642203e+00
3.499269462480849135e+00
4.684829213017401628e+00
8.329119213716321690e-01
-3.430804350028208383e+00
2.163389180545447932e+00
6.772071246907350073e+00
1.673683017226343717e+00
3.005821843978039531e+00
5.788032982506755353e+00
-1.132294684740182467e+00
3.659424765202995200e+00
5.782815701000496134e+00
