8.171866849713291359e+00
4.437302774060590593e+00
-5.776538114894450793e+00
3.005674421592347656e+00
1.356179587840500966e+00
-3.905934757576149385e-01
-1.412728645237301794e+00
5.467951933890563554e-01
7.937405228793665835e+00
5.929112700164966832e+00
3.240726727064746182e+00
2.160362109624905713e+00
-1.136097242553648856e+00
2.006132259721815192e+00
1.134647404931711456e+01
-5.975147757240364399e-01
4.967096117870887007e+00
6.410817937982207226e+00
3.644431629705028097e+00
-3.251521750398751021e+00
2.283654558541422241e-01
7.904636502536666054e-01
6.575362377579455853e+00
-2.186743271591233828e+00
-4.606850466393474619e+00
-8.216256308421623356e-01
7.195401771914347933e+00
1.105156307546462280e+01
1.736641055192063576e-01
-7.239750555060537884e-01
4.549560498364537686e+00
3.566012049206415124e+00
-1.951675745240058824e+00
-5.833533747121658619e-01
4.749636960896646554e-01
1.097000006537268035e+00
5.639032443486471813e+00
2.323164111195891834e+00
-5.133891409778101433e+00
6.461801481441314943e-01
