7.030449800000226901e+00
1.539662029200352222e+00
-2.564631923684479453e+00
7.259673565302009191e-02
1.569014203646863725e+00
4.056515437013429981e+00
5.486732501336086365e+00
-2.230970419552365858e+00
-1.960382138689475529e+00
-7.530521505996919940e-01
8.684741185154020826e+00
6.895659754402676533e-01
-4.635983753511128569e+00
-1.170245133647049407e+00
7.308535179190750242e+00
8.913754202265171678e-01
-1.771337410667679801e+00
7.419241083135823533e-01
7.069743223008355670e+00
5.908282791085350816e-01
9.871205978709719497e-01
4.144150435010599764e+00
5.258684853843708318e+00
-4.314337595243245005e+00
1.531188313512655608e+00
5.606171094206436223e+00
1.805080358038199995e+00
1.058828913724507270e+00
4.151046966311630726e+00
6.942790426846499052e+00
-4.196411974307409309e+00
2.282691993441555489e+00
1.973503100892232132e-01
7.030951292641365313e-01
1.949420910271086660e+00
3.532674379956262545e+00
7.937488578544083850e+00
6.593098502079841161e+00
-4.053372639470304684e+00
2.586482969385601738e+00
