1.301958648271965391e+00
-7.780637424294764237e+00
2.572459078675826571e+00
3.814548136620610208e+00
2.824861342253456531e+00
-2.441329727802841187e+00
2.748393126790524832e+00
7.078953801484419994e-01
3.585108195149159460e+00
1.003133583692513930e+01
-1.451050615437207703e-02
-2.389594388562056526e+00
-1.603091351588215030e+00
-5.733995625284148412e-01
7.489254788699705401e+00
2.231691346957415334e+00
-4.634146308811035730e+00
3.369634991898840859e+00
4.148226305279346882e+00
5.921805962374526722e-01
2.285802575741000986e+00
7.708823603523488721e+00
6.598845858036913370e+00
1.190483013830456877e-01
5.318935427590589349e+00
3.996885900203000830e+00
1.742975014391373145e+00
5.385343796216628398e+00
7.251102325924462910e+00
2.143626840384115884e+00
4.357164185674903933e+00
5.834194494279305587e+00
-1.870860136665221662e-01
3.346313835499175937e+00
6.110125685901611092e+00
-3.723153284372058724e+00
-2.136814087112428595e+00
-2.107323490454395820e-01
3.241492219949703379e+00
1.017455165105224602e+01
