1.436892784230511255e+00
2.940461680129006439e+00
5.951235233420372417e+00
6.601885620835449942e+00
-5.890529011137439763e-01
3.576377786810812864e+00
7.241954083718962210e+00
2.316797411196291012e+00
-4.171227940515291444e+00
-2.246351982671014991e+00
9.362874900194400052e-01
1.431832233548250510e+00
2.940322968648437563e+00
6.263035905219063615e+00
1.329719436774571051e+00
3.231629139003606710e+00
7.541248829950640165e+00
7.061919401764741311e-01
4.479528444778338780e+00
6.337733617090645311e+00
3.588486055605493164e+00
3.350720851455728067e+00
-3.844499502679348257e-01
-4.233742115990254185e+00
3.397710302198648336e+00
9.401577178180539063e-01
2.481073275161451708e+00
8.612817759549059815e+00
1.860170661792766023e+00
3.443588260541513346e+00
3.689880965853056249e+00
4.930977563471453884e+00
6.684681181575100162e+00
7.896622656970984089e-01
-3.099056742057360925e+00
-1.187538431274681949e+00
2.124938641010412521e+00
9.647332818159911838e+00
1.397375588312049555e+00
8.116465707803872665e-01
