-4.733991822126590421e+00
-4.780454635575248190e+00
2.043136871296182377e+00
9.925282740213262400e+00
3.256133652743064211e+00
6.473106147661835230e+00
2.607352031680802540e+00
8.853446286943645882e-01
6.599877450514686217e+00
-6.465188247841939795e-01
-1.368887055907803685e+00
-1.697606001049558166e+00
7.049181096775948063e+00
5.131499348966909402e+00
1.175192083951857480e+00
1.935461215518389899e+00
2.842785824518137439e+00
6.334928841991631643e+00
1.209097276167272916e+00
-1.695556273940712844e+00
3.586959414907375798e+00
5.789313531579715288e+00
-2.003044125658630215e+00
3.136075399772604300e+00
9.184487779627394488e+00
-9.633967731180001492e-02
-5.380036128451985533e+00
-1.184882730423001851e+00
2.363112945362776163e+00
5.575272789387737404e+00
4.155605709580461493e+00
5.437179071850136047e+00
2.132907481918069337e+00
-3.185163842286371061e+00
4.576050470140480719e+00
5.372307372052841146e+00
-1.297870601543884783e+00
1.156481098482913694e+00
5.192522490448106431e+00
-2.614736584183253720e-01
