2.861708400333425217e+00
7.738100069443863305e+00
1.783408875864582299e+00
3.550872019065769880e+00
6.921243945638008377e+00
-4.147136787225345955e+00
1.557860332356638455e+00
-9.718295782466815913e-01
1.211563005874091026e+01
1.797148176264610875e+00
-3.291512609876807272e+00
3.284066754148195155e+00
2.766921111006129141e+00
3.341516689460952705e+00
2.308444892272084381e+00
-2.089024218881648132e+00
-1.563114802648728929e+00
7.067127726718602787e+00
4.090124313313535431e+00
-9.885971793843686406e-01
2.745321956633521410e+00
4.909918020058190002e+00
5.385397907864200029e+00
5.313072964397606235e+00
2.684976057415448647e+00
-3.323933770758371598e+00
-3.580908044505429988e+00
-2.031169541108917453e+00
6.123141416482797972e+00
6.588584196577898844e+00
-4.211927841491675650e+00
9.635668116775999437e-01
1.995940342572172232e+00
6.274681132506366943e+00
8.990470688116036779e-01
-1.480077307879637871e+00
1.417468247795893088e+00
8.947336768246536565e+00
-1.668210514067582251e+00
3.289482357874544127e-01
