3.896993984865073091e-01
-3.880495702259386448e+00
-3.926965247058973763e+00
8.443715177387012716e+00
4.719342362968126814e+00
8.600052104178500523e-01
3.095862674376700596e+00
2.652538602056271788e+00
3.549418564875751692e+00
6.480988519440134432e+00
-1.437999305253323534e-01
4.353232585141046940e+00
-1.530888328925831043e+00
6.150030289660407545e-01
9.766591470365167282e+00
6.655477977944424417e+00
3.178224507690958323e+00
1.211125770858593631e+00
-9.132811900216059042e-01
1.901617778575912077e+00
4.244173587558226934e+00
9.015252908443505575e+00
6.156149661416249863e+00
-5.311963089288173068e-01
5.271119471526510836e+00
4.166675975750865568e+00
-1.340521063065345242e+00
4.407490256532445194e+00
4.650578642236560256e+00
2.567212457460554820e+00
4.574868622033924304e+00
3.326144214070206662e+00
-3.170155670123226965e+00
6.122375776917967638e-01
1.452669211071070166e+00
8.937438378568208108e+00
-9.791430391055313542e-01
-1.957490684464213038e+00
4.004875407373299778e-02
5.762037192831959587e+00
