-9.593936917450713864e-01
-1.861943886306079765e+00
-4.733104213943420291e+00
2.622810779568045536e+00
8.374050676989622133e+00
1.395911359172622157e-01
3.695247761302267175e+00
5.184098559909715576e+00
5.168743390645321512e+00
4.786142725539885845e+00
9.063316995911260276e-01
4.420800301295062518e+00
-2.202452884956026535e-01
9.829112543018267978e-01
1.021897417706960987e+01
5.169235959455900087e+00
-3.487878800259502476e+00
2.314463345359986324e+00
7.499568336902775467e-01
2.578120640154170307e+00
7.321182343832223438e+00
8.742641355363167222e+00
-1.612933313125177737e+00
-6.806733189130610429e-01
5.363018351939262018e+00
4.637364489647345600e+00
-6.339609049628548432e-01
4.669404709420947874e+00
7.246889371603437269e+00
2.936725700003916195e+00
3.519506074533053308e+00
8.516499636477067314e-01
-2.562152777094139466e+00
1.295311479903385132e+00
3.864411426369386504e+00
7.654586757091943028e+00
-2.964488581383231125e+00
1.478361741044623479e+00
8.414159315786102766e-01
5.998807520254008097e+00
