2.119846751733589496e+00
4.509555622123738949e+00
4.182793693113467270e+00
-9.759303638326921604e-01
-1.164258325798355642e+00
1.407304724756081260e+00
7.066421040053840308e+00
-1.743443759872453480e+00
-2.883852571649264451e+00
8.217601011383887100e-01
5.148801530553765993e+00
5.960765564841300268e+00
1.988107920260430816e+00
-2.408665611531453976e+00
1.261954867746702513e+00
6.271249819410953386e+00
8.877486891243213663e+00
-5.553778527454495517e+00
2.545682093100136267e+00
3.869189532768956052e+00
3.333435739776716478e+00
5.809716178584587887e+00
7.530023532275065712e+00
-3.804325983700433955e+00
1.902124103767162122e+00
1.389985512769320586e+00
-9.514133106817028729e-01
1.635154938397098412e-01
4.540666909005750540e+00
5.428627888602811424e+00
-2.165773079510938004e+00
5.016366214806122770e+00
7.330121208206109351e+00
1.818841467024187031e+00
3.812651054839027776e+00
1.183251378063122194e+00
-2.112249125629159341e+00
-5.452968143580717575e-01
7.711842776214647976e+00
4.530197787744797644e+00
