7.948245605051521778e+00
1.891379265753321492e+00
1.290082991814625879e-01
1.862438404948760784e+00
4.797249354116344122e+00
4.578262718720522706e+00
-2.886696624109321707e+00
-1.216365542561679058e+00
1.298414774547531181e+00
4.507231886499731388e+00
6.731914029680631906e+00
-2.220772288324420085e+00
3.414938785414708189e+00
-8.822506261939848382e-02
4.977700785892323232e+00
3.478310234466006623e+00
-2.821921272543056691e+00
1.178073992409067738e-01
7.842987133358517937e+00
4.546774519939947190e+00
9.479800218278154889e-01
4.836298274248722606e+00
-9.647439105231411238e-01
-2.249557952515638171e+00
-1.890110254847972238e+00
6.220212167505790646e+00
6.201289547772802280e+00
1.450238612349991074e+00
5.167603262245934914e+00
1.072755800899554357e+00
-1.509640876805659282e+00
4.063154859685168319e+00
7.463535944882869977e+00
1.831736150173346012e+00
4.299392138881616532e+00
6.325035435287125196e+00
-3.940364076457882003e+00
-3.494405696575915599e+00
4.369162296575929139e-01
-3.297005138698568677e-02
