1.356461480517756168e+00
-5.086658994414931634e+00
-1.535039415205182278e+00
8.551983496987830335e+00
4.144344997179338463e+00
-6.759652015979947137e+00
1.141102048450331807e+00
1.029683180998913761e-02
9.196987572593920746e+00
9.513750842113108952e-01
-1.658790152607482415e+00
3.893867309367374130e+00
9.489754009139451441e+00
2.185967968186602661e+00
4.690514288867690951e+00
3.751336312192908196e+00
-2.944337315013189738e+00
4.283917109904272991e+00
1.927557081691027907e+00
2.573573358468481675e+00
6.496408561427221784e+00
4.751538661829740384e+00
-4.466547134814289777e+00
6.582644741114226372e-01
1.801338086428293961e+00
7.435374716625267055e+00
1.948744868012274978e+00
3.728136083412236346e+00
5.994587104589139237e+00
3.278606623570459178e-01
-5.385289104183085485e+00
8.901708148179570124e-01
1.002560707766673831e+00
4.433233273466198554e+00
6.963569513678439016e+00
-9.906116719612101384e-01
1.797078789434868762e+00
-1.799745267565024121e-02
-8.697352582793411724e-01
5.321157612519493263e+00
