4.963534477317326221e+00
-2.194229721382871201e+00
2.630552750400570794e+00
5.783999823506277949e+00
1.021823584241387906e+01
3.786524509092601964e-01
5.026008927481309119e-01
7.434216678106284171e+00
4.042411714645942844e+00
1.017906469803080194e+00
5.967037309446178384e+00
3.205984423460414678e+00
4.008196749889572641e-01
4.571976588875335423e+00
3.642045860339899299e+00
-2.821877600321038848e+00
2.692978259466681568e+00
7.642220294835902372e+00
8.360598317264069657e-01
-4.351532726742001422e+00
-6.587225757272886506e-01
-1.697773625236103756e+00
3.711560799658892851e+00
8.212937669569011945e+00
-2.824609633712753531e+00
2.265299400637804439e+00
3.554776852936232245e-01
7.420530581051916208e-01
3.370195777210161836e+00
9.369933659972364381e+00
-1.604934220126255084e+00
7.720743915941432611e-01
2.510124912818262555e+00
2.199982251479636552e+00
3.861781909601055940e+00
8.094627884431655929e+00
-3.120215430102998067e+00
3.812589265547941864e+00
3.181077870059348278e+00
4.655422254512672886e+00
