-2.381918769272892256e+00
4.706186831265075199e+00
5.217334783723839742e+00
2.755725364830169610e+00
6.250890290298840135e+00
6.839456322691528811e+00
1.541875011821511876e+00
5.108312448599268585e+00
6.236136460151403327e+00
-1.965770547137218605e-01
7.881924543790632676e-01
-1.751994385973995261e+00
2.048583699702872352e+00
6.897143606136463490e+00
2.877634463522180219e+00
-2.829192023207609097e+00
-5.424245038198383106e-01
8.287585558926653384e-01
7.970477195324541242e+00
-5.076977855648507898e-01
-5.541516116626328703e+00
4.128604709544904106e-01
5.466716611821892613e+00
2.777414585449072160e+00
-2.920398185742386854e+00
3.847768910679669752e+00
6.041517725262293581e+00
4.215568532744261354e+00
5.003742199652731593e+00
-1.121398374794757569e-01
-3.259264821835861081e+00
2.008972685319150020e-01
2.069989348265796725e+00
9.569281775399403500e+00
2.265781644910251025e+00
-3.708818279920589323e+00
1.672028588172572272e+00
1.482027746301948889e+00
4.157304519519686714e+00
4.801536920533480135e+00
