3.008260481390197416e+00
5.611114760866754203e+00
3.255009299542298340e+00
3.117583224446738299e+00
-1.315397329035869145e+00
-2.861645216426840499e-02
2.559357280728287720e-01
8.694589031102932353e+00
3.032732136688687241e+00
-4.623353452584340495e+00
1.569044033714598774e+00
7.593322142600234415e+00
-6.446916342860651294e-01
-3.624441435673146916e+00
2.139356009938491177e+00
4.577735817919536210e+00
2.376540757354290712e+00
3.826908562673794201e+00
5.668589826663743558e+00
-9.488173791519194378e-01
-2.516132874322964508e+00
8.299586009557006205e-01
2.172102118616208166e+00
5.811122424822106503e+00
4.442092367345441550e-01
-2.554708344968041445e+00
6.198858843035767174e-01
8.180295132358544663e+00
1.723716303847943498e+00
-2.674991062283372134e+00
-1.132484366021633493e+00
2.135436349563330616e+00
1.323175498623246904e+00
3.893713179955207160e+00
3.222262976902672271e+00
-2.608696621041925567e+00
5.364138761813773693e-01
6.548097417784019214e+00
1.213956898457985822e+01
-6.289030743207340013e-01
