5.003795252450483844e+00
-3.543223521586182784e-02
3.170856642598669506e+00
4.752245085682050174e+00
-4.250722941288904266e+00
1.840377029303791545e+00
7.619561426952760064e-01
6.118552706175003131e+00
6.318125174540521805e+00
-4.918000547229102182e+00
2.879850959248175801e-02
2.476696883531293469e+00
6.066249871225835477e+00
3.027653669949894599e+00
3.436618120913173868e+00
2.791688963727801287e+00
-2.966726961498217463e+00
2.372525414713306358e+00
3.894095861754748089e+00
5.777166422028680692e+00
4.484191449170833010e+00
-4.795993844056548383e+00
-1.608613464914675717e+00
4.980665721205300156e-01
1.867847736289627525e+00
6.768360459878253188e+00
6.179144817872929352e+00
-1.515912391135648907e+00
5.027473366768882457e+00
9.298445975655845075e+00
2.917526695626587507e+00
2.610749933333669226e+00
-4.390538940688583636e-01
-2.454358095674882723e+00
6.008366887030561765e-01
9.845202147089569422e+00
2.752810046517637055e+00
-3.223801847818760447e+00
-4.223399156721238112e-01
4.675735643105302763e+00
