1.969012899153394835e+00
7.646887583044290615e+00
-1.810791351034154006e+00
3.808897041026607866e+00
2.408531590445117221e+00
3.410231497575311632e+00
7.796921685372853794e+00
-3.990884560987559393e+00
-1.384938493691524997e+00
-1.390272955199373550e+00
5.354690675278942713e+00
2.647695050463767963e+00
-2.767946506012944674e+00
4.444156104961846765e+00
5.829500337480186367e+00
3.186187642771620698e+00
7.676791689125454177e+00
1.251348083473151629e+00
-1.043656478748483885e+00
2.155836276097414128e+00
5.475744229980290534e+00
3.157600056327637628e+00
-4.067426848426618058e+00
3.310376351825253582e+00
2.658916029766893896e+00
5.341345055725754243e+00
1.329049779457582847e+00
-3.761210618047415633e+00
2.350024199639469291e+00
7.914203032642346258e+00
6.434450044819906012e+00
5.654966666328207658e+00
2.926937262098873838e+00
6.422075098433583928e-01
5.523253507609322988e+00
8.735422207837929776e+00
3.290695549447505419e-01
7.115430060613731067e-01
-1.449804200337093119e-01
9.507134676017686692e-03
