5.506941325267989962e-01
2.736670316697885408e+00
9.379144659435608489e+00
6.243497266706451221e+00
3.718531052686769200e+00
4.864525242376964265e+00
-1.901230554728960964e+00
-2.720778033470084845e-01
1.628500849431326225e+00
9.231473152185769138e+00
-1.777606680767609859e+00
-4.619875062867840221e+00
1.056143712614419972e+00
3.579095709936110037e+00
5.192303653160068144e+00
4.718830486540173119e-01
2.962765768998409932e-02
1.468728526576945193e+00
7.830273151908223817e+00
1.211880213960486952e+00
2.495289452263710572e+00
4.540344231723946855e+00
6.247619159734800753e+00
2.277525032347941902e+00
-1.766883239226931357e+00
3.628216311049738074e+00
7.941385667404016857e+00
-2.658228521079900819e+00
-1.992739804429009887e+00
-2.888345698662047489e+00
2.968937341493407267e-01
1.930732293679574108e+00
3.753908207375925787e+00
1.034785218876448809e+01
-2.173157605940018833e+00
-2.196599522010353134e+00
2.773044116867432685e+00
8.341908138137920758e+00
-1.696669374206805636e-01
-9.705042058193009968e-03
