5.430290747507362070e+00
8.157531685524302745e+00
7.789137523868413515e-01
3.926383120042478581e+00
7.676572784420845785e+00
1.446632896394390633e+00
-2.072139280781689408e+00
-1.048816651044415016e+00
-3.195065166704881832e-01
7.988735818238157371e-01
7.331080385436946401e+00
-2.671837040660658968e-01
-2.025690143555452405e+00
3.132313601541656944e-01
2.003125736955559510e+00
6.053321298466377343e+00
9.124859825442158123e-02
-4.357819008403018834e+00
1.957012721510473785e+00
8.031237535527943061e-01
6.765747078137605897e+00
-4.864887483050278627e-01
-2.858577557415882708e+00
1.081347049976817187e+00
5.319966674704338594e+00
6.036907897092341102e+00
4.478373289584512307e+00
-7.387783673863842493e-01
-1.760502893148740311e+00
4.683689888966725556e-01
6.585244584493908704e+00
4.123334223540638277e+00
-3.280137330439258037e+00
2.100475373842830340e+00
6.913063424379852773e-01
-3.883169463352093009e-01
8.069031016060520756e+00
3.305284446346360649e+00
-9.009224050656677862e-01
1.572246813034002155e+00
