6.687827728586677623e+00
-3.677776467650472725e+00
5.213413074306855188e-01
-7.584161563155057684e-02
2.833917305396276287e+00
1.636879489800014298e+00
2.410279131958946053e+00
7.870738909960620866e+00
5.739871021904965787e+00
-4.743830303974970741e-01
1.311216125503500196e+00
-2.762999702119759426e+00
-9.529700144358552172e-02
2.128549529230642001e+00
6.484073237587047345e+00
3.766680350617395590e+00
-3.436225544904633722e+00
2.605466423292848721e-01
1.194735696513634204e+00
8.534494445042877686e+00
9.334257609171074943e-01
2.509918928603900312e+00
6.469594404484539929e+00
4.096576390095251874e+00
-2.731590090342499000e+00
3.313862285246078176e+00
7.046827569746578313e+00
5.676897887174394697e+00
-7.626123760913039451e-01
-2.041272062809127430e+00
4.122984387831713171e+00
4.993628787787614876e+00
1.956222787292559051e+00
4.100796525707456119e+00
4.176486871077839780e+00
-2.502584813258673879e+00
1.156315388444300041e+00
4.015353762588254938e+00
3.249195759653859206e+00
3.994935842318126706e+00
