5.511313902061949044e+00
2.875652848983698995e+00
-5.132890799856844488e+00
3.720950623981262861e+00
-1.206222845673232458e+00
8.103443600061957852e+00
3.417623197939867019e+00
-2.967185927239191390e+00
1.610853984234823955e+00
5.125478877509736186e+00
6.484171538536935842e+00
-1.713099552655882540e+00
-2.432324581306961164e+00
2.854963522375153939e+00
5.173714987149756972e+00
4.890386492075288416e+00
5.513787183921250445e+00
-2.855029739839819669e+00
2.228012185080657792e-02
3.459575577831026649e-01
6.639451220145814681e+00
1.123883845737382536e+00
-3.098577148906215051e+00
2.148237043759934295e+00
8.314091653352400968e+00
7.170394919770488151e+00
1.953189991223512889e+00
-2.137969325798365627e+00
2.281804055579080615e+00
6.472704501919574582e+00
5.963878295285615749e+00
1.121240880056149525e+00
-6.463272725221234083e-01
-1.261212695979397669e+00
1.340363998465287310e+00
2.635925072610848741e+00
9.282596386083600493e+00
-2.059474450871797424e-01
3.080578160885186212e-01
2.142782075068461634e+00
