5.789729225841880655e+00
3.832612939703471611e+00
4.947715287551157637e-01
4.974010990408842758e+00
6.920571147197566830e+00
-2.912726798419986718e+00
-5.616103782379286424e-02
4.540466164141698235e-01
1.748508515707422051e+00
7.724291909095410524e+00
-1.240432593607464051e+00
3.140137382811079458e+00
4.662617268259082515e+00
5.917394671653771532e+00
4.589005910749939687e+00
-4.417486737022749965e-01
-2.836496829675811515e+00
5.860861543238471416e-01
1.071330015760692422e+00
3.361165483929178688e+00
6.073453547812638575e+00
-7.504965190863787106e-01
-1.474438410707407998e+00
2.534050898273951802e+00
7.031141863857599539e+00
-1.296237223926876014e-01
-2.659296938590177461e+00
1.593962472949774778e+00
-2.258377222728028322e+00
5.933960644888093938e+00
3.260426519225646746e+00
-3.902561446675632872e+00
-8.700437494358065349e-01
6.445365775265380570e+00
1.053019722296076432e+00
-1.240668036880904657e+00
-1.458184264043118628e+00
7.388800945384246255e+00
8.565574246674866998e+00
-1.122467823413849430e+00
