8.875435795476257494e-01
4.992822549486236050e-01
1.551423834388915735e+00
3.980590623427085362e+00
9.355633849497184684e+00
-3.289709311558271398e+00
-1.080324891961794043e+00
2.722406164118137628e+00
7.314537897821348444e+00
-2.250365654117288283e+00
1.623476468963077846e+00
2.800795701969222562e-01
-5.223271819095978707e-02
5.135823664587324977e+00
5.824991885124408242e+00
-1.655270507495798293e+00
4.641372915123510801e+00
7.776940331664445871e+00
3.906108122712859565e+00
5.525236078999579803e+00
2.627361429782057112e+00
-5.453776306455330847e+00
2.757104876371354596e+00
5.096788429867659787e+00
4.211372428133141277e+00
-8.523692736316111906e-01
8.575927646851150277e-01
1.061760783726571344e-01
6.287559366644182468e+00
9.858988412870274942e+00
1.010284372026016175e+00
3.806794804019379530e+00
-1.822741619681815584e+00
-2.704311932156927778e+00
1.324250226517764029e+00
4.066765829322337211e+00
2.284387090872928461e+00
4.591804719126782786e+00
7.160133480185140620e+00
-2.190330134045889832e+00
