6.760837520048866622e+00
1.492334674846763631e+00
4.790553726734319007e+00
1.170304934723778612e+00
-4.143490676181805554e+00
2.374703728594115493e+00
1.056121563988076062e+01
8.395857698301430361e+00
2.937582113157106711e+00
1.509173311166089437e+00
3.938398246867357066e+00
1.831487053199106541e+00
3.431221638909676686e-01
4.720887097322363779e+00
5.954570100255190290e+00
5.802398698347848160e-01
4.489349322117056396e+00
5.645143689485244032e+00
-4.685075891368283507e+00
5.910601422109309500e-01
4.195515669557428051e-01
5.749178113868589790e+00
7.681258034968409198e+00
-1.412648386841567905e-01
1.192303221899136678e-02
-5.835891209931174384e-01
3.140407894676510381e+00
6.517320489263481953e+00
3.863612085399173779e+00
-3.457258331060726331e+00
-5.158595583017685504e-01
3.209066557811946496e-01
4.594916995034793672e+00
8.619217211373136678e+00
-3.655431648651591203e+00
2.098522453066939963e+00
2.956687750635607959e+00
-9.901741114821218659e-01
-8.043160028078516488e-01
5.432505893678899689e+00
