2.393067210824868063e+00
3.801054161511362661e+00
4.940842169352912983e+00
1.301376894384815575e-01
-2.726612266304583976e+00
3.530333809812456369e+00
5.036892877151371017e+00
5.731374413876034524e+00
6.460730328541941070e+00
1.146992419141400488e+00
5.191181730279371465e+00
3.556237985600233742e+00
-2.288506491178195823e+00
3.169832241723645083e+00
9.345219806213181712e+00
-2.297691900270495413e-01
-2.379246131053049940e+00
-1.640302603412055749e-01
3.277460161123783688e+00
1.040276623858029303e+01
-7.135812147649546189e-01
5.215020817214782944e+00
9.309914988683407611e-01
2.281904242515881975e+00
6.480740606645828628e+00
8.494788914198357688e+00
1.889895993096807780e+00
-1.684341657439339723e+00
4.048654839582210840e+00
7.520608248962750153e+00
4.571715960031904835e+00
5.625447178311767438e+00
5.826680738775952939e+00
-6.978604870791352832e-01
2.689381988239624155e-01
1.976843414512686969e+00
2.643744562023468081e+00
4.801697379085517525e+00
2.912555386042481320e+00
-3.598684124163986642e+00
