5.155252001748339197e+00
-1.455683578753179441e+00
-2.499193933733114270e-01
1.045357283737562426e+00
1.004987562207456797e+01
-1.908176790554187763e+00
9.111401044184145315e-01
2.316669645585091697e+00
3.941061763615504532e+00
2.912957957462033676e+00
4.784534855549690491e+00
4.006998013769964118e+00
-5.505658700309555620e+00
1.298384729146126570e+00
7.003627113895454226e-01
3.199534680949200016e+00
9.133398859924120927e+00
2.108018499585666283e-02
2.120461855014125874e+00
5.023070832705597510e+00
3.584363939448541814e+00
3.658732044631302749e+00
4.410465423451563005e+00
-3.135374540619698891e+00
-3.620412669136566564e+00
-4.273706991325524340e-01
1.407852204762045867e+00
1.751528652089340499e+00
5.205158680884468758e+00
4.784626438617697097e+00
-3.017048236618606258e-02
4.095783327436369525e+00
9.003347381738361577e+00
-2.926910541149763678e-01
5.152996471094012598e+00
2.654009851533049691e+00
3.247460831369185730e+00
8.956844610954499686e+00
4.071480980545177708e+00
2.431529904467108594e+00
