1.727129051565990503e+00
8.887128285320963883e+00
-1.750947019769814705e+00
7.335388236650408622e-01
2.272294452694684441e+00
5.298489036743351477e+00
4.329672604980858708e+00
4.127638888013049900e+00
2.842551521958872396e+00
-3.442519918908158783e+00
1.899712801498902870e+00
-1.607212325808816678e+00
8.378277193848562732e+00
6.052061025639106973e+00
-3.500713386855109910e-01
2.943071978278245293e+00
7.376714240066243988e+00
4.772352330518861763e+00
4.592686558880864633e-01
8.530563481775559342e-01
-3.212185590494532672e+00
-3.335646066915927688e-01
1.661845885760229846e+00
4.362534769118302513e+00
7.429708133984294527e+00
6.125051698221299468e+00
-5.187348391508037615e+00
6.933271234825284512e-01
4.990496884805320832e+00
6.618038633332441911e+00
-3.700095652309249861e+00
3.964157885793054170e+00
2.209198424220220502e+00
3.059554118808194279e+00
8.768836023136284297e+00
-5.362507465336041612e+00
7.577194078369796637e-01
4.059404310701720253e-01
9.624721412937953247e-01
9.924082538016377741e-01
