-2.096054535401307373e+00
2.105809553798226208e+00
9.158481672884883906e+00
8.470346750287801596e-01
-1.701187491583503686e+00
-1.740694355846759800e+00
9.776178373315874692e-01
6.101564251096803559e+00
5.917441097657980542e+00
-3.989112422281615888e+00
-3.805250431849179549e+00
-1.132177041464938805e+00
5.000444222662173033e+00
7.712129493639729105e+00
-1.286689268879567249e+00
3.625594832730023143e+00
8.516288860212435807e+00
4.931793676263870552e+00
-2.816202501796079449e+00
-1.157802902745209250e+00
2.933815833242322757e+00
4.185377428389225329e+00
2.085029844090251050e+00
4.188265110683373926e+00
4.602102308883841530e+00
-1.574222973721977281e+00
4.507176240376348453e+00
4.177226844650455462e+00
2.272688835322668410e+00
5.619685345340097449e+00
-7.931474469205849198e-01
-2.360657417306226136e-01
1.549397032171622834e+00
7.208541282580880782e+00
-2.217577403679802828e+00
-1.258524434929992664e+00
2.679845003138939141e+00
3.758535252417869454e+00
5.505793800379687575e+00
1.296802666273168425e+00
