4.632959893022436937e+00
-2.160702415802636889e+00
5.774830961811209029e+00
2.296367567482827443e+00
-5.943342628722221577e-02
-7.212091123118067326e-01
8.909110424396232020e+00
-2.122364801025741876e+00
-1.530983652695620867e+00
-4.045653866348879468e+00
2.529072786583651311e+00
8.990047067798206726e+00
4.802035178964667139e+00
5.837022682951001684e+00
2.906541951582688466e+00
2.297205891413217349e-01
4.907322984881581363e+00
-2.362756090094577655e-01
-1.196381521036279816e+00
-7.687254217468515449e-01
7.580052227320425828e+00
-3.281662555421150929e-01
-4.668835968318611584e+00
-5.662146854676158858e-02
2.325215091147024182e+00
7.060929331482032723e+00
2.074768014517446080e+00
-3.646333268447806031e+00
-1.590829827264066187e+00
2.733332475469117395e-01
3.109590592821672050e+00
5.766951569808782097e+00
3.505290297633197216e+00
-3.794702243847065226e+00
-2.925886091538218436e-01
2.780711015281859044e+00
5.162607716313625694e+00
-3.172885372665060544e+00
8.932660654913313625e-01
8.541493976048389669e+00
