1.595608763049451539e+00
7.208784900385760253e+00
5.585679605612462240e+00
-4.992920163046431270e+00
-9.532288808958928605e-01
-2.639321764574497298e+00
1.484361033589734591e+00
5.007379373806012168e+00
6.221737522600962578e+00
8.435484707050861175e+00
2.019355490720555757e+00
-2.299551233269602757e-01
4.911898886690505783e+00
6.185458674284654457e+00
2.360328805533915109e+00
2.108740943700021797e-01
-2.185509377752026694e+00
3.876687213485904282e-01
2.306165202408709369e+00
5.253856953469717261e+00
1.266385035736480535e+00
-4.180515203169051119e+00
3.455663263355858383e+00
6.137191658503693414e-01
1.713487641199256561e+00
1.008539301525508769e+01
2.335990826814454024e+00
4.527899639409900812e-01
1.859074277925160334e+00
3.952288645148972490e-01
2.252485243111987501e+00
7.496545355226401419e+00
-4.382146711019128116e-01
-2.505606822752914353e-01
3.073521489281830110e+00
8.371202323949345825e+00
-1.806928555983762230e+00
2.639974128749465798e+00
-4.722420330731657012e-01
3.637696971332046725e-02
