7.584135743174897915e-01
7.605823925913239858e-01
-5.527007821391579645e-01
2.579295757263674549e+00
1.294555955003347059e+01
3.529967257314817974e+00
9.203770108916289328e-01
2.951168053021036020e+00
1.085565352677556827e+00
5.084942196185573415e+00
9.237854847210330789e+00
6.487201597096077244e-01
1.906515695087003470e+00
1.212332464827146516e+00
1.279417933258892859e-01
3.610788539773772676e+00
8.270075062002582911e+00
1.531123970065372708e+00
-2.403575168537368523e-01
-1.186377424295816052e+00
1.224850787635102023e+00
3.011255704271469824e+00
5.535982543116734433e+00
-2.030537568476693089e+00
-7.970840065763342697e-01
7.744673931023183799e-01
7.407413256577768834e+00
3.348660808837251146e+00
-3.096978613638053268e+00
-1.646659049020300358e+00
8.237140085462031358e-01
3.416731390266800616e+00
4.911012301890003151e+00
1.459871958158413863e+00
-3.799910528686481825e+00
2.041379170172103130e+00
3.642573402217592626e+00
6.953162460532998246e+00
1.313637916629175617e+00
-3.768877100488071896e+00
