5.489198079379033146e+00
2.561017329931559949e+00
-5.481082166420468305e+00
1.159915956960350103e+00
5.171582817864321946e+00
1.022577134942865840e+01
7.096059493989199218e+00
1.024076666836867266e+00
-3.286879387339371461e-01
-1.531204534112569071e+00
8.827254538650219917e-01
4.095351018963209633e+00
1.955454564544890639e+00
-1.020790833208373161e-01
2.627856548056898500e+00
9.077354132849594137e+00
4.237344758092440600e+00
-3.323218952014553862e-01
1.886790954423225530e+00
3.811348416093127134e-01
3.511163675062757061e+00
1.077271829982693241e+01
-1.612524932402155997e+00
-2.161173908555994227e+00
5.354250985483922642e-01
7.056480592704159172e+00
-5.936762057938839154e-01
3.963817228658909064e-01
-1.513661285876689855e-02
6.583367071952531902e+00
6.575632206166097227e+00
9.042501495818939805e-01
6.108451820271213251e+00
-5.844401320973462433e-01
-1.282697702939326501e+00
-1.499166491106670884e+00
7.719985513313393000e+00
2.144141658199286482e+00
1.976660477093616031e+00
3.296121083909454352e+00
