5.223865964908867010e-01
4.010417609621901858e-01
5.941171781396687557e+00
5.030122069425008391e+00
-2.737895413668376410e+00
-2.139560949104214738e-01
3.505619138430220882e+00
9.456335781332045443e+00
3.866426113310955870e+00
-1.175093866575731116e+00
-1.643438647748054038e+00
2.472411810921990138e+00
9.327947720848701607e+00
4.061667688795107978e+00
2.128541298152693828e-01
1.128904577766865369e+00
1.242592093839671286e+00
5.249798206388417654e+00
9.960674711079079202e+00
-4.712108777622415090e+00
5.229202084971981135e-01
6.681696451325059849e-01
7.611485399097428495e-01
6.487696504236449613e+00
2.656007752764975471e+00
-1.786098785160699753e+00
5.753784026685574426e-01
6.922584185105868038e+00
-7.803628270552489532e-01
3.143780250303492285e-01
-6.387886287540334163e-02
2.673099415740373797e+00
8.907424391414657805e+00
1.145414181348858168e-01
2.984960805813590135e+00
3.162197042716988982e+00
1.755853358063361513e+00
3.175373692393084646e+00
4.515786912601246428e+00
-3.107060119559600597e+00
