3.318260205202386626e+00
7.366767237879949803e+00
3.508345621215842591e+00
4.699226881409437340e+00
4.081432655730321102e+00
-4.250320026130006923e+00
-2.320626943463764136e-01
-5.255661656541009696e-01
1.985395796719284345e+00
6.392251011140335670e+00
7.670129620900486556e-01
3.845673866810499497e+00
8.399519056531248751e+00
-3.073257946561930853e-01
-2.689721978643015987e+00
4.440810792908009286e-02
-8.213127818035710348e-01
1.412036988226985423e+00
8.601185035994381778e+00
2.624769317906139321e+00
-3.087354433017353017e+00
7.058297516858269560e-01
6.502601578426611795e+00
8.859573803331510788e+00
-9.011104896025848854e-01
4.729573040587229826e+00
1.576930405299701743e+00
-4.308880909052302810e-01
-6.464374533966597003e-01
6.209847102937386509e+00
6.581996120418769358e+00
-1.359107118886992538e+00
4.438674325967847167e+00
5.300270173950156760e+00
-2.826819005037505494e+00
5.505562699761223922e-01
5.794762452646167183e-01
7.328386016743846376e+00
3.352335091167738312e+00
-3.957688299379600760e+00
