4.960501579131554095e+00
-2.280815780534435788e+00
4.876088347350059360e-01
9.637022830000357976e-01
1.036606258015083881e+01
2.111008803444465176e+00
-3.886475744623850037e+00
4.491375168686312591e+00
7.095660376291688998e+00
1.629652211150620089e-01
1.689566799285724397e+00
3.865029232136841575e+00
6.684482763794175497e+00
1.636610819685924367e+00
-7.243564080245152859e-01
5.760439946991871452e+00
7.388271651301399956e+00
3.292849170615757881e+00
3.913138064590048426e+00
-5.685940478265694153e+00
4.588325471118911203e+00
6.072469911127964526e-02
3.697343421300689048e+00
9.833399667952271272e+00
-3.430673512955418225e+00
3.180110260502869934e+00
4.340506286293230431e+00
4.913874229752775769e+00
6.130350951747809418e+00
3.649792177246451441e+00
-2.302512535503207225e+00
-2.976018341768292830e-01
4.884796399078323859e-01
1.959574139630538558e-01
3.081410633020216783e-01
6.770843409405717495e+00
-1.011704337043894064e+00
-1.457723946067618792e+00
1.282804534519231376e+00
5.739988783200879574e+00
