6.522183266881029340e+00
-9.489419973172159573e-01
-3.592166766821458967e+00
6.303712246775422523e-02
3.671165342972682932e+00
7.116759797859258718e+00
-1.791746250026090559e+00
2.340146586960394792e+00
3.571547192733217080e-01
8.304031730755206953e-01
7.709596440006468931e+00
4.482041989908248092e-01
-5.908844626326873239e+00
2.286109599072940313e+00
4.921190513257426957e+00
5.192642401931871099e+00
-5.602732842178632655e-01
-9.300946291900471508e-01
-9.727198183519689678e-01
1.102972079371144254e+01
2.480419344891604094e+00
1.062826740727026653e+00
2.857717282031227768e+00
6.013908858769954513e+00
4.623635569180447824e+00
-4.935414846506734676e+00
-1.531118830549568877e+00
4.416756738581695263e-01
1.279335993714774800e+00
3.989082855180752674e+00
7.692640039178302303e+00
-2.412773940120104932e+00
6.565344170509068711e-01
6.208806817057141991e-01
1.939857261661285026e+00
4.549112600548573582e+00
7.248069328215756890e+00
-1.216113060310013011e-01
2.835076649363830192e+00
6.169830728219096727e+00
