2.664535707970289380e+00
-1.051859651645906890e+00
2.158898889121639020e-01
6.118450344967413024e+00
6.452756650587494036e+00
5.765540774789601031e+00
5.378701898190028530e+00
-3.829686250765643063e+00
2.610312953732662589e+00
4.680935300389178266e+00
1.100545122875546955e+00
2.585854982851494288e+00
6.056878658291609874e+00
-2.613037470554062658e-01
2.635956101045948241e+00
2.991637092736354475e+00
5.697985179061445749e+00
-2.200225666253106116e+00
-2.874520867345655262e+00
-6.238355652364947490e-01
7.607840189361268379e+00
7.008894301472458288e+00
-2.880373724350128839e+00
-1.162717136253866856e+00
3.641169077215993255e+00
4.878458991594280647e+00
1.577640764465701340e+00
3.932926332135034730e+00
5.434805481830034424e+00
-2.517326729296904375e+00
5.792972246362966260e-01
2.131373353861788722e+00
6.860468205288481336e+00
-3.246941996357319837e+00
1.819098999426663310e+00
1.210062149061698067e+00
2.694451677590494754e+00
6.199283445711177620e+00
1.262472966852971501e+00
-4.942678170304141361e+00
