-1.414994395474211020e+00
7.325252433447132283e+00
6.345023721667878647e+00
2.942398567333097237e+00
5.459825892581802620e+00
4.608522409159779620e+00
-1.755759082938866955e-01
-3.022224710716301832e+00
7.834374823188021697e-01
3.720024539515655704e+00
1.058256704051273189e+01
2.222934384265180530e+00
4.342784424321777803e-01
3.090801403367078759e+00
-1.128338883571466944e+00
1.705345984527014025e+00
5.969876040663610439e+00
2.730589609583515820e+00
-4.537867947440091143e+00
9.297020410212466501e-01
3.161870746116607567e+00
8.043567527752713886e+00
7.617794375401161666e+00
-1.302462512488121504e+00
-1.585470143392833542e+00
3.530217897511525482e+00
6.360967671364401888e+00
4.200675810748879080e+00
4.056422878620267625e+00
1.485811329708930151e+00
-2.356051267331153998e+00
-1.329843449564021896e+00
1.775590584173001307e+00
2.706978116628618647e+00
6.018061071413935537e+00
1.101355097428519692e+01
-1.766300008250623499e+00
2.181845614958425994e+00
7.490735863680260120e-01
-1.392233162988101292e+00
