4.657157316016314885e-01
8.581995206678244559e-01
8.281038384479053605e+00
8.456520676505766332e+00
-8.143715429720477239e-01
2.564509815623551070e+00
1.715463258471363828e+00
1.240661767478170807e+00
1.247840000215481027e+00
4.201079455042441069e+00
4.130230716875642472e+00
-4.300740054674875523e+00
1.083996699715657819e+00
1.661688180879398624e+00
3.987450856699643609e+00
5.154449062391694092e+00
-2.003277925397412673e+00
-3.547548994787829368e+00
2.192266619885732404e-01
5.802661643023268034e+00
6.261922501542893649e+00
3.643042400467689568e+00
2.042479891548253379e-01
-3.523226614741947316e+00
9.521707478677048364e-01
4.057405457018787409e+00
6.716961841997178162e+00
4.104095331231315313e+00
-5.356663226647498943e-01
-3.303517794589201362e-01
3.544422974771060275e+00
8.674696576259142589e+00
5.699583004105781558e-01
-1.360902757895191550e+00
-9.913746475081653964e-01
4.439997009090726476e-01
2.017187490222734247e+00
4.940161129432282472e+00
2.633361218809083137e+00
-3.537915814858081820e+00
