-1.980572021600244037e+00
4.733823682386076648e+00
6.108226104744272966e+00
3.229774090114488239e+00
6.403770547252021217e+00
6.565877968553487598e+00
1.490145983100960470e+00
5.172649974984675936e+00
5.951801293706954432e+00
-7.581262567620140613e-01
1.152112404428812242e+00
-1.352270650078641223e+00
1.937722578308014754e+00
7.184729727946123745e+00
1.901096489254177513e+00
-3.039501057988347910e+00
-1.222741238289018623e-01
9.562504071961320795e-01
7.943445543235875483e+00
-1.800633341523496744e+00
-4.768445280825504007e+00
-4.746483249045467812e-01
5.533356571934167967e+00
2.455132609003628730e+00
-2.714378958862148306e+00
3.618325558807822695e+00
6.983317014263207057e+00
4.506294057833754252e+00
4.071361915325970138e+00
-9.411202931551106987e-01
-2.808897355740774149e+00
1.792771492683030987e-01
2.344444770731234140e+00
9.599794292995696310e+00
5.853306434701799343e-01
-3.668562730102602032e+00
1.816398601948722824e+00
2.163246419716936320e+00
4.450430569498368349e+00
4.339069987595105538e+00
