2.582308212746146303e+00
6.659390260682188867e+00
-1.383322020324935009e+00
1.137582306638650342e+00
1.321060715543483699e+00
4.167171801548818166e+00
7.490767178709291763e+00
-4.187083013300218148e+00
3.075989496203860973e+00
2.562168910460763893e+00
6.822689595177461541e+00
4.715609842147853725e-01
7.647403592134014438e-01
2.725348167691361567e+00
1.033541317833817885e+01
5.857741305703316748e+00
2.939295988431769757e+00
8.065124884994562038e+00
3.933655020027891691e+00
-4.376073880674978156e+00
-3.748438667030194460e-01
2.202357583771560545e+00
8.836411841555948499e+00
-1.328544882116153847e+00
-2.809013437955376613e+00
-1.784853928911110943e+00
9.783355704256312124e-02
6.435576774961235813e-01
3.451109493224207458e+00
1.018104700376556870e+01
-1.132410285342223322e+00
3.731151740367327108e+00
6.024802913957834960e+00
3.721142142762204674e+00
4.439470999802218820e+00
5.466415213454307143e+00
-1.147992808631550954e+00
-1.501649544629802602e+00
8.638546092849102020e-01
1.272935281079063286e+00
