-3.499058953522181881e+00
2.574057920538967981e+00
5.451642302390435013e+00
3.475641817017481205e+00
4.626174749326021463e+00
1.878086983135045962e+00
-1.459967386836974912e+00
2.609580908585686032e+00
1.025326596023080583e+01
-8.118326627552407970e-03
-1.330154552867706341e+00
1.196884293641043429e-01
4.135750529223697569e+00
1.038839915923832713e+01
-1.128032944683735606e-01
-9.816233834187948482e-01
1.536346419799153429e+00
7.065945567159897855e+00
5.061624112234414774e+00
-4.522145451893258006e+00
2.263946425675327223e+00
2.050394992469043998e-01
1.282984437234615305e+00
8.423771684455886088e+00
-9.389370571061540494e-01
9.802342367537283385e-01
1.288092379987794578e+00
2.772400293898519941e+00
5.574499603808579451e+00
5.091342242021357656e+00
-2.031505421806371281e+00
3.549816954146494563e+00
6.328874477184801783e+00
5.507979930939495894e+00
1.851942247775056005e+00
-3.263371549013970530e+00
-5.236145583845789320e-01
-2.019327131767706618e+00
9.851689726448471518e+00
1.257897421576427810e+00
