-4.412928725164604771e+00
-2.205804492643086701e-01
3.954107460166985444e+00
6.345828113326835940e+00
2.919538741692082162e+00
5.018422034761316652e+00
7.015267906364473838e+00
2.222431374421381278e+00
3.844614149965661642e+00
2.749315777248343196e+00
1.425366665622982199e+00
4.789400399156502175e+00
8.931304617308640559e+00
-1.535016984738569068e+00
2.280657673453247103e+00
6.903747470127490793e+00
4.972967961202121145e+00
-1.532568288212034835e+00
6.548398490156130958e-01
2.125738989899688125e-01
3.775424406031884672e+00
8.431003430760457107e+00
2.676199189455272354e+00
1.760764654305118748e+00
5.283853440518386790e-01
-2.007143268438434269e+00
2.124044014212684406e+00
7.056857678111398968e+00
8.931137245526626245e+00
3.785557155408520558e+00
9.253305185836838143e-02
5.713282374442824718e+00
5.737957362399736638e+00
9.544805297113583276e-01
4.996505777741090171e+00
7.033259421563393232e+00
-1.170820667068398935e+00
3.346334733633239633e+00
8.924126052547556753e+00
3.294902226787471688e-02
