-3.104403809372863865e+00
4.275097968182007158e+00
7.259142083961541481e+00
4.324312582316686360e+00
-1.429840051626822373e+00
-2.688665465579021863e+00
1.783512217910187880e+00
8.851637882744066488e+00
3.996805345761475170e+00
2.359272711237590858e+00
2.062539304301192367e+00
-1.634489729231522137e+00
1.327643851123532892e+00
2.600537975266804303e+00
9.842350448305312582e+00
-2.958100642034153793e-01
2.935452634503401548e+00
1.074021745232690561e+00
-7.766759180814966634e-02
1.170285141397906514e+00
9.173434303766667242e+00
1.400484929659188138e+00
-2.642036582348700868e+00
2.691840127985499542e+00
3.399339417120715634e+00
4.865410297351707491e+00
6.305119100954878597e+00
-3.998552962955520762e+00
-4.289397593065767955e-01
-5.733995104077472815e-01
7.616628988914737164e+00
-2.204393853643987100e+00
-3.937673127655880290e+00
9.898528918856197567e-01
4.306070834718374485e+00
5.625131438613021118e+00
3.685041146104648391e+00
1.556724342462835864e+00
5.340256158622713301e+00
6.018116064358789430e+00
