-4.726050416576834223e+00
2.295349470135241265e+00
7.155550051837911152e-02
1.109572863612101834e+00
4.141120969363539572e+00
2.783481234833349305e+00
2.241982592522263396e+00
6.169544009338361334e+00
9.999359625350061620e+00
-3.419068556430589378e+00
-2.450826652895252700e-01
3.358693224137139666e+00
2.102680677965541811e+00
4.495061041793761980e+00
1.096710906598891988e+01
1.657011004346948368e+00
-3.540906054518899726e+00
5.495438431253861777e-01
8.476140592067383794e-01
6.305609389282259336e+00
1.478064520014247041e+00
-8.927555389870157621e-01
9.173912820061965734e-01
5.728038794267184208e+00
-2.515948263974057686e-01
-2.006249719591567615e+00
-2.475098550932695485e+00
4.621368042231071449e+00
7.106946168687011678e+00
-2.532675027628309650e+00
2.194028129959801454e+00
6.745936473973816128e+00
8.316304232593392243e+00
-8.509432491632372697e-01
1.218640569352733349e+00
1.898658861614662685e+00
-1.960421349939484248e+00
-2.769097228411629419e-01
8.211893915869399763e+00
1.107663895096367535e+00
