8.952165270941870645e+00
1.585149307468149749e+00
-2.346449831938469899e+00
4.334505511537630973e+00
5.840236935809974383e+00
-2.703432820558899774e+00
4.648546643928963107e+00
4.769004793892543503e+00
2.011450269062890150e+00
4.185241820651111055e+00
5.451085028178844105e+00
-1.359196360397392667e+00
2.859060318547430590e+00
4.413091854873067987e+00
4.442669726602443525e+00
4.072769210334810097e-01
-3.524550090188093510e+00
1.234403367004730967e+00
3.412177712039510258e+00
5.518866040085977254e+00
1.086425158968807647e+00
-2.988791991415218785e+00
2.051193054210135536e+00
5.430560158409056370e+00
6.330578692405943286e+00
-2.005018926167917659e+00
-3.327601717640481738e+00
1.866567829267931966e+00
3.038979345722474079e+00
3.110851873580998905e+00
6.230005291864499029e+00
-2.181604010945297656e+00
-2.852624147729977411e-01
2.158314527016337081e+00
7.504289172566637411e+00
5.916338584219368535e+00
7.799044948339610706e-01
-2.733891358223895285e+00
7.211432732725037154e-01
1.842546707220014124e+00
