3.218363165591602737e+00
1.179408502388659130e-01
2.088047677928832613e+00
6.374951492779842077e+00
-2.096066389733212798e+00
-4.336498526136191245e+00
1.294211411385651989e+00
5.682626535953442470e+00
6.692438567481253209e+00
5.439495381322164036e+00
-2.410402266492277956e+00
2.835008221984261390e+00
3.213479166181774094e+00
1.179050361396707158e+00
2.891427396461633936e+00
5.756237870094826015e+00
-3.292865744613423740e+00
-7.174031682658502662e-01
5.174841520637031289e-01
3.370594292218367372e+00
7.012708011479581671e+00
4.942204380213072845e+00
-4.122016050102094376e+00
-8.232865861760448878e-01
-7.610893466985612088e-01
5.820589349588746408e+00
8.675458651352421668e+00
-1.607986056659881147e+00
4.100355887332391980e+00
4.396047549028435419e+00
2.617813911360726831e+00
5.576308303614847084e+00
4.475517972233026498e+00
-4.207720357438970105e+00
3.966028014789031886e+00
5.114752586430363124e+00
6.319033053548543499e+00
4.964484972257933393e+00
-1.671000934400759252e+00
4.623550173680774478e+00
