4.962648261901648539e+00
5.227808342521991669e+00
-5.327427088774874697e+00
9.338968298440514237e-01
3.773020003533804623e+00
8.336770730993830369e+00
7.941505747279657967e+00
5.467205615291232945e+00
1.253416379546893555e+00
-2.125567256391405646e+00
8.562584924398711772e-01
3.601115921604680192e+00
1.845225139501977862e+00
-4.808978700530811001e-01
2.385396641614501156e+00
8.279903468893415663e+00
5.220929372424190973e+00
1.403728066527311524e+00
1.634389046189903993e+00
-4.883597802493678808e-01
3.234010588027448119e+00
1.092779516178495314e+01
2.239866601751756114e+00
-2.774014755476780003e+00
1.257241220966823780e+00
6.869288383503461048e+00
-7.497780592011920042e-01
-4.929837873197530640e-01
-5.618535072002016628e-01
6.619612083383017875e+00
5.996652678560843164e+00
5.695735810105727603e-01
6.329777328125072877e+00
-1.240337563355392303e-01
-2.127331438164218103e+00
-1.192902107607779483e+00
7.970837041529126310e+00
-9.568607422517852457e-02
1.920534799110014346e+00
2.395159036216866877e+00
