5.695856205808181194e+00
1.326342118454119046e+01
2.302659116088799696e+00
-1.925409795623812759e+00
-2.479326650966612589e-01
2.016715185412157663e+00
6.855531380259257901e+00
6.973750470204025831e+00
4.885538474526936348e+00
5.157074774807695938e+00
2.201645678415758756e+00
-6.234450446648177602e-01
-1.141176102014056060e+00
-5.910969945917438073e-02
-5.235894894815117384e-01
8.603734905563431568e+00
3.743096168047432393e+00
1.652231385938613961e+00
5.270040439070259985e+00
7.280293055947271164e+00
-1.073130058233659367e+00
-3.758589899175694526e+00
-7.261965635502829475e-01
2.399884147878092566e+00
5.212554330402977776e+00
2.596920845150914481e+00
4.162815908543047172e+00
5.306205430852028115e+00
-3.416827703151334550e+00
5.448093758917438301e+00
3.248198841501357848e+00
5.133818967540266343e+00
9.986931099715816273e+00
2.201711981921096850e+00
3.971952182053259506e+00
2.579660945710117392e+00
-2.199326867430837218e-01
4.069457401278077313e+00
6.757637707604062349e+00
9.607373554760911816e-01
