1.546586659678788500e+00
-4.578226298987566611e-01
-1.904975093628260785e+00
1.029366543793580391e+00
6.870607031344733606e+00
5.541623801293866336e+00
-1.069316365660006429e+00
-1.403774198939844453e+00
5.728856706682720068e-01
4.248357412963104984e+00
1.005035963637059560e+01
6.572779402932489301e-01
4.297903954688903738e+00
3.251222133917231805e+00
3.314075516534316090e+00
5.305623803611923428e+00
-2.266488372501635151e+00
3.347869452454498074e+00
2.290388287589231631e+00
2.043107481628768873e+00
3.808611374484505152e+00
5.102647645952886890e+00
-3.306905006442420802e+00
2.217962345594283846e+00
1.515271864903965149e+00
6.418259794917788419e+00
4.665784153257944489e+00
-5.020517542609290729e+00
1.881643400528805632e+00
2.188320283999257043e+00
6.413085794872857015e+00
-8.424539031914053400e-01
-3.954102322404986936e+00
-1.396912546855250792e+00
8.048884850935607460e+00
2.607157114835448652e+00
-3.873636893268665116e+00
2.600120953736181129e+00
7.924679369493951242e+00
4.207838414948860795e+00
