4.626473556141231569e+00
-3.149364151258458866e-02
2.839143817028182859e+00
5.426250284333645091e+00
-4.383834681585070392e+00
-8.161098400909336248e-02
-4.503324333159168802e-01
5.977019545172600701e+00
7.850484477881479073e+00
-2.420797253025607887e+00
-1.755997424670875162e+00
2.613930666443049500e+00
5.340605692207360811e+00
2.257191457470258289e+00
3.581807725269336107e+00
3.861538124346917122e+00
-3.419138309868979597e+00
1.942848419497192891e+00
2.298737496487699428e+00
4.893918390924309136e+00
6.862762417636033341e+00
-2.526558914226073593e+00
-3.600537264874038801e+00
8.925709183489695109e-01
1.032533724329974589e+00
6.053695596991804706e+00
7.387623952112152281e+00
-1.535223531792860419e+00
5.009626708664187689e+00
7.714519201919565639e+00
3.572925216544809324e+00
4.216937258901173990e+00
4.117992405541092138e-01
-3.191346725826824660e+00
1.985166361730902773e+00
9.396495523965503693e+00
4.858757431665583049e+00
-1.334769023515442576e+00
-8.216791469172459728e-01
4.728419758823455332e+00
