-1.386543531117538919e+00
7.651928090726686449e+00
5.162874512902578594e+00
3.163261656683771239e+00
5.479011309850084110e+00
5.000152311101152769e+00
9.542321661157274759e-01
-3.352431713240131117e+00
8.794538698532206045e-01
3.186239690368763089e+00
1.046057280189813277e+01
3.057708482585689502e+00
8.425993069383254097e-01
3.005981320435794135e+00
-1.547197023274788918e+00
1.616382619167707313e+00
5.647199975734304545e+00
3.768804633048062680e+00
-4.419938916690426822e+00
6.491366795517011790e-01
2.656240090295762801e+00
7.330714194598604294e+00
8.456335918316382205e+00
9.726785234956074611e-01
-1.951361776140311033e+00
3.755644698174749774e+00
5.583363827117311828e+00
3.942508636686994361e+00
4.508394963489101848e+00
2.200061854142173257e+00
-2.355397970425598064e+00
-1.646505975655523368e+00
1.802789606623622642e+00
2.099376206633539965e+00
5.159518926614445000e+00
1.182536527849129904e+01
-6.432136394055159023e-01
1.525707557325419517e+00
5.152470676089857538e-01
-1.638917232232006027e+00
