1.748125513488739458e+00
3.494909571456265684e+00
4.333293202988619086e+00
1.144592909461289221e+00
4.941922632678889649e+00
7.937569348162661242e+00
-1.416618456644015978e-01
-1.161242257103706876e+00
-3.388980978416799683e+00
-3.004123819005910523e-01
7.389613727167638757e+00
5.661607153538231962e+00
-2.747843810916877683e+00
-9.682431341515562728e-01
6.965628047088230357e-01
7.800100681239038991e+00
1.501193670118623480e-01
-3.063727214381139596e+00
2.377004799722522321e+00
8.811821697909474338e+00
2.540066643106972055e+00
7.897585301518916800e-02
-2.124144146804062050e+00
5.223625592517807670e-01
1.599193087070569730e+00
3.076008628771231823e+00
5.844358778348430761e+00
-1.886839639048804473e+00
-1.725819697084655546e+00
2.042780038907043294e-01
5.515181450244241113e+00
4.435096729717898256e+00
-4.661960496120379105e+00
1.880650306890131684e+00
3.434359139892293467e+00
5.157363047139418732e+00
5.218208323387967695e+00
3.971448445267781846e+00
5.769439385344498739e+00
6.338710505954615826e+00
