-3.407895227106399472e-01
4.238911269042858976e+00
5.073436703179150520e+00
-2.899323331646644686e+00
2.510461412839122275e+00
9.647049588683133337e+00
-4.219010860435066235e-01
-4.106540885228288751e+00
-9.246232536416097991e-01
1.663742905878613954e+00
5.474817224277254368e+00
5.840848489005828981e+00
6.503052885125162330e-01
-4.106783515877929780e+00
2.850139689141133914e+00
3.560579896893283802e+00
6.760444326307783136e+00
5.212245332545640153e+00
4.313245550705401832e-01
6.258580056314011486e+00
7.695492565849211708e+00
1.722067738356527766e-01
4.342726914041711517e+00
2.974415471055146920e+00
-7.716103798775992839e-01
2.899143617097796000e+00
6.979321314597820347e+00
-2.705868014234368513e+00
-1.624535636778925873e+00
1.635848617019654228e+00
5.432378815907529912e+00
5.531336778825727940e+00
3.788868091146645689e+00
-3.014544973259838945e-01
3.937783331955320154e+00
7.365167465952258574e+00
-4.630039669782571310e-01
-3.392151806021947547e+00
-2.552834838627465519e+00
6.597420333044407004e-02
