4.196181080496907079e+00
4.115853570189093702e+00
-2.270360702809274489e+00
2.620467943084806794e+00
4.471093335162302118e+00
6.277538408044022411e+00
1.344736605450933542e+00
-3.877760546411564757e+00
3.650333935705173394e-01
3.584397499088503469e+00
8.646181641953921471e+00
-8.097548820456222929e-01
2.877416658074318345e+00
2.934171918388099876e+00
4.067932917535369342e+00
1.953882300937525018e+00
-4.376826046623093269e+00
2.329054266442128540e+00
6.600616729152418927e+00
3.983058590854684944e+00
-3.429604428062672739e+00
-2.526461967186117263e+00
2.912700853971602832e+00
1.283699614066232897e+00
3.092386375459214243e+00
1.124503293700866458e+01
2.886334566061301121e+00
3.895631103782935534e-01
3.365355711207267841e+00
4.860104842613388598e+00
4.609626923341739513e+00
-2.728726629799504533e+00
-4.241551056518228613e+00
7.542165912183839138e-01
5.973260339574658850e+00
8.862343285137724180e+00
-8.340610738803437840e-01
-1.394354341933067010e-02
3.279535946729095208e+00
3.970250294502618793e+00
