-3.120287560406913130e+00
-3.290445245064548274e+00
1.715458289344496956e-01
1.446854652081857928e+00
7.792843292443007108e+00
-1.247424548687935841e+00
-4.010303995325471327e+00
-6.651067467973685865e-01
3.131116143667871832e+00
1.016130467789547254e+01
3.389919350545506749e+00
-4.546691125235529651e-01
1.197757130745704890e+00
-3.325452333866305565e-01
2.640242001278288786e+00
6.784284974280859970e+00
-3.466170676232982029e+00
1.692269391203474749e+00
1.448503147708285699e+00
1.206549086938488502e+00
6.586237415739828016e+00
9.798355863231579477e+00
5.673250995162624211e-01
4.514596958482457012e+00
-1.737852436479706775e+00
-2.843876677184217883e+00
-2.569643183965020672e+00
7.452672544579968417e+00
2.170637769255660210e+00
-4.645545739462562551e+00
-2.153813849540751613e-01
3.546956854245547852e+00
5.928528773189007950e+00
3.695790279554124869e+00
3.825086554785369852e+00
9.622656207060471534e-01
-2.763315371350301586e+00
7.786876382865944857e-01
3.712614676489223164e+00
6.806114701467019579e+00
