8.310801183553262916e+00
1.049805274823264689e+00
3.593056779947769286e+00
-7.625620696108126317e-01
-2.137865285917195823e+00
-2.098795959299744940e+00
1.007956266616113261e+01
4.601797057495064180e+00
-5.884273035938374363e+00
2.635626551607785917e+00
6.185430682706885896e+00
2.039857559771979467e+00
1.662962884435924993e+00
5.908322537728825985e+00
6.154723169622109857e+00
1.110398315723881479e+00
4.644761289896329970e+00
2.014796524777394460e+00
-4.217475314409909082e+00
2.466135387472158769e+00
5.320215445627550999e+00
7.120909419131758789e+00
2.443557600815531750e+00
-3.368411136370970116e+00
2.761443482422228257e+00
2.295400777278614690e+00
4.284738681651290015e+00
6.364892116612577588e+00
-2.814411860259851128e+00
-2.001349625412520705e+00
5.069268849338405269e-01
2.010232199825016774e+00
6.084639309554110476e+00
4.506541824673719887e+00
-3.527727934039758040e+00
4.497886883844358863e+00
5.030097331061087473e+00
-2.113232143282592457e+00
2.966233011321056656e-01
5.542217420791035742e+00
