-2.767640666915350600e+00
3.621511149857848277e+00
9.184946920308151519e+00
-4.684674223108215574e-01
-2.375350158205502105e+00
-1.466457498664334835e+00
2.161519193994774768e-01
9.294238355284470288e+00
4.577968705265941018e+00
-1.190886912509279139e-01
2.047510400416569620e+00
-6.284542657193141757e-01
1.785780272855063577e+00
4.701133989060129359e+00
9.116849364064293582e+00
5.428357413735714065e-02
3.405319966941703580e+00
1.793064323600537024e+00
4.656647054703599853e-01
1.973774834384073529e+00
9.001683964306304020e+00
-1.264969572572890666e+00
-1.594260416183840734e+00
2.244378137534368545e+00
5.668900945693604143e+00
5.758714570695729229e+00
1.666274309649288465e+00
-4.593724962675116430e+00
1.955104427453506544e+00
1.503413596874673797e+00
7.489065410907906006e+00
-3.167067995689258453e+00
-8.635960092815018196e-01
4.256778704753488331e-03
4.920611371285464664e+00
7.056826884270483546e+00
2.318972376576832861e+00
1.965659314902401089e+00
5.895884597738092481e+00
3.687789209746457963e+00
