4.351491060180237902e+00
4.166974619555912085e+00
-6.090255599282512478e+00
-1.329074593337507271e-01
1.458219593124567615e+00
2.676593310237934453e+00
4.048656721259174418e+00
8.412386389991747038e+00
9.679592476895726438e-01
-5.792768370090922048e+00
1.659537604419402568e+00
1.756535720390395294e+00
6.252151836208339475e+00
4.134542904926166607e+00
-2.907774343909953707e+00
3.547323474386355535e+00
1.870908164114421179e+00
1.968891731977020498e+00
4.868025884375568602e+00
2.451059641819203883e+00
-3.857452456206315716e+00
-8.226099280044155138e-02
2.173119375051182356e+00
7.433096359670094522e+00
7.328445334462818650e+00
7.231800511367536544e-02
-3.182079285157231485e+00
1.641064740079480666e+00
4.777318714442935210e+00
4.850915497562489520e+00
4.904444852301933722e+00
2.890406711037521337e+00
-2.192526170136872121e+00
1.932894854739746870e+00
7.291949315509743457e+00
5.916717838832073362e+00
-2.306605473732192824e-01
5.021945586561776587e+00
3.412358597044615749e+00
1.661142144695068490e+00
