3.631601405624236723e+00
4.627790840411621254e+00
-1.945331081108377713e+00
-5.241722960314340041e-01
-1.836343216601360684e+00
7.512612616085595718e+00
7.152231582173498303e+00
3.642469654128053236e-01
2.646795630953179490e+00
4.615979271632714820e+00
3.832602105011665650e+00
-3.995328655889199609e+00
1.252691551022324878e+00
5.041456888573307982e-01
1.373279622058940719e+00
7.738883054374075421e+00
6.370368266371588817e-01
-4.835533180415911403e+00
-1.105885878740032080e+00
9.161946855041829707e+00
2.274049507149910276e+00
-1.457723521614952888e+00
5.369465272525897781e+00
6.271863714082715369e+00
9.163769053539717879e-02
4.506732305619356005e+00
3.400329187524498753e+00
-2.604888496882318716e+00
1.650118391779378024e+00
9.291468422201283772e+00
2.562146870232334117e-01
-4.213541990503935963e+00
7.013119627998298800e-01
1.612585500721740672e+00
6.085848876787244954e+00
4.667269132708363188e-01
-2.291385857076369437e+00
3.968052844368546772e+00
5.765827757287809163e+00
1.863222483092763726e+00
