1.334305259263779408e+00
4.507734713962931572e+00
6.211029781321214749e+00
-2.103940831646523346e+00
3.553859591557400499e+00
5.800785072200409509e+00
4.482228347768280940e+00
-2.611542187808837845e+00
-7.282430146463090281e-01
4.351321709096003798e-01
8.980261982970235479e+00
-5.455990754120437769e-02
-2.819749601117576887e+00
-2.773683321626987941e-01
1.421648245234201191e+00
8.788769236233063609e+00
-2.430751275288685065e+00
-8.459882497431445714e-01
-7.735053132149661836e-01
2.357249419051683503e+00
1.033783059346563959e+01
1.141815710844525711e+00
-3.100803864556788692e-01
1.897242782210634138e+00
2.433001829438278030e+00
4.909588841637524403e+00
1.829782621231339501e+00
-3.295120696365239521e+00
2.749242764106350378e+00
7.345238898357948187e+00
5.062399088181581241e+00
2.135814501868151805e+00
-1.987972599710694732e+00
-4.955485044644286630e-01
3.635995337134402816e-01
1.113087551035213707e+01
2.519545639037251483e+00
-3.545713517693275918e+00
4.099927506197558635e+00
1.758485205885608416e+00
