3.436546313646638762e+00
-3.818141702556242301e+00
2.776053287687600957e+00
1.962352859011174511e+00
3.345996630871803657e+00
2.939615234860240012e+00
4.079119719260021704e+00
8.356154741631520722e+00
2.181494306961114127e+00
-2.089281426648077034e+00
2.794757329764531395e+00
-1.354621183917095184e+00
5.857104581565770740e-01
2.892641657587014414e+00
6.997644229819423245e+00
1.892439509270640030e-01
-3.459592696521322619e+00
9.835921476527484941e-01
2.772747989931398926e+00
8.656106214082496919e+00
2.159572043162456545e+00
2.739119428368911091e+00
6.805617716840838938e+00
1.024053768345325244e+00
-2.589335413274952202e+00
2.278563737189862604e+00
8.938048094099597662e+00
1.728914482753528103e+00
-3.360613967025896098e+00
-1.139909318342399391e+00
3.335377366247950892e+00
6.628944048719812798e+00
2.747385478041791451e+00
3.892705380776936952e+00
2.675454181731925729e+00
-2.370008362917317868e+00
1.511728961993173526e+00
5.282979040911047086e+00
5.027700142933623439e+00
4.467353176267573112e+00
