3.773465518348305459e+00
-1.673984120105071804e+00
-1.457100392486008866e+00
6.785175175187004859e-01
9.924406239863067469e+00
5.925414752803028762e+00
2.585473865012405614e+00
4.312397295756575488e+00
2.629860746113336312e+00
4.329915882859787679e+00
9.425965696595693943e-01
-3.788735093745554394e+00
5.970516312869451614e-01
5.716465257548714263e+00
7.905410372036562272e+00
7.796385139910064765e-01
1.360825387706915635e+00
1.380970399267411830e+00
-4.930918070071292902e-01
3.409561490593449484e+00
9.061012839719566614e+00
6.858373169059291286e+00
1.992070125412397141e+00
1.023167595198113400e+00
3.647781781196601791e+00
9.386031297663430806e-01
-2.211257016522547136e+00
-9.450925810987550468e-01
8.650495355626746985e+00
1.210169458177257906e-01
2.304222051204477317e+00
4.949616625420551586e+00
8.894263539499329241e+00
9.652881239672228553e-02
-2.434599635517870286e+00
-8.479401119236673612e-01
-1.399928281432586630e+00
2.913241614548727654e+00
5.802815033387681787e+00
3.497581800339366609e+00
