7.831284050008910924e+00
2.084138839422014833e+00
-4.241315984391415661e+00
6.163367148507045146e-01
-2.415020104652299548e-01
4.757733786455136116e-01
-2.464435680556688713e+00
8.172858633214662660e+00
1.228328473058372117e+00
-3.590124076660339725e+00
1.196389960180251677e+00
5.481446767415508070e+00
7.459792037008694088e+00
2.736788921264948993e+00
-4.795295828509150482e+00
1.151714328038594859e+00
2.649502228184056118e+00
2.900720075820502952e+00
5.391655363606679963e+00
6.595131285712230174e+00
-2.851764099033212041e+00
1.388721922270817366e+00
1.081259897358618716e+00
1.781171863850228965e+00
3.916695692882464108e+00
4.706868858769467145e+00
-2.948951888432232327e+00
2.095152065674878106e+00
3.054675964011440481e+00
6.735603190570377485e+00
1.885330695605351936e+00
-3.342342438802900606e+00
1.335967018316820965e-01
9.650180736343058063e-01
3.096180359900098100e+00
5.286588295533783288e+00
-8.005853508025456700e-02
-2.670651941236672045e+00
1.801278361329245126e+00
6.382611055443889292e+00
