2.295549030473815200e-01
5.527570183022599615e+00
1.044446250268010346e+01
-3.816602866571859320e-01
3.972341659454222018e+00
1.541954066451341143e+00
-1.457924754965478131e+00
1.150777936507037635e+00
2.318285883300887917e+00
6.758848307061444238e+00
3.971201851631759538e+00
-3.897750749592088670e+00
3.587564350311199135e+00
8.061318650305983269e+00
1.864302061807355360e+00
3.255441319524438715e+00
3.763040415443922981e+00
-3.169406559701577475e+00
2.251852654777040108e+00
1.598906740932325876e+00
5.138802309535942747e+00
3.773525045550311763e+00
-5.203717771961686722e+00
4.774532213737093578e+00
4.215528251091735790e+00
4.062212430451453749e+00
8.600192639238485981e+00
-1.653191076087801248e+00
4.324972914119147305e-01
2.005178815310519891e+00
8.201887517268244832e-01
1.253670929572558546e+00
3.872456375278876983e+00
7.890095130861047856e+00
-2.010103337594959072e+00
-5.613753984688187870e+00
-1.911577139160472782e+00
2.185887244704669552e+00
4.318037923742526374e+00
-2.660247223428980234e+00
