-1.682835725994869192e+00
-1.132206980790188000e+00
3.782754467817532440e+00
4.720762491640265068e+00
1.525958098501966731e+00
4.156684638939418086e+00
6.921738874463457591e+00
1.824748587900498764e+00
4.584338881516536901e+00
2.737080899920239396e+00
5.332172718206271700e-01
3.416773761602895476e+00
1.004648326678647940e+01
3.493664274318132312e-01
1.191986628109887647e+00
5.152867740164716714e+00
6.013850785200230753e+00
2.048053004318800774e+00
-1.949191417428687012e-01
-9.455978706301950698e-01
3.567379109371083601e+00
6.789426223759606138e+00
2.868724354248315844e+00
3.750011201399356064e+00
1.722201739656890052e+00
-3.387864047082009389e+00
2.867701878754540079e+00
3.151882119579167529e+00
6.214736261186206256e+00
8.615066068259194410e+00
8.282901398950690552e-01
5.530246244098291797e+00
5.194136351437378174e+00
6.377630766718255240e-01
4.333221310093961165e+00
8.093643343592068717e+00
-7.834313655113220864e-01
2.790970427691150668e+00
6.987677569118119436e+00
7.097384616857906892e+00
