2.112420771412330200e+00
5.362826216219847453e+00
1.846091571772150219e+00
-3.034012977615738293e+00
5.792000913742267887e-02
9.349674815177349885e+00
-5.967830781037959387e-01
3.851267212912118154e+00
1.368606028619042014e+00
2.281867192825247859e+00
7.094412823520800160e+00
-4.598272669379654953e-01
-3.861102037049490399e+00
-5.802142197137669655e-01
4.054048010291266824e-01
7.067077023615292219e+00
7.142908216585129644e+00
-2.133987988965785121e+00
1.664154970111318743e+00
7.876786760809885379e+00
5.458634884462295389e+00
-1.063000953539623650e+00
5.400541066495112119e+00
4.240110096342641910e+00
-9.839521387759524174e-02
3.739003522916742650e+00
4.976292604274143550e+00
-3.329661125785642550e+00
2.660497760739394923e+00
5.594953154570489140e+00
7.639850773900719538e+00
1.780584926028790704e+00
-2.071110625072710487e+00
8.845548001437132379e-01
5.209676925197646469e+00
3.933294065541910189e+00
-3.979457115238951292e+00
3.874820695079437272e+00
7.310433158551181698e-01
1.334899529318530398e+00
