1.274488704164555841e+00
9.252980836987743984e+00
5.060244025344594831e+00
2.508130590036373953e+00
1.418683152251442037e+00
-3.872637123783699842e+00
1.538739989799500218e+00
8.150020277885392517e-01
2.596746742762156224e+00
6.904654559687735116e+00
2.657183216780244273e+00
4.384348204692603446e+00
6.726724786878042650e+00
-3.668918356368132017e+00
-1.160208712512397489e-01
6.122824483828436248e-01
1.096044925500783140e-01
1.772242543049338703e+00
8.703417152984959770e+00
-7.031188107431529666e-01
-2.685925273572479899e+00
-3.473377450884037598e-01
6.891150765415919643e+00
7.885847163091113998e+00
-1.289913046160429344e+00
5.725118628815572208e+00
2.501500620375511019e+00
-7.239342390906202684e-01
-3.153008305307963832e-02
6.174469161579463794e+00
6.089659156455270228e+00
-1.343262294644191668e+00
4.949357160075117612e+00
4.760843063771973860e+00
-3.326270109933398444e+00
2.273848218134070009e+00
2.825497657900801318e+00
7.316267112459638788e+00
-5.209040241227835821e-02
-3.551478732642381342e+00
