4.093882129002964776e-01
9.434514296512578113e+00
5.477047137560290935e+00
1.269959019876330863e+00
1.095063322541240503e+00
-3.491939870371309595e+00
1.759526521625273343e+00
1.403612045007807785e+00
2.972696753854915830e+00
7.107852513154638174e+00
3.203817307079084298e+00
4.422333362868665851e+00
5.770469790094657547e+00
-4.100108807159650759e+00
8.488013866812113006e-01
9.150861718191113381e-01
4.047024760919637476e-01
2.046288260462658215e+00
8.585449379866867403e+00
-1.615263308911220275e+00
-1.967854984244805205e+00
-6.808711660342228189e-01
6.748292427135061722e+00
7.728964218668587627e+00
-1.223876732568356163e+00
6.012157092942260306e+00
2.762577374686203235e+00
-9.439625113782219579e-01
1.334447481665914370e-01
6.248039900526292101e+00
5.874607079515389962e+00
-1.267259519686212865e+00
5.106212759388385258e+00
4.530885031114510575e+00
-3.345709807372111211e+00
2.598148794453062127e+00
3.841403986323550956e+00
6.975584080074137105e+00
-1.346767173800192952e+00
-3.011376714142801614e+00
