3.220296205213862173e+00
9.410320675922462241e-01
2.641772390252906888e+00
8.651197164027506048e+00
7.040887974033305241e+00
2.322461093150555822e+00
3.184189264216253257e+00
-1.097515641387244889e+00
-2.494140231829271137e+00
-5.883945153364278369e-01
3.978382290866766979e+00
3.989704890543340543e+00
3.258528196250707332e+00
5.009577512614948880e+00
1.432921032693103280e-01
-3.600717976728296854e+00
1.585976558993289709e+00
4.086261844689250466e+00
7.555474778426535920e+00
6.847995592976035439e+00
-1.446518511050619127e+00
3.422500307514347195e+00
5.088928013647548099e+00
-2.035146290227726862e+00
2.097049054178728777e+00
3.833746999863193672e+00
7.957879385234014613e+00
-9.815671604714132359e-01
3.070123357830102595e+00
1.677039039868990722e+00
3.539432753805013654e+00
9.342420417762335560e+00
5.179451443903456687e-01
-2.464594372482995510e-01
2.143076171668348628e+00
5.788520406636975535e-01
1.979191289142180343e+00
8.541221862327816439e+00
2.019018717478733294e+00
-3.257838922012310956e+00
