7.762805391211064610e+00
1.969352981585526186e+00
1.601189734068522386e+00
2.233425133177318944e+00
1.918701443567085718e+00
2.851617085464270840e+00
4.309816983001121926e+00
5.345426063124782523e+00
1.957092650993951910e+00
-1.879273044455586295e+00
4.239153311029991045e+00
7.439423236869977529e+00
4.076846023880555947e+00
-3.689763025645928174e+00
-7.513671545096702875e-01
2.772596696588964793e-01
7.353698100452045416e+00
4.987954764441641764e+00
4.368589175673648128e+00
6.857251607215374634e+00
-1.312732272995816185e+00
-2.161561580144251593e+00
-3.090456888708198457e-01
6.135440110873375374e+00
3.199803113205134109e-01
-1.801938242646540012e+00
-6.408977525827940225e-01
8.190894462420942546e+00
-2.396073545765293300e+00
-4.697216679248711557e+00
5.638141980219427696e-01
9.265744062624567956e-01
2.651006889960790591e+00
7.544207917961820442e+00
2.552469078487515919e+00
2.881622052201438411e+00
8.233492695864235600e+00
1.942655239216618757e+00
-6.586312041518739058e+00
1.357975050000189698e+00
