7.737234996736641612e+00
3.100627109018356364e+00
1.147668400847839054e+00
2.587512555959102567e+00
2.595384253268601782e+00
3.525449299412613424e+00
5.136978794254519975e+00
4.839129632125377611e+00
2.407691617168565001e-01
-1.320163814188511919e+00
3.767960092203689992e+00
8.411430679299176205e+00
1.604026195074144123e-01
-3.998667593552317268e+00
2.161252789100921168e-01
6.750328135238149452e-01
7.570987223518843123e+00
6.999808358500472671e+00
3.904148843876109165e+00
4.670935971355456573e+00
-2.803205101290912271e+00
-6.243607051739401559e-01
-4.993146825532909783e-01
6.205318351845934721e+00
3.904023078410008285e-01
-1.321133593161017972e+00
-8.661527256980325884e-01
8.249782655268599996e+00
-3.162530607467429977e+00
-2.387075882132937199e+00
1.170069949782278629e-01
1.511797549551984199e+00
3.599713210337770253e+00
7.873970862326785891e+00
2.885026047030613938e+00
3.253021008507162914e+00
7.567530969366285554e+00
-2.399432209804410299e+00
-5.355406198771049731e+00
-1.477992505434453374e+00
