3.665064045905292556e+00
-8.462721958722057014e-01
-4.406895128422899433e+00
7.841458370968269753e-02
3.757923495010403681e+00
6.177240393393051754e+00
5.531999815331826831e+00
-6.918845150501664598e-01
-5.556593623947194693e+00
-5.822541833484859986e-01
-4.526503290979654315e-01
3.566745295863334775e+00
6.849058925624597727e+00
-1.938415106621993456e+00
-1.304638832632490697e+00
3.131027214809433357e+00
6.422522892891823432e+00
3.569263802220828286e+00
3.045171069716713586e+00
-1.312010858428017457e+00
-1.968813762016740299e+00
3.572490301585609998e-03
3.541097461997671836e+00
8.571987028554268306e+00
-2.851162625671386230e+00
-3.338756750197973577e+00
-4.623429925997429857e-01
8.401398658379167772e-01
6.614133653791104628e+00
6.980904679429835724e+00
-7.545228959302148208e-01
2.867118262564892217e-01
-6.794095004776918856e-01
1.045299944818114835e+00
8.943414293443872509e+00
3.029644563035489568e+00
-1.154588654362604938e+00
5.363846154654494214e+00
6.808949329587254518e+00
1.769973681246355568e+00
