-1.372264312339466885e+00
1.878643409746483028e+00
7.369331528664931241e+00
-4.500620415100093918e-01
4.316624931403826970e+00
5.793290243043117904e+00
6.956645396229230727e+00
2.964698764225811578e-01
1.864373776893978540e+00
5.895222670637497941e+00
9.181341439108305025e+00
3.576245530659614147e+00
-1.305123199683419610e+00
5.136972790469503947e-01
4.309072057577093773e+00
1.283035939062007191e+00
-1.014804356326410195e+00
4.695825906261633098e-01
7.771564772219012873e+00
-2.379269829770436662e+00
-8.242313375220503557e-01
7.894408225831595072e-01
3.606167017544831488e+00
7.981316022759200379e+00
-2.558534322319327092e+00
2.644363450943187921e+00
2.810004338089366893e+00
6.077558022607124855e+00
3.091459316735384988e+00
-5.950632686483331213e+00
6.731242312860488686e-02
-1.734033590890784238e+00
1.139486261395637801e+00
1.050412468622014295e+01
6.830962014358247458e+00
1.579833839595829570e+00
4.167847490036997726e+00
2.809145178384360619e+00
4.468313462772291800e+00
1.895524578676869742e+00
