3.703064804125591802e+00
4.778756144386248295e+00
3.900873182092738478e+00
2.942435950725917237e+00
-1.499643562382025230e+00
2.770339527414223402e-01
-1.878645761624401223e+00
9.041510342586215998e+00
1.412216535085268010e+00
-2.814553732773597883e+00
1.658055244037406895e-01
1.582801680782501830e+00
4.893655551269753268e+00
2.693632023184520108e+00
-3.786733184380724371e+00
5.627143531856478864e-01
1.533134163838465680e+00
7.598059936019325278e+00
6.603818295872524224e+00
1.236335646104270047e+00
2.309664752819358124e+00
2.177243435243766623e+00
5.455247339227049075e+00
5.075462463688762860e+00
-2.513933381281855617e+00
-1.267624844169099152e+00
5.644624766945395278e-01
5.943850750703355557e-01
6.357938870346072413e+00
-1.408672525136327680e+00
-2.971230577050974819e+00
-4.408193337148897939e+00
6.647920624389263011e+00
2.122691032484397500e+00
-2.979079273755108392e+00
1.961832753857514433e+00
3.560872747746830047e+00
5.134373924377106491e+00
7.330820788268584742e+00
-2.162207243896301367e+00
