-3.666703295367565452e-02
3.501365928930159077e-01
9.953767501911698901e+00
6.424735423616017904e+00
9.930256768642402587e-01
4.657936439743579626e+00
-1.556479672976628592e+00
2.758677463512285155e-03
3.716417818772825843e-01
2.168105670688745157e+00
8.547568350535621917e+00
-1.449831817484105390e+00
2.025252623997147339e+00
2.439740718456628876e+00
6.594133309460254111e+00
-1.905083407816251739e+00
-3.783717526438901135e+00
-9.782086691903149056e-01
5.660802082472116581e+00
7.464203027674781055e+00
2.569834472500834188e+00
1.691797085139684187e+00
-1.358426623139308065e+00
-4.540856132409701318e-01
8.068152266701880126e-01
4.237830599919806041e+00
5.674975077061596984e+00
-3.357312243619710035e+00
1.012999175675113106e+00
1.927580352624037818e+00
8.471729618212485491e+00
-4.814592754714474010e-01
-2.469709126543130129e+00
6.196243785782175328e-02
1.817964329861348149e+00
4.768236585061067956e+00
5.229159782594679839e+00
5.903891265798718591e-01
-1.716599303810530497e+00
5.419305571272671429e+00
