3.597286329001395888e+00
9.920309271666239326e+00
-2.005004379478738663e+00
2.199409083828334222e+00
5.333292840780333499e+00
1.015628296061169600e+01
-3.467900007839701093e+00
-5.083981243069692013e+00
1.734854526411462983e+00
4.810591549678144396e+00
6.099471350964313032e+00
6.126549568605980767e+00
-5.685111759246674890e-02
1.274629768198333624e+00
1.963013596889539247e+00
3.983879031097593781e+00
7.552029502276734974e+00
2.631661553387259822e+00
-4.671142801478968209e+00
1.121935535666840789e+00
6.344100765518057905e+00
6.517053679279358747e+00
-5.685052698914896396e+00
3.594966623915605730e+00
2.825342470937448169e+00
6.566789232608789995e+00
3.354239057864070173e+00
-2.898211588691509188e+00
4.249209010467425607e+00
5.390529489046040013e+00
2.538129960583257461e+00
4.997395323223907226e+00
7.080445637458614883e+00
-1.591983766984406357e+00
3.318371893588442312e+00
7.526228870356678868e+00
3.265002320375622880e+00
-4.403592257455383852e+00
-2.902950654189626611e-01
-4.869689343093069889e-01
