-3.009287190866231310e+00
4.032014500389193401e+00
5.427307821574550495e+00
4.060247949297121295e+00
8.072203257578075553e-01
-7.550619050259426146e-01
3.393013769625790044e+00
2.581643475164322243e+00
2.884970960718181932e+00
6.852048992702810537e+00
-1.723870980234740946e+00
7.081503563811457624e-01
1.227840065637491040e+00
5.787799691347142783e+00
6.601807756873928845e+00
-1.027735154678423246e+00
5.419305491147413001e+00
7.531926398554587898e+00
2.512341058437367991e+00
2.553158961428302121e+00
-1.513095828664748455e+00
-7.542215201593294172e-01
4.480384021762817692e-01
6.558371212757720059e+00
1.002961288135417961e+00
-3.083311517153840775e+00
2.013341519890760267e+00
6.116668531602762471e+00
4.977721860160228218e+00
1.269178607232483547e+00
-3.382612160980966731e+00
3.974905448512043193e+00
4.261707764117258712e+00
7.478630963138964027e+00
-2.231476271152576629e+00
-1.254787474154146043e+00
-5.501503583661244978e-02
1.723168872762728121e+00
1.034674517231209379e+01
7.271654958880713338e+00
