2.274186330184462701e+00
4.689704371398536686e+00
5.886668986368322365e+00
-1.285577144202345590e+00
-3.038500056886503486e+00
-1.754600319540872144e-01
4.976029424569253123e+00
7.992017748771117702e+00
-4.246381524113558292e+00
1.879584541655402896e+00
8.654527485627941386e-02
1.804633371504490214e+00
9.987828184202950155e+00
-4.094283673673007051e-01
-9.522942052627805243e-01
1.996974901909323918e+00
4.869346517732869195e+00
6.787024121585661263e+00
-6.475352348290277504e-01
-5.113263646494814907e+00
3.073665704590604619e+00
7.046642627211319621e+00
3.597390397482727931e+00
5.243889576822908793e+00
-7.845988918434115833e-01
-1.052666458830104679e+00
1.745284030388931373e-02
7.216679382943079979e+00
1.846091848270041247e+00
1.283428841910308371e+00
2.035747957259327556e+00
5.030487933398151590e+00
8.501123608533468712e+00
7.107005686444457515e-01
3.273333917645239399e+00
5.045941758320292791e+00
3.176738273881764663e+00
3.468725623825546389e+00
1.775429112680643851e+00
-2.125906972144046669e+00
