2.701163197981946151e+00
-4.638420898074092413e+00
1.470836091527941258e+00
7.164795306415300935e+00
6.429192464687223385e+00
1.895251438175684866e+00
6.133214788992415123e+00
7.908101327462778940e+00
2.422331858405094018e-01
3.561998405522503575e+00
3.715385541553988258e+00
1.075716814471141980e+00
4.355914003532590506e+00
5.653860589650377300e+00
-2.984973214390120866e+00
1.804393537135116077e+00
4.612857662358798017e-01
1.053468944325815171e+00
5.760661591324591768e+00
1.285127543770593128e+00
-3.382107982620022657e+00
1.467522271501396691e+00
3.807801868305989323e+00
5.733665938481828483e+00
-4.026242483945861039e+00
-7.640154323954220783e-02
-2.067612775153193916e-01
2.051877734536451392e+00
6.862135692410314292e+00
2.169049941066282461e+00
-3.438214919866093844e+00
-3.408830840419688202e-02
7.236108616970686747e-01
6.338322307153077872e+00
3.042873060792146145e+00
-5.349351445036605313e+00
2.944075858866423978e+00
1.884920304572871963e+00
2.102916626111007936e+00
5.789353539123566428e+00
