3.091701202225658029e+00
4.533467904765574374e+00
5.869316109230437561e+00
2.901672858333537164e+00
-5.159995115743561733e+00
-3.381168546629022664e+00
-7.489323128517672012e-01
1.102321404742475419e+00
6.597542738394802875e+00
8.902172828640875224e+00
1.717547631767043059e+00
2.062320276921365103e+00
3.798120547417684900e+00
6.647437340201056699e+00
3.110695019538959105e+00
1.747843953489688573e+00
5.276093334126610301e+00
6.728805871932639349e-01
-4.068682008448180731e+00
1.622758645768237917e+00
5.722401806757269505e+00
5.789843614756357226e+00
9.488621580175902182e-01
3.478517152414580593e+00
5.259469327378551107e+00
2.741627169445328693e-01
-3.080801329127721644e+00
5.878601047620727327e-01
1.504517008602231476e+00
3.706329991324472051e+00
7.444044276856261355e+00
5.571471363526405263e+00
2.910333906624433808e+00
5.251548539066711818e+00
2.332157029707546236e+00
-1.782693223481756073e+00
2.660703712353488459e+00
1.005517516032953651e+01
-3.484021918117462313e+00
2.463822228883351340e+00
